index	mortality	x	y	20150906 18:15:16.486	20150909 04:29:40.398	20150909 05:40:07.755	20150909 06:50:25.943	20150909 08:00:47.348	20150909 09:11:10.856	20150909 10:21:37.612	20150909 11:32:08.643	20150909 12:42:40.418	20150909 13:53:01.935	20150909 15:03:28.466	20150909 16:13:57.819	20150909 17:24:21.578	20150909 18:34:41.850	20150909 19:44:59.332	20150909 20:55:21.701	20150909 22:05:55.154	20150909 23:16:17.699	20150910 00:26:38.372	20150910 01:36:56.349	20150910 02:47:26.102	20150910 03:57:46.972	20150910 05:07:52.551	20150910 06:18:14.473	20150910 07:28:30.124	20150910 08:38:48.324	20150910 09:48:38.839	20150910 10:57:45.145	20150910 12:06:45.770	20150910 13:15:43.474	20150910 14:24:42.690	20150910 15:33:45.433	20150910 16:42:44.804	20150910 17:51:51.828	20150910 19:00:51.23	20150910 20:09:43.920	20150910 21:18:36.667	20150910 22:27:34.198	20150910 23:36:26.360	20150911 00:45:25.06	20150911 01:54:14.161	20150911 03:03:10.187	20150911 04:12:03.42	20150911 05:20:50.101	20150911 06:29:41.714	20150911 07:38:37.87	20150911 08:47:34.727	20150911 09:56:54.682	20150911 11:07:11.547	20150911 12:17:33.859	20150911 13:27:50.113	20150911 17:01:27.533	20150911 18:11:51.605	20150911 19:22:04.386	20150911 20:32:32.224	20150911 21:42:58.858	20150911 22:53:23.875	20150912 00:03:47.391	20150912 01:14:13.441	20150912 02:24:40.441	20150912 03:35:09.931	20150912 04:45:41.921
1	20150909 22:05:55.154	342.0	1000.0	0.0	129.0	91.0	164.0	150.0	172.0	138.0	140.0	131.0	110.0	115.0	138.0	120.0	154.0	89.0	143.0	234.0	169.0	159.0	115.0	167.0	100.0	216.0	209.0	166.0	180.0	130.0	135.0	160.0	118.0	127.0	144.0	90.0	132.0	159.0	138.0	112.0	169.0	140.0	184.0	123.0	160.0	180.0	219.0	138.0	217.0	152.0	135.0	150.0	141.0	185.0	168.0	192.0	155.0	115.0	173.0	209.0	193.0	286.0	336.0	421.0	312.0
2	20150912 03:35:09.931	1173.0	979.0	118.0	125.0	137.0	181.0	124.0	100.0	164.0	193.0	213.0	112.0	121.0	188.0	171.0	132.0	169.0	168.0	217.0	184.0	138.0	122.0	168.0	193.0	158.0	133.0	132.0	202.0	248.0	200.0	225.0	264.0	195.0	178.0	240.0	203.0	212.0	244.0	185.0	164.0	232.0	147.0	175.0	224.0	197.0	190.0	210.0	196.0	169.0	170.0	225.0	235.0	259.0	207.0	273.0	227.0	249.0	261.0	235.0	241.0	205.0	238.0	575.0	414.0
3	20150912 03:35:09.931	1170.0	979.0	142.0	143.0	160.0	148.0	115.0	100.0	148.0	161.0	221.0	119.0	110.0	152.0	179.0	171.0	145.0	191.0	159.0	184.0	110.0	109.0	156.0	143.0	189.0	169.0	164.0	159.0	248.0	239.0	187.0	193.0	182.0	178.0	240.0	198.0	199.0	270.0	172.0	182.0	173.0	254.0	175.0	245.0	206.0	208.0	141.0	197.0	170.0	212.0	202.0	190.0	276.0	158.0	282.0	214.0	212.0	261.0	235.0	241.0	182.0	234.0	575.0	468.0
4	20150912 03:35:09.931	1174.0	977.0	123.0	135.0	137.0	179.0	249.0	127.0	141.0	193.0	121.0	112.0	143.0	148.0	144.0	143.0	169.0	168.0	147.0	118.0	182.0	201.0	189.0	193.0	158.0	207.0	156.0	223.0	212.0	218.0	230.0	264.0	174.0	227.0	313.0	203.0	320.0	244.0	230.0	201.0	232.0	253.0	165.0	224.0	206.0	190.0	210.0	202.0	237.0	207.0	225.0	236.0	259.0	207.0	266.0	242.0	269.0	211.0	297.0	255.0	251.0	237.0	570.0	443.0
5	20150912 03:35:09.931	1172.0	977.0	123.0	144.0	153.0	179.0	197.0	130.0	119.0	193.0	135.0	95.0	156.0	150.0	171.0	132.0	169.0	168.0	195.0	184.0	182.0	151.0	168.0	136.0	189.0	185.0	191.0	202.0	248.0	148.0	225.0	145.0	178.0	182.0	313.0	203.0	205.0	244.0	168.0	201.0	232.0	165.0	168.0	224.0	177.0	190.0	210.0	185.0	230.0	183.0	225.0	173.0	293.0	207.0	273.0	273.0	249.0	261.0	238.0	255.0	222.0	234.0	575.0	468.0
6	20150912 03:35:09.931	1170.0	977.0	150.0	144.0	153.0	125.0	98.0	130.0	111.0	186.0	221.0	119.0	156.0	150.0	179.0	171.0	145.0	96.0	195.0	184.0	157.0	200.0	156.0	136.0	189.0	162.0	191.0	159.0	248.0	239.0	194.0	163.0	197.0	178.0	232.0	198.0	200.0	218.0	169.0	181.0	194.0	211.0	168.0	237.0	206.0	167.0	208.0	197.0	230.0	172.0	255.0	189.0	293.0	161.0	282.0	273.0	212.0	261.0	257.0	247.0	182.0	234.0	575.0	468.0
7	20150911 11:07:11.547	1.0	973.0	220.0	0.0	0.0	0.0	0.0	0.0	0.0	0.0	0.0	0.0	0.0	0.0	0.0	0.0	0.0	0.0	0.0	0.0	0.0	0.0	0.0	0.0	0.0	0.0	0.0	0.0	0.0	0.0	0.0	0.0	0.0	0.0	0.0	94.0	145.0	0.0	0.0	0.0	0.0	0.0	0.0	0.0	0.0	0.0	0.0	0.0	0.0	0.0	357.0	347.0	327.0	0.0	0.0	0.0	0.0	0.0	0.0	0.0	0.0	0.0	0.0	0.0
8	20150910 16:42:44.804	1180.0	971.0	115.0	135.0	172.0	218.0	162.0	154.0	157.0	127.0	180.0	138.0	186.0	149.0	175.0	217.0	161.0	125.0	204.0	165.0	149.0	127.0	134.0	163.0	213.0	209.0	222.0	227.0	233.0	249.0	250.0	193.0	240.0	254.0	320.0	332.0	305.0	303.0	262.0	246.0	337.0	291.0	246.0	289.0	327.0	294.0	288.0	310.0	389.0	334.0	298.0	362.0	391.0	329.0	375.0	350.0	319.0	318.0	394.0	431.0	450.0	389.0	468.0	374.0
9	20150912 01:14:13.441	1075.0	970.0	140.0	172.0	168.0	150.0	123.0	149.0	176.0	172.0	174.0	165.0	158.0	103.0	201.0	175.0	140.0	181.0	182.0	118.0	176.0	172.0	145.0	193.0	169.0	199.0	177.0	158.0	162.0	155.0	207.0	213.0	237.0	204.0	250.0	255.0	239.0	273.0	262.0	234.0	271.0	281.0	219.0	234.0	285.0	240.0	226.0	241.0	198.0	262.0	198.0	188.0	274.0	235.0	194.0	272.0	217.0	205.0	292.0	283.0	455.0	436.0	482.0	346.0
10	20150911 20:32:32.224	1076.0	968.0	112.0	170.0	145.0	116.0	167.0	117.0	123.0	136.0	164.0	151.0	121.0	143.0	141.0	180.0	186.0	181.0	204.0	118.0	176.0	165.0	154.0	169.0	159.0	199.0	177.0	225.0	193.0	154.0	202.0	153.0	197.0	197.0	226.0	255.0	267.0	273.0	279.0	234.0	267.0	254.0	228.0	234.0	232.0	241.0	226.0	206.0	231.0	262.0	219.0	258.0	195.0	220.0	271.0	283.0	311.0	263.0	215.0	280.0	455.0	436.0	482.0	367.0
11	20150911 08:47:34.727	1074.0	968.0	115.0	184.0	175.0	139.0	189.0	144.0	171.0	189.0	174.0	166.0	145.0	143.0	201.0	154.0	186.0	175.0	204.0	226.0	176.0	195.0	153.0	169.0	173.0	246.0	177.0	225.0	203.0	217.0	226.0	262.0	214.0	207.0	226.0	247.0	179.0	273.0	228.0	234.0	267.0	254.0	199.0	281.0	272.0	240.0	232.0	244.0	363.0	262.0	219.0	258.0	296.0	299.0	271.0	283.0	208.0	242.0	292.0	257.0	455.0	432.0	482.0	367.0
12	20150911 13:27:50.113	1076.0	966.0	112.0	170.0	152.0	87.0	167.0	121.0	158.0	136.0	164.0	151.0	162.0	181.0	141.0	154.0	186.0	175.0	204.0	178.0	225.0	165.0	154.0	169.0	272.0	181.0	193.0	225.0	240.0	192.0	193.0	153.0	218.0	202.0	275.0	250.0	267.0	256.0	279.0	263.0	267.0	239.0	261.0	277.0	243.0	241.0	242.0	216.0	231.0	281.0	219.0	258.0	299.0	254.0	295.0	283.0	311.0	263.0	214.0	297.0	485.0	456.0	467.0	367.0
13	20150911 08:47:34.727	1074.0	966.0	115.0	177.0	172.0	139.0	176.0	129.0	158.0	190.0	164.0	166.0	155.0	171.0	178.0	154.0	186.0	175.0	204.0	178.0	244.0	195.0	153.0	158.0	272.0	246.0	194.0	225.0	196.0	201.0	226.0	262.0	213.0	207.0	266.0	234.0	211.0	240.0	178.0	249.0	267.0	233.0	231.0	281.0	272.0	232.0	244.0	244.0	363.0	245.0	274.0	258.0	308.0	299.0	271.0	297.0	318.0	256.0	249.0	297.0	433.0	456.0	467.0	367.0
14	20150910 13:15:43.474	345.0	963.0	187.0	154.0	157.0	148.0	149.0	166.0	160.0	146.0	80.0	135.0	187.0	209.0	235.0	135.0	113.0	204.0	142.0	152.0	115.0	124.0	132.0	124.0	108.0	175.0	155.0	174.0	173.0	138.0	147.0	338.0	310.0	308.0	314.0	390.0	291.0	341.0	279.0	302.0	285.0	328.0	339.0	303.0	255.0	317.0	289.0	328.0	394.0	398.0	296.0	387.0	392.0	411.0	391.0	360.0	396.0	321.0	299.0	368.0	358.0	417.0	392.0	279.0
15	20150910 16:42:44.804	1079.0	963.0	146.0	146.0	174.0	109.0	118.0	153.0	145.0	128.0	198.0	163.0	172.0	185.0	146.0	156.0	148.0	151.0	199.0	144.0	135.0	186.0	140.0	149.0	189.0	182.0	206.0	201.0	240.0	182.0	210.0	233.0	211.0	196.0	326.0	287.0	227.0	256.0	223.0	237.0	288.0	367.0	264.0	292.0	261.0	323.0	286.0	207.0	326.0	221.0	244.0	244.0	274.0	289.0	325.0	261.0	281.0	246.0	268.0	348.0	442.0	423.0	439.0	370.0
16	20150910 13:15:43.474	1094.0	960.0	118.0	134.0	147.0	188.0	215.0	158.0	120.0	145.0	176.0	178.0	145.0	151.0	162.0	118.0	154.0	145.0	163.0	181.0	147.0	180.0	170.0	146.0	135.0	211.0	200.0	271.0	255.0	223.0	233.0	342.0	287.0	297.0	372.0	405.0	362.0	371.0	327.0	310.0	432.0	412.0	373.0	382.0	374.0	333.0	303.0	304.0	339.0	362.0	287.0	340.0	313.0	353.0	403.0	289.0	295.0	366.0	339.0	408.0	327.0	381.0	432.0	313.0
17	20150910 15:33:45.433	345.0	960.0	130.0	159.0	124.0	132.0	118.0	159.0	182.0	146.0	120.0	124.0	201.0	142.0	170.0	136.0	102.0	139.0	167.0	152.0	135.0	188.0	173.0	147.0	137.0	163.0	133.0	174.0	173.0	131.0	144.0	262.0	273.0	330.0	288.0	358.0	306.0	341.0	340.0	312.0	311.0	314.0	319.0	303.0	288.0	361.0	288.0	468.0	436.0	406.0	397.0	385.0	392.0	375.0	479.0	363.0	396.0	434.0	431.0	368.0	422.0	364.0	366.0	354.0
18	20150910 08:38:48.324	1092.0	960.0	115.0	140.0	141.0	177.0	136.0	124.0	120.0	144.0	177.0	178.0	145.0	162.0	162.0	232.0	94.0	206.0	169.0	182.0	147.0	180.0	170.0	190.0	237.0	211.0	184.0	271.0	255.0	280.0	288.0	262.0	287.0	297.0	372.0	390.0	275.0	325.0	327.0	310.0	350.0	402.0	373.0	335.0	361.0	333.0	276.0	304.0	339.0	287.0	287.0	340.0	308.0	353.0	403.0	289.0	286.0	311.0	329.0	349.0	322.0	369.0	396.0	279.0
19	20150910 16:42:44.804	1079.0	960.0	155.0	138.0	174.0	109.0	171.0	157.0	145.0	118.0	164.0	177.0	125.0	168.0	184.0	157.0	190.0	176.0	173.0	143.0	158.0	147.0	162.0	169.0	169.0	182.0	141.0	234.0	224.0	225.0	214.0	180.0	211.0	222.0	326.0	272.0	214.0	282.0	254.0	224.0	263.0	367.0	277.0	292.0	365.0	295.0	329.0	243.0	305.0	221.0	271.0	304.0	274.0	289.0	325.0	284.0	296.0	272.0	303.0	365.0	442.0	417.0	514.0	367.0
20	20150910 13:15:43.474	343.0	959.0	136.0	165.0	121.0	132.0	232.0	125.0	182.0	164.0	120.0	121.0	220.0	142.0	153.0	136.0	105.0	144.0	167.0	126.0	166.0	136.0	173.0	147.0	115.0	106.0	141.0	141.0	124.0	128.0	144.0	316.0	448.0	350.0	439.0	482.0	378.0	374.0	457.0	345.0	389.0	444.0	435.0	377.0	376.0	361.0	296.0	468.0	496.0	406.0	397.0	385.0	366.0	375.0	479.0	400.0	436.0	434.0	431.0	505.0	422.0	320.0	389.0	303.0
21	20150910 13:15:43.474	340.0	959.0	106.0	185.0	142.0	124.0	150.0	99.0	116.0	164.0	169.0	125.0	220.0	144.0	139.0	152.0	135.0	133.0	138.0	130.0	133.0	194.0	81.0	137.0	161.0	141.0	155.0	163.0	181.0	232.0	105.0	396.0	469.0	437.0	502.0	595.0	481.0	412.0	490.0	378.0	476.0	498.0	457.0	432.0	443.0	352.0	263.0	287.0	403.0	373.0	351.0	385.0	366.0	356.0	394.0	400.0	377.0	356.0	281.0	392.0	258.0	269.0	305.0	232.0
22	20150911 18:11:51.605	313.0	955.0	122.0	104.0	103.0	140.0	116.0	154.0	146.0	199.0	139.0	131.0	130.0	180.0	153.0	138.0	107.0	99.0	143.0	144.0	170.0	126.0	132.0	149.0	192.0	112.0	179.0	175.0	169.0	141.0	128.0	171.0	152.0	172.0	220.0	229.0	210.0	224.0	212.0	197.0	195.0	289.0	207.0	246.0	245.0	188.0	194.0	232.0	288.0	174.0	239.0	289.0	251.0	336.0	498.0	547.0	594.0	555.0	565.0	626.0	630.0	612.0	698.0	514.0
23	20150911 00:45:25.06	1081.0	959.0	155.0	148.0	165.0	107.0	185.0	130.0	151.0	117.0	208.0	137.0	141.0	194.0	137.0	131.0	171.0	176.0	173.0	169.0	143.0	114.0	148.0	160.0	182.0	176.0	178.0	175.0	183.0	157.0	214.0	171.0	203.0	184.0	251.0	257.0	202.0	270.0	254.0	224.0	252.0	339.0	277.0	262.0	327.0	295.0	329.0	243.0	299.0	197.0	258.0	290.0	266.0	274.0	339.0	284.0	296.0	272.0	303.0	257.0	414.0	395.0	514.0	367.0
24	20150910 13:15:43.474	1095.0	958.0	121.0	140.0	158.0	188.0	215.0	123.0	129.0	128.0	148.0	110.0	126.0	151.0	176.0	137.0	138.0	147.0	163.0	181.0	259.0	129.0	135.0	141.0	169.0	144.0	200.0	203.0	255.0	260.0	240.0	342.0	337.0	284.0	373.0	405.0	362.0	351.0	329.0	256.0	360.0	412.0	334.0	348.0	361.0	295.0	303.0	291.0	326.0	362.0	317.0	313.0	276.0	353.0	334.0	276.0	307.0	366.0	339.0	349.0	322.0	369.0	432.0	283.0
25	20150910 12:06:45.770	1093.0	958.0	129.0	134.0	136.0	147.0	149.0	91.0	120.0	181.0	148.0	144.0	141.0	151.0	176.0	137.0	107.0	206.0	163.0	181.0	259.0	147.0	136.0	190.0	237.0	166.0	251.0	261.0	255.0	260.0	288.0	262.0	337.0	284.0	373.0	405.0	261.0	325.0	296.0	310.0	360.0	412.0	373.0	335.0	361.0	333.0	303.0	304.0	326.0	287.0	287.0	313.0	293.0	351.0	287.0	266.0	264.0	366.0	339.0	349.0	322.0	369.0	432.0	283.0
26	20150911 04:12:03.42	1079.0	958.0	155.0	113.0	118.0	119.0	180.0	196.0	133.0	117.0	127.0	137.0	125.0	194.0	176.0	157.0	171.0	154.0	173.0	178.0	130.0	129.0	166.0	169.0	169.0	125.0	141.0	180.0	159.0	225.0	214.0	179.0	207.0	211.0	236.0	272.0	154.0	270.0	249.0	224.0	259.0	310.0	257.0	261.0	327.0	295.0	329.0	280.0	305.0	310.0	292.0	290.0	291.0	274.0	289.0	284.0	296.0	308.0	332.0	365.0	407.0	395.0	514.0	367.0
27	20150911 04:12:03.42	1081.0	957.0	155.0	148.0	112.0	114.0	160.0	130.0	116.0	175.0	220.0	99.0	125.0	194.0	141.0	177.0	156.0	186.0	128.0	178.0	143.0	129.0	166.0	126.0	182.0	142.0	178.0	197.0	160.0	251.0	188.0	147.0	199.0	189.0	251.0	208.0	197.0	299.0	215.0	224.0	236.0	301.0	245.0	261.0	327.0	295.0	329.0	229.0	238.0	197.0	258.0	303.0	266.0	274.0	258.0	319.0	282.0	308.0	258.0	280.0	414.0	395.0	514.0	367.0
28	20150910 14:24:42.690	343.0	956.0	136.0	165.0	113.0	150.0	232.0	151.0	122.0	155.0	207.0	144.0	220.0	172.0	177.0	139.0	153.0	158.0	148.0	177.0	180.0	157.0	150.0	144.0	177.0	85.0	163.0	141.0	153.0	138.0	153.0	238.0	384.0	341.0	297.0	350.0	343.0	400.0	328.0	249.0	357.0	350.0	319.0	331.0	349.0	352.0	296.0	348.0	466.0	347.0	378.0	380.0	366.0	369.0	439.0	400.0	436.0	411.0	375.0	505.0	390.0	584.0	425.0	303.0
29	20150910 13:15:43.474	340.0	956.0	149.0	170.0	113.0	115.0	158.0	116.0	206.0	199.0	207.0	195.0	220.0	144.0	184.0	141.0	153.0	133.0	169.0	177.0	137.0	194.0	150.0	109.0	150.0	125.0	132.0	141.0	174.0	116.0	153.0	300.0	447.0	393.0	451.0	380.0	338.0	412.0	440.0	320.0	412.0	407.0	359.0	280.0	349.0	352.0	279.0	348.0	399.0	373.0	378.0	359.0	366.0	369.0	414.0	346.0	327.0	350.0	336.0	392.0	292.0	284.0	305.0	271.0
30	20150909 22:05:55.154	1096.0	923.0	179.0	144.0	165.0	165.0	97.0	139.0	107.0	159.0	120.0	120.0	157.0	136.0	171.0	131.0	132.0	162.0	228.0	141.0	174.0	106.0	129.0	140.0	178.0	151.0	163.0	181.0	143.0	138.0	191.0	210.0	203.0	199.0	284.0	246.0	194.0	179.0	234.0	180.0	197.0	223.0	225.0	206.0	250.0	209.0	185.0	202.0	279.0	240.0	218.0	216.0	263.0	217.0	255.0	196.0	218.0	220.0	222.0	205.0	258.0	158.0	230.0	182.0
31	20150910 20:09:43.920	629.0	921.0	142.0	202.0	187.0	220.0	180.0	200.0	204.0	186.0	182.0	188.0	175.0	145.0	165.0	232.0	130.0	162.0	199.0	159.0	193.0	233.0	187.0	204.0	205.0	174.0	206.0	174.0	176.0	179.0	149.0	201.0	233.0	259.0	295.0	299.0	331.0	569.0	509.0	456.0	554.0	603.0	513.0	486.0	508.0	505.0	393.0	424.0	592.0	482.0	521.0	510.0	419.0	499.0	509.0	554.0	491.0	511.0	542.0	466.0	635.0	477.0	535.0	477.0
32	20150910 20:09:43.920	628.0	919.0	236.0	159.0	219.0	220.0	180.0	200.0	192.0	186.0	167.0	188.0	200.0	145.0	186.0	146.0	129.0	190.0	214.0	127.0	193.0	233.0	187.0	167.0	170.0	174.0	172.0	156.0	182.0	231.0	194.0	198.0	214.0	236.0	287.0	269.0	331.0	569.0	535.0	443.0	640.0	623.0	516.0	542.0	508.0	505.0	372.0	411.0	592.0	482.0	521.0	547.0	458.0	504.0	565.0	601.0	514.0	511.0	542.0	466.0	495.0	495.0	569.0	477.0
33	20150910 20:09:43.920	631.0	917.0	236.0	158.0	246.0	238.0	144.0	172.0	192.0	203.0	176.0	143.0	155.0	220.0	227.0	189.0	123.0	190.0	183.0	187.0	192.0	161.0	165.0	232.0	187.0	170.0	189.0	206.0	208.0	241.0	194.0	170.0	232.0	232.0	289.0	283.0	370.0	539.0	654.0	446.0	640.0	659.0	593.0	618.0	533.0	519.0	459.0	559.0	615.0	568.0	540.0	609.0	458.0	597.0	605.0	601.0	548.0	477.0	446.0	570.0	580.0	614.0	655.0	497.0
34	20150911 18:11:51.605	350.0	917.0	107.0	195.0	255.0	193.0	159.0	193.0	198.0	139.0	204.0	174.0	179.0	178.0	207.0	231.0	186.0	158.0	184.0	193.0	179.0	157.0	194.0	216.0	184.0	173.0	208.0	196.0	205.0	184.0	181.0	124.0	173.0	179.0	212.0	177.0	178.0	160.0	196.0	210.0	216.0	229.0	174.0	194.0	257.0	197.0	221.0	247.0	209.0	270.0	230.0	222.0	279.0	210.0	307.0	304.0	252.0	323.0	258.0	325.0	338.0	322.0	499.0	495.0
35	20150910 20:09:43.920	629.0	916.0	122.0	151.0	93.0	163.0	167.0	189.0	166.0	154.0	176.0	122.0	149.0	220.0	143.0	185.0	121.0	132.0	153.0	187.0	130.0	166.0	165.0	169.0	187.0	196.0	176.0	206.0	208.0	241.0	194.0	155.0	238.0	192.0	289.0	276.0	298.0	437.0	654.0	401.0	597.0	623.0	593.0	545.0	479.0	519.0	459.0	477.0	548.0	470.0	462.0	609.0	458.0	622.0	605.0	601.0	548.0	477.0	413.0	475.0	538.0	614.0	655.0	464.0
36	20150912 00:03:47.391	355.0	916.0	114.0	201.0	278.0	193.0	183.0	179.0	185.0	153.0	212.0	157.0	143.0	197.0	185.0	246.0	136.0	217.0	239.0	210.0	174.0	156.0	183.0	184.0	171.0	171.0	178.0	167.0	178.0	231.0	192.0	162.0	157.0	182.0	211.0	214.0	235.0	230.0	175.0	229.0	255.0	289.0	228.0	269.0	339.0	240.0	261.0	297.0	349.0	245.0	382.0	316.0	302.0	342.0	392.0	364.0	344.0	336.0	333.0	568.0	462.0	507.0	712.0	733.0
37	20150911 18:11:51.605	355.0	913.0	179.0	187.0	278.0	154.0	216.0	199.0	204.0	236.0	212.0	123.0	142.0	197.0	242.0	235.0	159.0	138.0	239.0	139.0	170.0	180.0	160.0	175.0	171.0	151.0	150.0	196.0	208.0	231.0	165.0	165.0	193.0	175.0	211.0	214.0	235.0	230.0	202.0	258.0	255.0	289.0	215.0	263.0	339.0	241.0	186.0	249.0	312.0	240.0	382.0	270.0	270.0	346.0	437.0	364.0	338.0	255.0	337.0	568.0	462.0	574.0	712.0	734.0
38	20150910 20:09:43.920	634.0	913.0	95.0	169.0	164.0	169.0	199.0	198.0	158.0	181.0	229.0	151.0	182.0	181.0	151.0	166.0	127.0	189.0	207.0	161.0	162.0	179.0	216.0	176.0	163.0	218.0	170.0	198.0	215.0	241.0	204.0	184.0	224.0	252.0	318.0	271.0	279.0	451.0	453.0	384.0	603.0	544.0	557.0	507.0	450.0	472.0	316.0	477.0	490.0	542.0	513.0	586.0	413.0	468.0	465.0	466.0	493.0	484.0	492.0	558.0	498.0	539.0	470.0	454.0
39	20150910 20:09:43.920	631.0	913.0	117.0	161.0	188.0	169.0	220.0	189.0	227.0	138.0	142.0	137.0	168.0	181.0	204.0	153.0	140.0	189.0	219.0	161.0	186.0	179.0	168.0	170.0	179.0	207.0	169.0	155.0	215.0	241.0	224.0	241.0	238.0	252.0	318.0	252.0	279.0	451.0	544.0	397.0	603.0	590.0	557.0	526.0	450.0	472.0	340.0	477.0	489.0	542.0	513.0	586.0	426.0	622.0	471.0	548.0	453.0	484.0	494.0	558.0	560.0	539.0	519.0	463.0
40	20150912 01:14:13.441	611.0	909.0	184.0	149.0	141.0	150.0	153.0	128.0	119.0	125.0	176.0	155.0	143.0	167.0	130.0	163.0	150.0	227.0	230.0	127.0	126.0	105.0	113.0	172.0	119.0	131.0	126.0	153.0	169.0	135.0	146.0	150.0	167.0	127.0	116.0	233.0	182.0	253.0	180.0	150.0	182.0	202.0	137.0	155.0	234.0	143.0	144.0	167.0	169.0	130.0	226.0	187.0	191.0	95.0	192.0	181.0	151.0	177.0	174.0	138.0	592.0	573.0	595.0	504.0
41	20150910 20:09:43.920	633.0	910.0	174.0	183.0	150.0	173.0	178.0	198.0	158.0	142.0	166.0	109.0	201.0	198.0	121.0	117.0	127.0	230.0	219.0	149.0	161.0	190.0	132.0	123.0	141.0	241.0	151.0	200.0	215.0	170.0	182.0	226.0	204.0	175.0	227.0	252.0	235.0	401.0	453.0	331.0	384.0	383.0	396.0	420.0	355.0	325.0	244.0	349.0	424.0	300.0	386.0	349.0	362.0	420.0	465.0	363.0	362.0	360.0	353.0	367.0	404.0	401.0	431.0	350.0
42	20150911 04:12:03.42	1168.0	896.0	140.0	136.0	158.0	168.0	166.0	129.0	155.0	143.0	221.0	178.0	129.0	149.0	198.0	149.0	246.0	160.0	276.0	180.0	171.0	131.0	148.0	172.0	208.0	157.0	162.0	164.0	168.0	179.0	177.0	209.0	230.0	174.0	202.0	190.0	171.0	191.0	208.0	235.0	126.0	99.0	195.0	160.0	242.0	203.0	271.0	277.0	309.0	313.0	331.0	341.0	311.0	283.0	313.0	236.0	233.0	255.0	251.0	209.0	262.0	219.0	240.0	249.0
43	20150910 10:57:45.145	670.0	881.0	88.0	181.0	114.0	167.0	171.0	117.0	167.0	151.0	191.0	133.0	236.0	158.0	107.0	155.0	162.0	175.0	186.0	172.0	202.0	143.0	137.0	197.0	259.0	226.0	252.0	219.0	186.0	400.0	509.0	465.0	467.0	379.0	590.0	504.0	504.0	504.0	513.0	403.0	630.0	474.0	514.0	395.0	431.0	136.0	159.0	160.0	121.0	115.0	166.0	153.0	164.0	177.0	168.0	143.0	125.0	197.0	142.0	156.0	137.0	183.0	189.0	138.0
44	20150910 10:57:45.145	672.0	881.0	174.0	181.0	149.0	176.0	171.0	186.0	153.0	151.0	191.0	142.0	236.0	160.0	180.0	165.0	140.0	153.0	197.0	199.0	202.0	135.0	168.0	197.0	259.0	156.0	252.0	219.0	200.0	400.0	509.0	465.0	467.0	379.0	590.0	577.0	504.0	504.0	513.0	403.0	630.0	474.0	514.0	413.0	431.0	151.0	147.0	174.0	121.0	121.0	166.0	153.0	164.0	171.0	174.0	119.0	144.0	184.0	149.0	156.0	137.0	183.0	189.0	138.0
45	20150910 10:57:45.145	672.0	879.0	158.0	181.0	147.0	145.0	171.0	186.0	188.0	171.0	191.0	151.0	170.0	185.0	180.0	165.0	190.0	151.0	197.0	172.0	202.0	125.0	137.0	197.0	259.0	174.0	252.0	190.0	233.0	400.0	494.0	465.0	453.0	350.0	457.0	577.0	434.0	504.0	420.0	403.0	518.0	474.0	413.0	403.0	431.0	151.0	126.0	174.0	195.0	121.0	166.0	154.0	158.0	171.0	193.0	119.0	171.0	191.0	187.0	156.0	124.0	188.0	138.0	138.0
46	20150910 10:57:45.145	670.0	879.0	117.0	181.0	147.0	179.0	199.0	143.0	188.0	151.0	191.0	125.0	170.0	137.0	119.0	87.0	190.0	151.0	165.0	172.0	202.0	143.0	137.0	197.0	259.0	179.0	252.0	116.0	211.0	400.0	494.0	465.0	453.0	345.0	457.0	465.0	434.0	504.0	420.0	403.0	468.0	474.0	413.0	395.0	431.0	121.0	159.0	160.0	149.0	151.0	166.0	80.0	158.0	94.0	193.0	133.0	116.0	197.0	187.0	156.0	114.0	165.0	115.0	138.0
47	20150910 06:18:14.473	1215.0	877.0	126.0	132.0	151.0	128.0	149.0	182.0	193.0	169.0	157.0	106.0	179.0	186.0	197.0	133.0	176.0	198.0	207.0	137.0	205.0	164.0	162.0	171.0	181.0	241.0	212.0	186.0	191.0	198.0	224.0	200.0	205.0	261.0	329.0	260.0	231.0	257.0	273.0	201.0	270.0	296.0	256.0	205.0	285.0	263.0	243.0	192.0	260.0	224.0	286.0	319.0	225.0	275.0	263.0	220.0	256.0	274.0	267.0	246.0	269.0	330.0	261.0	245.0
48	20150912 01:14:13.441	389.0	877.0	113.0	189.0	145.0	147.0	180.0	176.0	165.0	118.0	131.0	143.0	158.0	119.0	151.0	140.0	126.0	169.0	169.0	146.0	114.0	161.0	157.0	160.0	162.0	144.0	147.0	140.0	159.0	127.0	147.0	167.0	126.0	142.0	140.0	149.0	170.0	205.0	152.0	195.0	136.0	114.0	140.0	131.0	167.0	171.0	167.0	158.0	137.0	160.0	115.0	153.0	180.0	113.0	136.0	151.0	237.0	203.0	112.0	162.0	358.0	307.0	330.0	377.0
49	20150911 05:20:50.101	681.0	874.0	170.0	130.0	141.0	220.0	119.0	124.0	113.0	131.0	166.0	150.0	118.0	200.0	178.0	127.0	111.0	152.0	130.0	168.0	218.0	146.0	135.0	127.0	190.0	148.0	175.0	136.0	108.0	172.0	162.0	173.0	128.0	115.0	160.0	140.0	179.0	131.0	143.0	131.0	126.0	148.0	139.0	123.0	151.0	395.0	254.0	318.0	493.0	292.0	338.0	393.0	317.0	439.0	436.0	313.0	372.0	410.0	306.0	404.0	214.0	151.0	159.0	130.0
50	20150911 05:20:50.101	683.0	871.0	171.0	140.0	118.0	159.0	84.0	127.0	137.0	178.0	118.0	150.0	141.0	102.0	200.0	135.0	157.0	169.0	146.0	155.0	133.0	133.0	135.0	123.0	116.0	83.0	175.0	121.0	82.0	234.0	160.0	216.0	167.0	104.0	120.0	127.0	139.0	184.0	142.0	219.0	201.0	117.0	115.0	145.0	136.0	395.0	289.0	318.0	493.0	336.0	474.0	408.0	353.0	439.0	436.0	398.0	372.0	448.0	398.0	393.0	133.0	184.0	200.0	137.0
51	20150911 05:20:50.101	680.0	871.0	130.0	140.0	193.0	220.0	149.0	116.0	139.0	178.0	87.0	151.0	126.0	159.0	178.0	134.0	157.0	108.0	158.0	130.0	218.0	136.0	136.0	184.0	107.0	134.0	91.0	163.0	136.0	234.0	115.0	176.0	167.0	124.0	168.0	180.0	125.0	155.0	135.0	86.0	159.0	161.0	153.0	162.0	209.0	395.0	335.0	308.0	493.0	372.0	353.0	368.0	285.0	426.0	436.0	364.0	360.0	448.0	317.0	393.0	219.0	150.0	159.0	137.0
52	20150910 16:42:44.804	192.0	870.0	117.0	142.0	167.0	100.0	207.0	166.0	139.0	144.0	176.0	133.0	154.0	168.0	185.0	162.0	143.0	164.0	210.0	169.0	160.0	255.0	145.0	101.0	149.0	145.0	142.0	181.0	148.0	155.0	213.0	174.0	241.0	266.0	397.0	430.0	343.0	410.0	411.0	313.0	452.0	365.0	311.0	342.0	343.0	280.0	288.0	267.0	301.0	306.0	297.0	273.0	234.0	380.0	350.0	333.0	263.0	316.0	274.0	285.0	305.0	295.0	321.0	284.0
53	20150910 14:24:42.690	193.0	865.0	115.0	136.0	145.0	204.0	143.0	228.0	134.0	200.0	200.0	164.0	121.0	190.0	118.0	176.0	166.0	147.0	168.0	179.0	156.0	108.0	166.0	105.0	156.0	195.0	204.0	184.0	178.0	160.0	211.0	214.0	306.0	259.0	363.0	396.0	312.0	376.0	380.0	314.0	395.0	384.0	343.0	294.0	337.0	319.0	296.0	299.0	356.0	326.0	306.0	367.0	313.0	367.0	322.0	324.0	325.0	348.0	321.0	376.0	368.0	344.0	336.0	257.0
54	20150910 16:42:44.804	193.0	861.0	123.0	122.0	121.0	169.0	147.0	173.0	144.0	168.0	170.0	166.0	144.0	176.0	190.0	157.0	130.0	176.0	183.0	161.0	173.0	103.0	191.0	148.0	209.0	200.0	225.0	132.0	167.0	168.0	176.0	237.0	239.0	251.0	417.0	417.0	350.0	423.0	411.0	344.0	366.0	393.0	337.0	335.0	319.0	352.0	337.0	271.0	363.0	312.0	314.0	352.0	307.0	271.0	304.0	370.0	320.0	333.0	313.0	341.0	333.0	373.0	322.0	287.0
55	20150909 17:24:21.578	1374.0	850.0	46.0	177.0	129.0	120.0	138.0	120.0	152.0	143.0	170.0	130.0	158.0	169.0	223.0	149.0	136.0	136.0	135.0	173.0	127.0	145.0	111.0	139.0	177.0	158.0	157.0	190.0	144.0	125.0	172.0	216.0	205.0	152.0	173.0	247.0	199.0	213.0	238.0	200.0	218.0	229.0	165.0	203.0	258.0	197.0	210.0	195.0	237.0	162.0	173.0	227.0	264.0	227.0	263.0	163.0	228.0	244.0	207.0	280.0	244.0	236.0	312.0	191.0
56	20150909 22:05:55.154	989.0	843.0	170.0	176.0	164.0	213.0	194.0	203.0	190.0	240.0	296.0	175.0	182.0	146.0	213.0	183.0	222.0	217.0	258.0	183.0	173.0	173.0	211.0	206.0	212.0	160.0	267.0	241.0	197.0	264.0	252.0	272.0	240.0	210.0	285.0	246.0	261.0	222.0	290.0	210.0	288.0	272.0	221.0	334.0	302.0	276.0	201.0	202.0	281.0	255.0	263.0	250.0	277.0	220.0	270.0	292.0	213.0	345.0	231.0	283.0	268.0	250.0	217.0	282.0
57	20150910 15:33:45.433	353.0	833.0	116.0	166.0	141.0	165.0	175.0	131.0	161.0	201.0	196.0	176.0	166.0	139.0	149.0	168.0	114.0	205.0	138.0	218.0	163.0	195.0	141.0	167.0	168.0	177.0	205.0	243.0	187.0	214.0	215.0	224.0	245.0	314.0	497.0	412.0	464.0	415.0	447.0	325.0	334.0	445.0	410.0	416.0	375.0	397.0	301.0	365.0	389.0	354.0	376.0	348.0	388.0	366.0	365.0	376.0	380.0	336.0	286.0	421.0	421.0	336.0	327.0	325.0
58	20150910 16:42:44.804	356.0	832.0	86.0	141.0	137.0	187.0	139.0	147.0	190.0	192.0	154.0	196.0	101.0	187.0	192.0	147.0	187.0	218.0	161.0	218.0	227.0	195.0	159.0	165.0	215.0	185.0	185.0	196.0	229.0	186.0	212.0	193.0	239.0	291.0	435.0	533.0	464.0	463.0	478.0	381.0	471.0	450.0	459.0	374.0	375.0	482.0	376.0	365.0	390.0	357.0	356.0	430.0	352.0	409.0	418.0	376.0	415.0	377.0	336.0	392.0	458.0	432.0	444.0	355.0
59	20150910 16:42:44.804	360.0	830.0	133.0	136.0	141.0	197.0	167.0	160.0	171.0	144.0	156.0	190.0	135.0	180.0	154.0	177.0	156.0	193.0	175.0	196.0	153.0	150.0	184.0	171.0	270.0	169.0	190.0	221.0	236.0	196.0	189.0	188.0	279.0	262.0	442.0	500.0	376.0	440.0	377.0	318.0	411.0	427.0	444.0	375.0	385.0	340.0	315.0	425.0	451.0	363.0	391.0	346.0	309.0	383.0	471.0	356.0	386.0	386.0	317.0	408.0	409.0	356.0	395.0	295.0
60	20150910 16:42:44.804	356.0	830.0	98.0	166.0	149.0	187.0	176.0	147.0	190.0	166.0	162.0	196.0	221.0	187.0	192.0	158.0	187.0	218.0	211.0	206.0	176.0	120.0	159.0	168.0	215.0	190.0	171.0	240.0	229.0	248.0	192.0	196.0	252.0	291.0	435.0	533.0	464.0	463.0	478.0	381.0	471.0	450.0	459.0	374.0	375.0	482.0	376.0	365.0	390.0	357.0	338.0	430.0	352.0	409.0	418.0	376.0	415.0	377.0	345.0	392.0	419.0	432.0	411.0	355.0
61	20150910 16:42:44.804	353.0	830.0	174.0	153.0	159.0	148.0	164.0	174.0	171.0	166.0	196.0	157.0	116.0	155.0	171.0	168.0	124.0	206.0	180.0	155.0	176.0	125.0	141.0	168.0	190.0	187.0	205.0	208.0	203.0	188.0	199.0	183.0	232.0	229.0	374.0	499.0	464.0	415.0	476.0	332.0	400.0	445.0	367.0	416.0	375.0	397.0	301.0	365.0	389.0	357.0	343.0	430.0	343.0	366.0	365.0	376.0	380.0	328.0	335.0	392.0	300.0	263.0	321.0	278.0
62	20150910 16:42:44.804	363.0	828.0	121.0	197.0	158.0	188.0	138.0	158.0	171.0	178.0	202.0	159.0	144.0	170.0	191.0	178.0	134.0	157.0	204.0	176.0	147.0	178.0	181.0	177.0	251.0	166.0	224.0	268.0	176.0	175.0	207.0	248.0	244.0	262.0	429.0	484.0	376.0	466.0	540.0	265.0	448.0	469.0	442.0	426.0	385.0	365.0	286.0	367.0	449.0	379.0	443.0	464.0	332.0	400.0	457.0	323.0	366.0	428.0	347.0	408.0	386.0	428.0	398.0	357.0
63	20150910 16:42:44.804	358.0	829.0	98.0	166.0	168.0	187.0	167.0	138.0	169.0	137.0	126.0	196.0	221.0	180.0	192.0	117.0	187.0	193.0	211.0	206.0	175.0	155.0	136.0	177.0	215.0	190.0	190.0	240.0	236.0	248.0	198.0	218.0	255.0	267.0	435.0	481.0	338.0	435.0	478.0	320.0	391.0	435.0	459.0	369.0	378.0	328.0	294.0	362.0	413.0	363.0	323.0	413.0	352.0	370.0	471.0	363.0	370.0	377.0	345.0	372.0	409.0	331.0	395.0	355.0
64	20150910 16:42:44.804	361.0	827.0	125.0	134.0	160.0	148.0	138.0	158.0	171.0	217.0	159.0	159.0	156.0	107.0	164.0	178.0	162.0	157.0	204.0	168.0	178.0	119.0	181.0	177.0	167.0	166.0	180.0	162.0	204.0	196.0	207.0	248.0	279.0	240.0	429.0	500.0	374.0	403.0	503.0	265.0	448.0	469.0	442.0	426.0	378.0	300.0	286.0	425.0	421.0	379.0	405.0	464.0	332.0	400.0	457.0	335.0	366.0	386.0	347.0	398.0	333.0	335.0	380.0	273.0
65	20150910 13:15:43.474	784.0	798.0	145.0	134.0	152.0	115.0	192.0	186.0	115.0	116.0	121.0	150.0	188.0	158.0	177.0	162.0	111.0	154.0	147.0	167.0	148.0	196.0	187.0	140.0	126.0	168.0	155.0	139.0	130.0	113.0	133.0	321.0	417.0	376.0	430.0	519.0	395.0	490.0	431.0	290.0	452.0	469.0	371.0	431.0	357.0	129.0	117.0	128.0	128.0	135.0	137.0	153.0	151.0	95.0	130.0	129.0	133.0	149.0	162.0	176.0	132.0	107.0	163.0	109.0
66	20150910 13:15:43.474	781.0	798.0	125.0	134.0	134.0	119.0	143.0	90.0	153.0	126.0	124.0	179.0	159.0	137.0	158.0	143.0	174.0	137.0	123.0	146.0	156.0	133.0	127.0	107.0	180.0	141.0	155.0	141.0	56.0	137.0	129.0	321.0	417.0	339.0	430.0	519.0	325.0	390.0	431.0	348.0	432.0	387.0	343.0	420.0	301.0	129.0	108.0	91.0	103.0	131.0	132.0	113.0	128.0	135.0	131.0	190.0	130.0	144.0	206.0	176.0	150.0	150.0	143.0	105.0
67	20150910 13:15:43.474	783.0	796.0	145.0	135.0	119.0	114.0	148.0	187.0	153.0	143.0	151.0	106.0	158.0	158.0	122.0	162.0	108.0	169.0	123.0	167.0	142.0	116.0	187.0	169.0	106.0	148.0	155.0	135.0	162.0	137.0	133.0	324.0	417.0	376.0	405.0	519.0	395.0	490.0	431.0	290.0	452.0	469.0	371.0	420.0	357.0	131.0	132.0	235.0	169.0	136.0	137.0	120.0	157.0	94.0	134.0	190.0	130.0	188.0	162.0	148.0	154.0	111.0	163.0	84.0
68	20150910 13:15:43.474	781.0	796.0	144.0	134.0	134.0	171.0	96.0	187.0	153.0	137.0	121.0	111.0	178.0	137.0	175.0	143.0	121.0	169.0	144.0	146.0	142.0	116.0	131.0	165.0	124.0	148.0	155.0	135.0	162.0	137.0	180.0	322.0	417.0	337.0	405.0	519.0	325.0	367.0	431.0	348.0	432.0	387.0	331.0	420.0	317.0	142.0	132.0	235.0	169.0	136.0	135.0	168.0	128.0	108.0	140.0	190.0	130.0	170.0	162.0	148.0	154.0	158.0	147.0	82.0
69	20150911 17:01:27.533	513.0	796.0	133.0	244.0	156.0	195.0	176.0	213.0	167.0	201.0	182.0	182.0	171.0	170.0	214.0	183.0	151.0	163.0	191.0	196.0	130.0	151.0	174.0	195.0	206.0	207.0	124.0	165.0	224.0	166.0	190.0	198.0	184.0	144.0	250.0	188.0	156.0	165.0	162.0	181.0	179.0	207.0	138.0	142.0	280.0	215.0	181.0	229.0	197.0	252.0	221.0	226.0	287.0	632.0	584.0	519.0	463.0	460.0	466.0	469.0	540.0	566.0	588.0	438.0
70	20150911 17:01:27.533	516.0	794.0	155.0	182.0	147.0	172.0	180.0	211.0	147.0	201.0	110.0	129.0	168.0	202.0	141.0	174.0	186.0	153.0	142.0	144.0	167.0	206.0	188.0	149.0	146.0	141.0	126.0	87.0	159.0	172.0	127.0	176.0	164.0	179.0	187.0	216.0	131.0	170.0	162.0	185.0	182.0	197.0	199.0	142.0	142.0	215.0	169.0	229.0	197.0	231.0	295.0	285.0	248.0	666.0	568.0	560.0	522.0	569.0	562.0	564.0	479.0	566.0	552.0	421.0
71	20150911 17:01:27.533	512.0	793.0	139.0	192.0	144.0	175.0	162.0	163.0	155.0	226.0	136.0	182.0	155.0	191.0	195.0	152.0	171.0	124.0	189.0	141.0	161.0	170.0	147.0	164.0	143.0	154.0	128.0	109.0	224.0	162.0	128.0	150.0	138.0	168.0	219.0	158.0	123.0	191.0	194.0	164.0	179.0	180.0	166.0	134.0	233.0	192.0	162.0	153.0	167.0	212.0	258.0	226.0	229.0	499.0	584.0	393.0	467.0	458.0	458.0	399.0	537.0	440.0	507.0	438.0
72	20150910 00:26:38.372	527.0	791.0	129.0	165.0	127.0	136.0	93.0	126.0	166.0	166.0	190.0	160.0	177.0	139.0	178.0	177.0	125.0	123.0	173.0	168.0	253.0	157.0	144.0	151.0	120.0	113.0	118.0	145.0	153.0	147.0	152.0	181.0	201.0	120.0	133.0	142.0	176.0	174.0	170.0	129.0	201.0	162.0	160.0	116.0	141.0	148.0	167.0	162.0	199.0	214.0	252.0	234.0	233.0	375.0	373.0	318.0	251.0	259.0	282.0	312.0	122.0	142.0	118.0	139.0
73	20150911 17:01:27.533	524.0	792.0	171.0	134.0	113.0	183.0	166.0	143.0	166.0	166.0	178.0	134.0	152.0	184.0	189.0	161.0	160.0	153.0	240.0	161.0	146.0	157.0	144.0	125.0	170.0	157.0	131.0	128.0	185.0	163.0	142.0	123.0	179.0	140.0	142.0	208.0	176.0	198.0	128.0	160.0	158.0	148.0	177.0	188.0	188.0	207.0	171.0	206.0	216.0	191.0	203.0	227.0	198.0	412.0	378.0	334.0	291.0	303.0	265.0	329.0	122.0	178.0	149.0	205.0
74	20150911 17:01:27.533	516.0	791.0	127.0	164.0	158.0	141.0	130.0	135.0	150.0	128.0	117.0	126.0	128.0	175.0	173.0	168.0	131.0	144.0	150.0	150.0	168.0	144.0	111.0	149.0	168.0	191.0	147.0	189.0	167.0	151.0	93.0	179.0	142.0	179.0	151.0	216.0	133.0	156.0	122.0	155.0	154.0	158.0	164.0	148.0	145.0	167.0	94.0	227.0	196.0	199.0	263.0	270.0	235.0	538.0	458.0	461.0	461.0	569.0	562.0	564.0	310.0	331.0	390.0	380.0
75	20150911 17:01:27.533	525.0	790.0	139.0	165.0	127.0	173.0	138.0	153.0	166.0	166.0	216.0	134.0	177.0	139.0	164.0	313.0	126.0	104.0	175.0	168.0	146.0	157.0	144.0	160.0	105.0	157.0	131.0	137.0	152.0	171.0	156.0	131.0	179.0	132.0	150.0	123.0	176.0	196.0	170.0	162.0	175.0	138.0	145.0	188.0	141.0	186.0	167.0	206.0	216.0	191.0	252.0	227.0	229.0	417.0	352.0	337.0	253.0	303.0	282.0	329.0	122.0	137.0	145.0	139.0
76	20150911 05:20:50.101	783.0	775.0	134.0	125.0	148.0	135.0	189.0	134.0	170.0	125.0	130.0	78.0	153.0	162.0	184.0	97.0	116.0	126.0	147.0	130.0	182.0	176.0	167.0	184.0	186.0	164.0	186.0	175.0	189.0	104.0	102.0	160.0	182.0	143.0	197.0	177.0	120.0	200.0	155.0	167.0	178.0	182.0	113.0	164.0	128.0	353.0	235.0	350.0	387.0	364.0	290.0	279.0	258.0	357.0	368.0	386.0	327.0	333.0	394.0	267.0	148.0	147.0	153.0	142.0
77	20150911 05:20:50.101	781.0	773.0	134.0	115.0	177.0	147.0	179.0	143.0	170.0	86.0	150.0	93.0	116.0	162.0	133.0	120.0	166.0	129.0	91.0	132.0	182.0	150.0	167.0	101.0	157.0	164.0	186.0	164.0	189.0	97.0	177.0	147.0	123.0	126.0	177.0	134.0	158.0	203.0	167.0	130.0	161.0	134.0	116.0	116.0	149.0	353.0	235.0	291.0	387.0	255.0	259.0	297.0	296.0	357.0	333.0	386.0	327.0	307.0	253.0	267.0	139.0	174.0	134.0	139.0
78	20150911 05:20:50.101	785.0	772.0	155.0	140.0	176.0	127.0	141.0	110.0	154.0	156.0	143.0	92.0	148.0	148.0	132.0	160.0	86.0	179.0	194.0	130.0	210.0	125.0	172.0	184.0	173.0	118.0	148.0	166.0	148.0	148.0	178.0	161.0	182.0	172.0	168.0	154.0	100.0	205.0	140.0	132.0	178.0	136.0	165.0	146.0	179.0	348.0	247.0	350.0	389.0	364.0	351.0	285.0	278.0	319.0	329.0	287.0	309.0	333.0	394.0	300.0	148.0	137.0	128.0	142.0
79	20150911 05:20:50.101	785.0	770.0	155.0	140.0	176.0	127.0	143.0	127.0	154.0	154.0	147.0	92.0	166.0	116.0	145.0	107.0	86.0	180.0	195.0	130.0	210.0	151.0	152.0	101.0	173.0	111.0	127.0	166.0	79.0	148.0	178.0	147.0	62.0	172.0	168.0	154.0	90.0	205.0	127.0	172.0	131.0	150.0	111.0	146.0	179.0	348.0	261.0	350.0	290.0	288.0	351.0	285.0	278.0	275.0	328.0	287.0	309.0	325.0	366.0	300.0	169.0	192.0	208.0	141.0
80	20150910 22:27:34.198	789.0	764.0	124.0	154.0	158.0	139.0	134.0	168.0	135.0	211.0	182.0	138.0	172.0	167.0	140.0	108.0	126.0	169.0	120.0	194.0	153.0	84.0	139.0	123.0	182.0	141.0	124.0	151.0	92.0	134.0	138.0	169.0	156.0	177.0	157.0	136.0	139.0	188.0	139.0	214.0	133.0	155.0	115.0	203.0	159.0	189.0	126.0	147.0	183.0	139.0	162.0	143.0	143.0	100.0	183.0	133.0	137.0	164.0	195.0	200.0	285.0	339.0	318.0	325.0
81	20150910 21:18:36.667	787.0	762.0	114.0	142.0	158.0	139.0	171.0	231.0	133.0	211.0	174.0	150.0	187.0	169.0	165.0	131.0	101.0	169.0	223.0	170.0	153.0	113.0	139.0	124.0	164.0	117.0	140.0	155.0	194.0	115.0	125.0	187.0	152.0	121.0	165.0	171.0	100.0	201.0	244.0	214.0	114.0	155.0	165.0	169.0	169.0	182.0	184.0	184.0	137.0	126.0	162.0	151.0	141.0	160.0	209.0	155.0	187.0	223.0	181.0	163.0	285.0	338.0	318.0	260.0
82	20150910 13:15:43.474	789.0	722.0	124.0	146.0	169.0	189.0	138.0	170.0	152.0	137.0	162.0	86.0	147.0	123.0	137.0	110.0	128.0	141.0	210.0	139.0	142.0	112.0	192.0	132.0	184.0	163.0	196.0	148.0	199.0	148.0	136.0	391.0	318.0	272.0	355.0	406.0	324.0	394.0	375.0	284.0	440.0	358.0	333.0	315.0	345.0	354.0	307.0	280.0	374.0	353.0	264.0	355.0	401.0	371.0	376.0	356.0	406.0	354.0	311.0	336.0	348.0	327.0	344.0	318.0
83	20150910 13:15:43.474	792.0	717.0	197.0	154.0	117.0	174.0	125.0	169.0	164.0	215.0	205.0	147.0	111.0	147.0	100.0	104.0	104.0	103.0	151.0	121.0	135.0	105.0	111.0	184.0	114.0	112.0	174.0	170.0	107.0	141.0	170.0	214.0	283.0	239.0	321.0	303.0	228.0	292.0	260.0	281.0	325.0	271.0	295.0	239.0	226.0	245.0	211.0	254.0	253.0	266.0	213.0	209.0	195.0	271.0	236.0	272.0	290.0	256.0	286.0	207.0	228.0	217.0	289.0	222.0
84	20150911 13:27:50.113	1332.0	701.0	165.0	143.0	115.0	124.0	211.0	130.0	132.0	176.0	137.0	125.0	176.0	110.0	153.0	173.0	146.0	163.0	128.0	118.0	142.0	134.0	141.0	119.0	216.0	132.0	128.0	159.0	154.0	187.0	129.0	167.0	168.0	154.0	213.0	202.0	149.0	161.0	185.0	162.0	162.0	213.0	183.0	186.0	211.0	185.0	150.0	207.0	228.0	175.0	146.0	206.0	268.0	146.0	201.0	145.0	226.0	150.0	158.0	185.0	336.0	401.0	384.0	337.0
85	20150912 01:14:13.441	1330.0	701.0	165.0	143.0	87.0	106.0	211.0	83.0	155.0	158.0	175.0	127.0	147.0	219.0	182.0	222.0	146.0	128.0	128.0	123.0	165.0	134.0	108.0	130.0	147.0	158.0	131.0	159.0	154.0	187.0	146.0	170.0	168.0	154.0	185.0	202.0	177.0	224.0	192.0	158.0	167.0	213.0	183.0	186.0	211.0	185.0	217.0	207.0	228.0	175.0	167.0	206.0	216.0	167.0	203.0	242.0	226.0	220.0	205.0	161.0	336.0	401.0	364.0	337.0
86	20150911 13:27:50.113	1332.0	699.0	165.0	143.0	220.0	109.0	211.0	118.0	105.0	138.0	139.0	147.0	161.0	128.0	153.0	129.0	119.0	163.0	154.0	105.0	142.0	134.0	116.0	138.0	121.0	119.0	90.0	154.0	154.0	167.0	115.0	165.0	168.0	200.0	213.0	202.0	117.0	161.0	101.0	183.0	169.0	197.0	197.0	186.0	211.0	185.0	150.0	207.0	131.0	161.0	169.0	190.0	268.0	152.0	201.0	132.0	156.0	157.0	157.0	161.0	297.0	401.0	384.0	337.0
87	20150912 01:14:13.441	1330.0	698.0	165.0	143.0	220.0	139.0	158.0	151.0	126.0	194.0	175.0	147.0	100.0	158.0	148.0	222.0	162.0	123.0	138.0	133.0	171.0	134.0	109.0	138.0	194.0	146.0	160.0	154.0	123.0	118.0	156.0	165.0	168.0	134.0	209.0	202.0	136.0	132.0	192.0	183.0	169.0	147.0	135.0	186.0	171.0	185.0	142.0	207.0	169.0	167.0	167.0	162.0	148.0	182.0	148.0	183.0	161.0	194.0	181.0	137.0	273.0	387.0	364.0	336.0
88	20150910 13:15:43.474	514.0	676.0	119.0	132.0	145.0	260.0	164.0	149.0	164.0	184.0	148.0	139.0	139.0	136.0	85.0	140.0	174.0	107.0	147.0	141.0	118.0	113.0	191.0	154.0	140.0	132.0	210.0	124.0	189.0	138.0	157.0	335.0	338.0	306.0	452.0	470.0	444.0	405.0	439.0	423.0	485.0	413.0	344.0	408.0	442.0	159.0	134.0	135.0	136.0	101.0	148.0	148.0	148.0	144.0	209.0	159.0	170.0	104.0	173.0	124.0	130.0	160.0	126.0	114.0
89	20150910 13:15:43.474	514.0	674.0	165.0	112.0	109.0	260.0	129.0	125.0	164.0	127.0	167.0	148.0	104.0	136.0	128.0	154.0	174.0	88.0	170.0	150.0	192.0	136.0	191.0	125.0	137.0	132.0	166.0	190.0	179.0	175.0	154.0	298.0	338.0	366.0	467.0	470.0	444.0	412.0	439.0	423.0	485.0	413.0	361.0	381.0	442.0	155.0	134.0	169.0	136.0	96.0	148.0	157.0	179.0	144.0	209.0	174.0	170.0	167.0	108.0	124.0	145.0	119.0	128.0	116.0
90	20150910 14:24:42.690	519.0	669.0	125.0	149.0	144.0	172.0	202.0	94.0	114.0	131.0	151.0	153.0	120.0	179.0	173.0	153.0	123.0	179.0	218.0	127.0	142.0	120.0	143.0	120.0	158.0	121.0	101.0	146.0	153.0	225.0	146.0	297.0	479.0	428.0	532.0	551.0	432.0	545.0	563.0	400.0	571.0	552.0	540.0	492.0	527.0	174.0	201.0	172.0	153.0	134.0	134.0	97.0	133.0	148.0	200.0	131.0	120.0	136.0	167.0	116.0	127.0	235.0	153.0	128.0
91	20150911 05:20:50.101	535.0	652.0	153.0	160.0	124.0	197.0	120.0	117.0	111.0	160.0	144.0	141.0	134.0	149.0	144.0	117.0	162.0	169.0	141.0	160.0	150.0	106.0	136.0	132.0	116.0	138.0	210.0	103.0	136.0	197.0	135.0	124.0	107.0	146.0	174.0	198.0	130.0	205.0	113.0	94.0	152.0	140.0	134.0	163.0	139.0	460.0	362.0	426.0	603.0	467.0	504.0	500.0	435.0	602.0	590.0	446.0	417.0	540.0	499.0	466.0	141.0	200.0	110.0	167.0
92	20150911 05:20:50.101	533.0	652.0	128.0	116.0	131.0	136.0	180.0	117.0	152.0	205.0	163.0	156.0	136.0	149.0	115.0	124.0	103.0	139.0	159.0	160.0	150.0	112.0	115.0	142.0	198.0	175.0	210.0	138.0	174.0	129.0	152.0	124.0	169.0	146.0	107.0	151.0	163.0	167.0	126.0	141.0	176.0	148.0	139.0	163.0	139.0	437.0	362.0	425.0	568.0	467.0	419.0	440.0	435.0	490.0	574.0	389.0	417.0	470.0	499.0	466.0	169.0	139.0	110.0	200.0
93	20150911 05:20:50.101	538.0	652.0	122.0	87.0	143.0	197.0	188.0	161.0	191.0	107.0	134.0	121.0	89.0	191.0	161.0	118.0	162.0	134.0	161.0	130.0	133.0	139.0	136.0	133.0	163.0	151.0	143.0	124.0	208.0	120.0	135.0	160.0	140.0	125.0	250.0	198.0	211.0	205.0	130.0	159.0	143.0	125.0	134.0	140.0	95.0	492.0	311.0	426.0	515.0	412.0	504.0	500.0	387.0	602.0	590.0	409.0	440.0	540.0	415.0	437.0	228.0	200.0	167.0	144.0
94	20150911 05:20:50.101	541.0	651.0	121.0	85.0	143.0	177.0	156.0	161.0	186.0	161.0	207.0	162.0	169.0	191.0	161.0	148.0	168.0	134.0	108.0	138.0	129.0	169.0	130.0	131.0	133.0	122.0	145.0	136.0	145.0	188.0	147.0	152.0	149.0	125.0	158.0	107.0	127.0	172.0	113.0	159.0	143.0	83.0	131.0	145.0	178.0	375.0	298.0	312.0	484.0	355.0	399.0	423.0	364.0	478.0	414.0	409.0	413.0	392.0	387.0	429.0	96.0	180.0	169.0	144.0
95	20150911 05:20:50.101	543.0	648.0	115.0	133.0	134.0	125.0	109.0	132.0	142.0	135.0	182.0	119.0	178.0	246.0	139.0	118.0	128.0	136.0	147.0	114.0	100.0	113.0	175.0	151.0	113.0	136.0	121.0	175.0	131.0	112.0	156.0	174.0	112.0	74.0	138.0	127.0	92.0	144.0	148.0	172.0	173.0	146.0	122.0	108.0	196.0	359.0	330.0	305.0	442.0	341.0	352.0	337.0	296.0	361.0	332.0	307.0	370.0	350.0	369.0	362.0	147.0	165.0	107.0	98.0
96	20150911 05:20:50.101	541.0	649.0	121.0	101.0	143.0	177.0	156.0	132.0	186.0	142.0	180.0	105.0	178.0	246.0	178.0	148.0	157.0	135.0	114.0	138.0	169.0	169.0	107.0	131.0	113.0	122.0	145.0	136.0	143.0	112.0	147.0	153.0	92.0	125.0	146.0	179.0	158.0	136.0	148.0	172.0	173.0	146.0	95.0	145.0	196.0	368.0	330.0	305.0	484.0	355.0	399.0	403.0	396.0	478.0	414.0	327.0	370.0	355.0	369.0	362.0	89.0	121.0	169.0	107.0
97	20150911 05:20:50.101	538.0	649.0	157.0	144.0	143.0	177.0	188.0	154.0	186.0	142.0	142.0	121.0	191.0	221.0	174.0	130.0	139.0	216.0	143.0	138.0	169.0	139.0	111.0	107.0	163.0	135.0	145.0	115.0	143.0	161.0	106.0	182.0	160.0	139.0	250.0	105.0	158.0	158.0	109.0	124.0	168.0	141.0	95.0	145.0	139.0	492.0	451.0	460.0	444.0	386.0	455.0	500.0	396.0	538.0	478.0	438.0	444.0	450.0	358.0	437.0	188.0	181.0	120.0	167.0
98	20150911 05:20:50.101	535.0	649.0	123.0	160.0	130.0	116.0	103.0	134.0	149.0	160.0	166.0	120.0	136.0	221.0	128.0	158.0	135.0	169.0	143.0	143.0	146.0	95.0	92.0	155.0	181.0	103.0	143.0	115.0	142.0	161.0	104.0	134.0	160.0	146.0	151.0	144.0	130.0	190.0	108.0	151.0	126.0	125.0	152.0	151.0	179.0	460.0	368.0	438.0	518.0	467.0	417.0	500.0	368.0	538.0	478.0	371.0	392.0	454.0	332.0	512.0	188.0	167.0	119.0	167.0
99	20150911 05:20:50.101	533.0	649.0	128.0	115.0	131.0	107.0	114.0	132.0	130.0	162.0	166.0	170.0	134.0	172.0	174.0	161.0	114.0	184.0	166.0	125.0	130.0	138.0	134.0	155.0	181.0	104.0	115.0	116.0	118.0	88.0	152.0	134.0	136.0	146.0	120.0	144.0	141.0	190.0	126.0	151.0	176.0	148.0	152.0	151.0	179.0	456.0	362.0	425.0	518.0	467.0	354.0	432.0	342.0	490.0	397.0	371.0	392.0	454.0	329.0	396.0	96.0	142.0	98.0	200.0
100	20150909 16:13:57.819	942.0	635.0	146.0	96.0	115.0	112.0	135.0	123.0	171.0	172.0	133.0	129.0	166.0	211.0	162.0	119.0	154.0	183.0	153.0	145.0	127.0	163.0	121.0	133.0	140.0	132.0	136.0	160.0	143.0	105.0	150.0	184.0	140.0	179.0	182.0	131.0	222.0	100.0	121.0	126.0	193.0	215.0	109.0	139.0	143.0	218.0	202.0	232.0	248.0	182.0	200.0	269.0	217.0	209.0	228.0	215.0	261.0	229.0	193.0	198.0	154.0	111.0	155.0	143.0
101	20150910 16:42:44.804	4.0	626.0	169.0	0.0	0.0	0.0	0.0	0.0	0.0	0.0	0.0	0.0	0.0	0.0	0.0	0.0	0.0	0.0	0.0	0.0	0.0	0.0	0.0	0.0	0.0	0.0	0.0	0.0	0.0	0.0	0.0	0.0	0.0	0.0	299.0	436.0	395.0	0.0	0.0	0.0	0.0	0.0	0.0	0.0	0.0	0.0	0.0	0.0	0.0	291.0	362.0	370.0	326.0	0.0	0.0	355.0	0.0	0.0	0.0	0.0	0.0	0.0	0.0	0.0
102	20150910 12:06:45.770	1193.0	612.0	140.0	165.0	140.0	167.0	176.0	147.0	157.0	218.0	141.0	123.0	143.0	143.0	182.0	213.0	163.0	190.0	177.0	171.0	207.0	176.0	133.0	183.0	175.0	203.0	181.0	193.0	194.0	272.0	352.0	347.0	438.0	324.0	520.0	444.0	353.0	434.0	477.0	374.0	422.0	433.0	383.0	383.0	454.0	421.0	311.0	363.0	478.0	417.0	441.0	417.0	386.0	380.0	313.0	431.0	387.0	360.0	384.0	381.0	375.0	428.0	439.0	326.0
103	20150910 12:06:45.770	1195.0	610.0	141.0	184.0	173.0	202.0	222.0	162.0	169.0	165.0	181.0	189.0	127.0	200.0	204.0	182.0	163.0	206.0	178.0	144.0	157.0	149.0	153.0	205.0	158.0	136.0	197.0	190.0	200.0	248.0	352.0	281.0	382.0	283.0	431.0	444.0	353.0	377.0	477.0	374.0	366.0	433.0	324.0	354.0	454.0	359.0	300.0	277.0	415.0	417.0	441.0	411.0	386.0	284.0	309.0	287.0	313.0	360.0	384.0	337.0	312.0	428.0	363.0	272.0
104	20150910 12:06:45.770	1192.0	610.0	134.0	157.0	158.0	145.0	176.0	147.0	135.0	218.0	149.0	123.0	167.0	200.0	204.0	182.0	115.0	118.0	219.0	171.0	230.0	176.0	133.0	205.0	145.0	218.0	181.0	180.0	180.0	248.0	352.0	347.0	438.0	324.0	431.0	444.0	353.0	434.0	475.0	354.0	422.0	433.0	383.0	383.0	454.0	421.0	300.0	363.0	478.0	417.0	441.0	417.0	386.0	380.0	313.0	431.0	387.0	338.0	384.0	381.0	375.0	428.0	439.0	326.0
105	20150910 15:33:45.433	13.0	604.0	122.0	0.0	0.0	0.0	0.0	0.0	0.0	0.0	0.0	0.0	0.0	0.0	0.0	0.0	0.0	0.0	0.0	0.0	0.0	0.0	0.0	0.0	0.0	0.0	0.0	0.0	0.0	0.0	0.0	0.0	231.0	357.0	345.0	393.0	336.0	0.0	0.0	0.0	0.0	0.0	0.0	0.0	0.0	0.0	0.0	0.0	0.0	313.0	491.0	452.0	458.0	0.0	0.0	430.0	389.0	478.0	455.0	0.0	0.0	0.0	0.0	0.0
106	20150910 15:33:45.433	8.0	596.0	184.0	0.0	0.0	0.0	0.0	0.0	0.0	0.0	0.0	0.0	0.0	0.0	0.0	0.0	0.0	0.0	0.0	0.0	0.0	0.0	0.0	0.0	0.0	0.0	0.0	0.0	0.0	0.0	0.0	0.0	0.0	325.0	434.0	445.0	434.0	0.0	0.0	0.0	0.0	0.0	0.0	0.0	0.0	0.0	0.0	0.0	0.0	367.0	430.0	507.0	429.0	0.0	0.0	407.0	419.0	363.0	405.0	0.0	0.0	0.0	0.0	0.0
107	20150910 20:09:43.920	630.0	576.0	158.0	144.0	172.0	128.0	135.0	89.0	141.0	133.0	207.0	114.0	118.0	233.0	149.0	124.0	105.0	118.0	185.0	139.0	129.0	162.0	178.0	106.0	183.0	110.0	138.0	164.0	165.0	157.0	98.0	156.0	113.0	142.0	192.0	173.0	169.0	369.0	405.0	309.0	379.0	400.0	381.0	384.0	384.0	113.0	148.0	151.0	156.0	170.0	165.0	153.0	162.0	127.0	170.0	144.0	166.0	168.0	175.0	189.0	168.0	125.0	173.0	110.0
108	20150910 20:09:43.920	629.0	574.0	171.0	176.0	128.0	173.0	114.0	125.0	141.0	167.0	207.0	107.0	119.0	233.0	150.0	124.0	135.0	136.0	185.0	143.0	166.0	144.0	178.0	107.0	93.0	128.0	116.0	130.0	132.0	166.0	98.0	156.0	160.0	142.0	204.0	162.0	231.0	369.0	316.0	252.0	373.0	400.0	326.0	337.0	384.0	115.0	148.0	145.0	125.0	170.0	145.0	153.0	155.0	150.0	138.0	118.0	166.0	168.0	200.0	112.0	123.0	118.0	125.0	128.0
109	20150911 05:20:50.101	632.0	562.0	131.0	152.0	127.0	171.0	133.0	92.0	117.0	177.0	153.0	165.0	156.0	148.0	201.0	121.0	163.0	181.0	131.0	112.0	174.0	136.0	161.0	121.0	165.0	125.0	139.0	204.0	175.0	162.0	202.0	166.0	120.0	148.0	124.0	212.0	232.0	156.0	170.0	158.0	167.0	174.0	182.0	159.0	139.0	392.0	260.0	394.0	429.0	354.0	312.0	357.0	259.0	382.0	349.0	363.0	425.0	470.0	287.0	411.0	414.0	536.0	515.0	373.0
110	20150910 00:26:38.372	552.0	559.0	108.0	110.0	126.0	93.0	178.0	140.0	143.0	112.0	193.0	166.0	142.0	165.0	190.0	158.0	115.0	177.0	175.0	158.0	235.0	228.0	159.0	183.0	122.0	167.0	191.0	176.0	163.0	206.0	159.0	214.0	260.0	207.0	249.0	242.0	248.0	243.0	243.0	289.0	258.0	262.0	217.0	223.0	248.0	215.0	238.0	239.0	234.0	278.0	233.0	297.0	247.0	249.0	264.0	233.0	263.0	216.0	261.0	246.0	231.0	303.0	222.0	226.0
111	20150911 06:29:41.714	847.0	555.0	101.0	134.0	121.0	161.0	115.0	147.0	158.0	187.0	137.0	141.0	190.0	206.0	133.0	158.0	157.0	154.0	132.0	150.0	175.0	108.0	120.0	151.0	139.0	142.0	164.0	112.0	168.0	113.0	106.0	171.0	101.0	166.0	197.0	183.0	161.0	192.0	137.0	161.0	130.0	227.0	117.0	154.0	205.0	233.0	256.0	308.0	392.0	282.0	288.0	300.0	242.0	241.0	289.0	327.0	292.0	298.0	272.0	397.0	118.0	167.0	90.0	115.0
112	20150911 06:29:41.714	845.0	555.0	121.0	138.0	124.0	118.0	134.0	147.0	148.0	151.0	173.0	130.0	214.0	212.0	109.0	158.0	131.0	158.0	144.0	132.0	175.0	112.0	150.0	151.0	139.0	119.0	171.0	148.0	168.0	225.0	116.0	197.0	165.0	169.0	210.0	247.0	161.0	215.0	189.0	183.0	252.0	227.0	151.0	151.0	205.0	233.0	256.0	375.0	392.0	245.0	247.0	274.0	242.0	224.0	289.0	295.0	292.0	276.0	263.0	397.0	130.0	167.0	104.0	141.0
113	20150910 05:07:52.551	847.0	551.0	144.0	164.0	143.0	141.0	144.0	128.0	104.0	147.0	131.0	153.0	196.0	186.0	188.0	142.0	149.0	134.0	147.0	168.0	125.0	181.0	114.0	162.0	253.0	144.0	143.0	156.0	177.0	239.0	158.0	216.0	189.0	130.0	165.0	220.0	153.0	164.0	184.0	150.0	169.0	187.0	108.0	141.0	155.0	245.0	234.0	307.0	282.0	241.0	303.0	302.0	246.0	280.0	269.0	288.0	305.0	269.0	284.0	368.0	139.0	208.0	116.0	121.0
114	20150910 13:15:43.474	849.0	551.0	143.0	103.0	128.0	134.0	144.0	128.0	104.0	172.0	131.0	135.0	196.0	177.0	188.0	142.0	149.0	170.0	224.0	176.0	159.0	181.0	114.0	162.0	139.0	115.0	143.0	167.0	95.0	143.0	123.0	243.0	189.0	176.0	190.0	172.0	153.0	133.0	184.0	137.0	151.0	139.0	139.0	129.0	229.0	245.0	234.0	242.0	326.0	241.0	303.0	302.0	246.0	290.0	267.0	288.0	305.0	270.0	284.0	368.0	139.0	110.0	201.0	145.0
115	20150911 00:45:25.06	848.0	548.0	124.0	108.0	165.0	134.0	143.0	164.0	118.0	148.0	169.0	135.0	156.0	151.0	178.0	190.0	105.0	124.0	131.0	151.0	179.0	122.0	111.0	177.0	116.0	146.0	123.0	156.0	189.0	239.0	158.0	154.0	138.0	126.0	189.0	200.0	207.0	116.0	184.0	156.0	84.0	214.0	125.0	171.0	150.0	171.0	167.0	209.0	231.0	232.0	211.0	268.0	246.0	271.0	265.0	292.0	305.0	270.0	280.0	343.0	100.0	133.0	157.0	102.0
116	20150911 06:29:41.714	837.0	541.0	120.0	176.0	145.0	141.0	100.0	105.0	181.0	173.0	157.0	162.0	144.0	140.0	169.0	114.0	149.0	160.0	134.0	115.0	163.0	122.0	124.0	195.0	168.0	143.0	165.0	196.0	148.0	185.0	109.0	164.0	108.0	78.0	170.0	193.0	115.0	166.0	143.0	123.0	175.0	188.0	149.0	188.0	197.0	169.0	200.0	163.0	178.0	158.0	212.0	245.0	263.0	319.0	235.0	308.0	256.0	286.0	289.0	297.0	196.0	113.0	149.0	166.0
117	20150911 04:12:03.42	835.0	540.0	105.0	176.0	145.0	131.0	95.0	125.0	181.0	173.0	150.0	118.0	111.0	152.0	127.0	133.0	126.0	160.0	155.0	122.0	144.0	133.0	120.0	195.0	168.0	143.0	112.0	196.0	148.0	169.0	109.0	160.0	145.0	116.0	155.0	193.0	177.0	141.0	143.0	86.0	139.0	144.0	124.0	152.0	197.0	149.0	200.0	163.0	198.0	206.0	212.0	196.0	263.0	260.0	235.0	202.0	233.0	265.0	289.0	244.0	196.0	201.0	109.0	137.0
118	20150912 01:14:13.441	873.0	523.0	117.0	175.0	216.0	150.0	139.0	134.0	130.0	177.0	132.0	107.0	256.0	169.0	160.0	151.0	92.0	111.0	192.0	195.0	140.0	137.0	151.0	176.0	207.0	147.0	157.0	157.0	152.0	105.0	175.0	186.0	173.0	140.0	142.0	178.0	127.0	143.0	158.0	140.0	145.0	216.0	107.0	139.0	138.0	172.0	132.0	150.0	155.0	141.0	187.0	150.0	188.0	142.0	176.0	199.0	145.0	87.0	186.0	257.0	721.0	794.0	945.0	750.0
119	20150911 11:07:11.547	834.0	524.0	120.0	165.0	201.0	103.0	154.0	142.0	202.0	195.0	155.0	136.0	183.0	205.0	177.0	176.0	144.0	218.0	158.0	153.0	162.0	203.0	145.0	138.0	193.0	178.0	218.0	195.0	159.0	148.0	173.0	193.0	146.0	184.0	214.0	135.0	171.0	194.0	139.0	167.0	186.0	204.0	187.0	189.0	165.0	232.0	142.0	223.0	270.0	243.0	384.0	347.0	332.0	350.0	351.0	400.0	409.0	483.0	399.0	446.0	594.0	563.0	456.0	546.0
120	20150911 11:07:11.547	835.0	522.0	138.0	165.0	205.0	209.0	166.0	142.0	137.0	184.0	155.0	82.0	183.0	146.0	199.0	176.0	158.0	218.0	197.0	135.0	176.0	203.0	146.0	138.0	202.0	203.0	218.0	195.0	159.0	163.0	173.0	183.0	158.0	160.0	214.0	146.0	163.0	161.0	136.0	187.0	164.0	204.0	128.0	189.0	169.0	174.0	145.0	223.0	270.0	243.0	384.0	347.0	332.0	393.0	335.0	609.0	440.0	512.0	459.0	477.0	594.0	563.0	452.0	553.0
121	20150911 11:07:11.547	832.0	522.0	142.0	158.0	179.0	188.0	168.0	136.0	202.0	123.0	133.0	166.0	141.0	205.0	182.0	183.0	158.0	126.0	189.0	130.0	255.0	203.0	178.0	135.0	170.0	186.0	200.0	195.0	196.0	169.0	139.0	183.0	146.0	159.0	212.0	191.0	158.0	121.0	159.0	187.0	161.0	148.0	179.0	167.0	172.0	174.0	182.0	223.0	270.0	223.0	384.0	347.0	332.0	393.0	351.0	609.0	440.0	512.0	524.0	377.0	594.0	563.0	456.0	589.0
122	20150912 01:14:13.441	875.0	521.0	116.0	175.0	127.0	91.0	162.0	114.0	140.0	125.0	181.0	200.0	143.0	169.0	189.0	185.0	148.0	139.0	192.0	190.0	214.0	138.0	134.0	93.0	207.0	147.0	150.0	184.0	138.0	219.0	135.0	127.0	111.0	149.0	148.0	135.0	113.0	160.0	138.0	165.0	148.0	216.0	122.0	128.0	145.0	154.0	148.0	234.0	155.0	159.0	108.0	172.0	107.0	173.0	176.0	153.0	158.0	195.0	149.0	147.0	721.0	794.0	945.0	750.0
123	20150912 01:14:13.441	873.0	521.0	116.0	175.0	157.0	106.0	139.0	114.0	140.0	179.0	159.0	105.0	256.0	169.0	164.0	176.0	76.0	168.0	192.0	195.0	134.0	138.0	159.0	176.0	207.0	147.0	150.0	148.0	138.0	219.0	135.0	152.0	173.0	112.0	179.0	188.0	127.0	160.0	123.0	140.0	148.0	216.0	167.0	128.0	145.0	154.0	118.0	234.0	155.0	159.0	187.0	140.0	105.0	173.0	176.0	156.0	157.0	195.0	165.0	257.0	721.0	794.0	945.0	750.0
124	20150911 17:01:27.533	834.0	520.0	157.0	95.0	205.0	188.0	168.0	154.0	188.0	184.0	183.0	101.0	116.0	150.0	184.0	160.0	158.0	158.0	197.0	108.0	255.0	121.0	153.0	110.0	202.0	163.0	191.0	132.0	138.0	163.0	139.0	183.0	158.0	144.0	212.0	195.0	158.0	161.0	140.0	187.0	164.0	222.0	131.0	238.0	169.0	174.0	182.0	159.0	208.0	223.0	309.0	296.0	312.0	393.0	293.0	609.0	440.0	512.0	524.0	477.0	497.0	499.0	410.0	589.0
125	20150911 17:01:27.533	831.0	520.0	175.0	134.0	179.0	132.0	168.0	154.0	139.0	186.0	129.0	166.0	141.0	150.0	218.0	163.0	91.0	230.0	189.0	150.0	255.0	182.0	178.0	123.0	142.0	163.0	200.0	137.0	196.0	119.0	139.0	155.0	116.0	176.0	212.0	191.0	158.0	131.0	159.0	142.0	149.0	142.0	133.0	159.0	172.0	167.0	182.0	184.0	231.0	174.0	263.0	296.0	268.0	378.0	285.0	419.0	397.0	392.0	524.0	329.0	452.0	445.0	443.0	589.0
126	20150912 01:14:13.441	833.0	517.0	101.0	158.0	191.0	123.0	164.0	192.0	188.0	170.0	183.0	196.0	193.0	142.0	184.0	214.0	111.0	125.0	160.0	108.0	108.0	105.0	172.0	100.0	162.0	160.0	161.0	158.0	157.0	119.0	157.0	203.0	143.0	137.0	173.0	195.0	116.0	129.0	142.0	100.0	135.0	151.0	134.0	150.0	134.0	99.0	139.0	203.0	174.0	141.0	194.0	173.0	199.0	187.0	184.0	207.0	168.0	218.0	241.0	238.0	398.0	327.0	406.0	336.0
127	20150911 19:22:04.386	832.0	515.0	160.0	140.0	116.0	167.0	170.0	124.0	153.0	170.0	160.0	196.0	148.0	124.0	187.0	149.0	129.0	125.0	170.0	96.0	166.0	135.0	137.0	134.0	162.0	160.0	161.0	158.0	182.0	202.0	166.0	90.0	156.0	137.0	178.0	181.0	144.0	123.0	132.0	178.0	154.0	151.0	96.0	161.0	131.0	120.0	160.0	197.0	174.0	102.0	194.0	102.0	173.0	187.0	136.0	291.0	145.0	218.0	202.0	166.0	398.0	327.0	378.0	300.0
128	20150911 05:20:50.101	923.0	494.0	129.0	137.0	158.0	113.0	106.0	180.0	143.0	131.0	139.0	144.0	138.0	143.0	168.0	187.0	148.0	159.0	112.0	142.0	176.0	127.0	133.0	142.0	137.0	197.0	142.0	172.0	217.0	141.0	153.0	133.0	164.0	130.0	118.0	162.0	107.0	222.0	124.0	163.0	107.0	150.0	174.0	205.0	143.0	259.0	321.0	244.0	332.0	243.0	259.0	260.0	314.0	301.0	317.0	348.0	294.0	337.0	328.0	297.0	241.0	209.0	192.0	167.0
129	20150911 05:20:50.101	920.0	494.0	157.0	124.0	122.0	139.0	161.0	180.0	124.0	136.0	139.0	181.0	143.0	155.0	168.0	187.0	123.0	165.0	130.0	164.0	179.0	168.0	138.0	143.0	141.0	125.0	142.0	166.0	141.0	144.0	191.0	157.0	164.0	173.0	140.0	116.0	183.0	136.0	136.0	163.0	161.0	150.0	150.0	211.0	163.0	257.0	217.0	244.0	261.0	260.0	225.0	276.0	314.0	258.0	313.0	314.0	318.0	337.0	328.0	285.0	215.0	260.0	172.0	183.0
130	20150911 05:20:50.101	922.0	492.0	112.0	137.0	158.0	113.0	161.0	134.0	141.0	136.0	142.0	118.0	130.0	155.0	166.0	197.0	148.0	146.0	120.0	139.0	162.0	132.0	113.0	142.0	164.0	114.0	124.0	172.0	217.0	109.0	142.0	154.0	164.0	102.0	157.0	184.0	139.0	222.0	131.0	153.0	89.0	147.0	174.0	161.0	143.0	257.0	321.0	197.0	332.0	230.0	252.0	260.0	243.0	258.0	271.0	348.0	318.0	337.0	327.0	297.0	241.0	222.0	157.0	130.0
131	20150911 18:11:51.605	915.0	480.0	127.0	212.0	193.0	208.0	219.0	183.0	172.0	229.0	184.0	158.0	185.0	180.0	171.0	157.0	206.0	195.0	144.0	175.0	175.0	205.0	155.0	175.0	207.0	175.0	209.0	206.0	204.0	237.0	265.0	230.0	233.0	216.0	264.0	271.0	236.0	267.0	256.0	238.0	325.0	339.0	312.0	358.0	468.0	318.0	367.0	312.0	328.0	349.0	320.0	373.0	388.0	497.0	571.0	513.0	691.0	648.0	674.0	868.0	661.0	783.0	884.0	680.0
132	20150910 09:48:38.839	71.0	437.0	138.0	117.0	166.0	152.0	145.0	150.0	113.0	135.0	136.0	138.0	143.0	208.0	141.0	140.0	148.0	203.0	169.0	111.0	0.0	0.0	0.0	0.0	0.0	0.0	0.0	0.0	251.0	266.0	306.0	332.0	283.0	287.0	301.0	335.0	220.0	440.0	260.0	185.0	0.0	0.0	0.0	0.0	0.0	0.0	0.0	0.0	0.0	226.0	243.0	256.0	253.0	342.0	317.0	272.0	304.0	368.0	254.0	250.0	319.0	0.0	0.0	0.0
133	20150910 09:48:38.839	71.0	424.0	102.0	176.0	132.0	177.0	172.0	137.0	127.0	146.0	155.0	141.0	138.0	160.0	142.0	187.0	137.0	230.0	169.0	107.0	0.0	0.0	0.0	0.0	0.0	0.0	0.0	0.0	249.0	299.0	284.0	259.0	270.0	270.0	337.0	381.0	318.0	386.0	366.0	192.0	0.0	0.0	0.0	0.0	0.0	0.0	0.0	0.0	0.0	277.0	291.0	345.0	362.0	327.0	312.0	304.0	349.0	293.0	280.0	396.0	338.0	0.0	0.0	0.0
134	20150910 17:51:51.828	1355.0	413.0	154.0	154.0	142.0	187.0	122.0	93.0	159.0	190.0	125.0	153.0	159.0	181.0	188.0	145.0	163.0	154.0	120.0	174.0	138.0	108.0	168.0	149.0	167.0	138.0	162.0	169.0	187.0	210.0	170.0	325.0	388.0	419.0	504.0	708.0	931.0	908.0	989.0	781.0	826.0	926.0	766.0	813.0	977.0	901.0	716.0	795.0	685.0	779.0	888.0	848.0	793.0	795.0	745.0	782.0	842.0	703.0	734.0	787.0	817.0	964.0	905.0	780.0
135	20150910 17:51:51.828	1352.0	413.0	122.0	154.0	162.0	137.0	121.0	101.0	148.0	134.0	156.0	168.0	159.0	175.0	137.0	175.0	206.0	158.0	124.0	177.0	153.0	110.0	109.0	154.0	167.0	150.0	128.0	224.0	171.0	148.0	170.0	379.0	388.0	419.0	513.0	708.0	931.0	908.0	989.0	781.0	823.0	926.0	766.0	813.0	977.0	901.0	716.0	795.0	671.0	752.0	888.0	848.0	793.0	773.0	745.0	815.0	713.0	703.0	734.0	787.0	757.0	772.0	819.0	780.0
136	20150910 17:51:51.828	1354.0	410.0	120.0	158.0	170.0	114.0	182.0	186.0	159.0	190.0	144.0	176.0	165.0	200.0	161.0	145.0	162.0	154.0	136.0	146.0	153.0	142.0	142.0	123.0	182.0	163.0	145.0	242.0	187.0	148.0	144.0	325.0	388.0	341.0	375.0	635.0	931.0	898.0	844.0	781.0	821.0	749.0	766.0	745.0	874.0	841.0	659.0	795.0	647.0	749.0	884.0	848.0	781.0	694.0	736.0	782.0	685.0	684.0	755.0	783.0	817.0	772.0	905.0	780.0
137	20150910 17:51:51.828	1352.0	411.0	124.0	125.0	162.0	137.0	151.0	127.0	142.0	146.0	156.0	176.0	159.0	116.0	137.0	175.0	206.0	158.0	136.0	152.0	139.0	142.0	134.0	148.0	102.0	180.0	185.0	224.0	171.0	148.0	152.0	379.0	388.0	419.0	513.0	654.0	931.0	908.0	989.0	781.0	823.0	926.0	766.0	813.0	977.0	901.0	716.0	795.0	657.0	752.0	888.0	848.0	793.0	773.0	745.0	815.0	713.0	703.0	734.0	787.0	757.0	772.0	819.0	780.0
138	20150909 20:55:21.701	1111.0	362.0	128.0	208.0	131.0	181.0	200.0	119.0	155.0	151.0	172.0	138.0	152.0	205.0	147.0	161.0	195.0	246.0	198.0	135.0	177.0	147.0	172.0	147.0	215.0	141.0	154.0	209.0	175.0	148.0	221.0	222.0	176.0	211.0	224.0	261.0	180.0	234.0	181.0	162.0	227.0	195.0	173.0	240.0	216.0	199.0	209.0	214.0	134.0	208.0	232.0	233.0	305.0	257.0	241.0	171.0	267.0	198.0	138.0	181.0	213.0	282.0	235.0	223.0
139	20150910 19:00:51.23	996.0	362.0	151.0	227.0	200.0	252.0	250.0	222.0	214.0	165.0	212.0	184.0	204.0	217.0	249.0	212.0	169.0	185.0	272.0	168.0	206.0	198.0	196.0	191.0	200.0	184.0	248.0	234.0	234.0	210.0	251.0	203.0	228.0	217.0	344.0	370.0	411.0	640.0	552.0	479.0	570.0	522.0	478.0	454.0	470.0	450.0	427.0	411.0	514.0	525.0	499.0	538.0	471.0	494.0	602.0	451.0	543.0	494.0	476.0	448.0	513.0	510.0	512.0	412.0
140	20150910 19:00:51.23	995.0	360.0	151.0	227.0	200.0	192.0	258.0	213.0	225.0	191.0	177.0	198.0	197.0	217.0	245.0	212.0	155.0	152.0	272.0	171.0	206.0	198.0	187.0	190.0	198.0	188.0	248.0	198.0	234.0	210.0	251.0	201.0	231.0	217.0	275.0	325.0	377.0	545.0	552.0	437.0	570.0	504.0	478.0	454.0	447.0	393.0	427.0	369.0	501.0	525.0	499.0	538.0	471.0	482.0	536.0	451.0	527.0	491.0	420.0	448.0	513.0	475.0	512.0	412.0
141	20150910 19:00:51.23	1002.0	360.0	160.0	179.0	187.0	238.0	244.0	194.0	225.0	255.0	243.0	228.0	186.0	164.0	186.0	308.0	192.0	212.0	277.0	242.0	211.0	265.0	178.0	246.0	186.0	203.0	238.0	184.0	243.0	283.0	258.0	283.0	292.0	299.0	371.0	340.0	514.0	652.0	568.0	505.0	670.0	641.0	607.0	642.0	565.0	544.0	505.0	503.0	594.0	490.0	586.0	564.0	492.0	608.0	629.0	572.0	495.0	530.0	504.0	614.0	545.0	529.0	601.0	445.0
142	20150910 17:51:51.828	1000.0	361.0	149.0	190.0	245.0	240.0	219.0	200.0	225.0	188.0	226.0	175.0	284.0	234.0	186.0	228.0	180.0	212.0	272.0	178.0	211.0	196.0	227.0	139.0	217.0	210.0	238.0	240.0	243.0	283.0	274.0	283.0	289.0	299.0	298.0	437.0	467.0	625.0	605.0	505.0	587.0	641.0	599.0	574.0	565.0	492.0	505.0	503.0	578.0	537.0	586.0	547.0	522.0	608.0	629.0	580.0	557.0	530.0	504.0	614.0	545.0	550.0	601.0	445.0
143	20150910 19:00:51.23	1006.0	359.0	180.0	184.0	222.0	201.0	248.0	256.0	178.0	183.0	257.0	171.0	188.0	204.0	181.0	192.0	179.0	262.0	225.0	151.0	188.0	228.0	168.0	200.0	220.0	238.0	238.0	234.0	220.0	190.0	284.0	239.0	275.0	259.0	245.0	344.0	501.0	626.0	516.0	525.0	632.0	568.0	482.0	447.0	461.0	494.0	439.0	422.0	556.0	497.0	479.0	573.0	413.0	509.0	481.0	503.0	441.0	496.0	565.0	510.0	486.0	547.0	486.0	464.0
144	20150910 17:51:51.828	1000.0	359.0	160.0	210.0	207.0	240.0	231.0	200.0	225.0	202.0	226.0	228.0	247.0	234.0	186.0	173.0	172.0	212.0	277.0	178.0	195.0	196.0	189.0	147.0	231.0	167.0	238.0	189.0	243.0	210.0	274.0	264.0	289.0	299.0	298.0	437.0	467.0	625.0	605.0	505.0	587.0	641.0	599.0	574.0	565.0	492.0	505.0	503.0	578.0	537.0	586.0	547.0	522.0	608.0	629.0	580.0	557.0	530.0	504.0	614.0	545.0	529.0	601.0	408.0
145	20150910 19:00:51.23	1008.0	358.0	177.0	193.0	172.0	201.0	279.0	230.0	205.0	174.0	219.0	203.0	223.0	160.0	188.0	172.0	146.0	262.0	240.0	169.0	191.0	228.0	158.0	175.0	202.0	213.0	227.0	220.0	231.0	190.0	257.0	203.0	275.0	168.0	230.0	344.0	398.0	514.0	492.0	331.0	467.0	533.0	424.0	411.0	418.0	494.0	351.0	422.0	556.0	361.0	383.0	464.0	378.0	464.0	414.0	419.0	441.0	347.0	404.0	378.0	382.0	453.0	395.0	376.0
146	20150910 19:00:51.23	1002.0	358.0	160.0	210.0	205.0	238.0	231.0	194.0	210.0	199.0	243.0	228.0	171.0	188.0	186.0	200.0	192.0	212.0	277.0	207.0	169.0	265.0	169.0	219.0	207.0	161.0	238.0	189.0	241.0	260.0	258.0	204.0	292.0	299.0	318.0	340.0	450.0	557.0	534.0	505.0	670.0	641.0	607.0	500.0	518.0	492.0	505.0	503.0	594.0	476.0	586.0	537.0	492.0	562.0	602.0	572.0	495.0	530.0	451.0	614.0	504.0	529.0	601.0	417.0
147	20150910 19:00:51.23	1005.0	357.0	180.0	198.0	205.0	201.0	217.0	216.0	204.0	185.0	257.0	182.0	180.0	169.0	153.0	172.0	146.0	189.0	248.0	198.0	188.0	265.0	168.0	219.0	182.0	206.0	227.0	154.0	174.0	186.0	257.0	204.0	248.0	259.0	229.0	319.0	450.0	567.0	520.0	525.0	567.0	558.0	482.0	456.0	383.0	494.0	439.0	422.0	556.0	457.0	474.0	573.0	373.0	522.0	492.0	572.0	376.0	462.0	565.0	429.0	486.0	547.0	554.0	464.0
148	20150910 07:28:30.124	391.0	354.0	130.0	154.0	162.0	126.0	195.0	107.0	175.0	116.0	221.0	183.0	172.0	221.0	186.0	165.0	164.0	176.0	176.0	150.0	165.0	156.0	148.0	216.0	188.0	221.0	258.0	181.0	214.0	139.0	246.0	203.0	277.0	191.0	311.0	263.0	221.0	244.0	344.0	220.0	226.0	238.0	178.0	230.0	261.0	235.0	196.0	198.0	333.0	193.0	243.0	218.0	244.0	283.0	284.0	207.0	204.0	314.0	228.0	202.0	231.0	235.0	265.0	198.0
149	20150910 10:57:45.145	401.0	348.0	115.0	195.0	188.0	141.0	145.0	115.0	166.0	175.0	149.0	159.0	119.0	145.0	165.0	154.0	157.0	183.0	137.0	151.0	151.0	187.0	173.0	187.0	210.0	193.0	210.0	180.0	215.0	258.0	291.0	246.0	261.0	236.0	246.0	309.0	231.0	254.0	244.0	205.0	309.0	264.0	266.0	225.0	179.0	210.0	237.0	196.0	260.0	212.0	250.0	274.0	346.0	211.0	255.0	299.0	274.0	234.0	288.0	226.0	308.0	288.0	336.0	210.0
150	20150910 06:18:14.473	1038.0	324.0	141.0	111.0	144.0	187.0	161.0	168.0	137.0	148.0	165.0	194.0	183.0	213.0	234.0	155.0	201.0	202.0	258.0	186.0	179.0	160.0	171.0	135.0	152.0	269.0	133.0	136.0	188.0	218.0	132.0	170.0	197.0	204.0	236.0	173.0	178.0	216.0	182.0	140.0	200.0	183.0	155.0	230.0	196.0	181.0	173.0	185.0	234.0	215.0	205.0	255.0	261.0	325.0	339.0	347.0	413.0	322.0	296.0	359.0	303.0	364.0	399.0	377.0
151	20150911 05:20:50.101	1035.0	324.0	136.0	112.0	138.0	126.0	161.0	158.0	167.0	169.0	183.0	183.0	189.0	181.0	187.0	187.0	170.0	217.0	258.0	152.0	179.0	157.0	143.0	183.0	225.0	269.0	140.0	136.0	170.0	107.0	122.0	129.0	160.0	157.0	222.0	161.0	144.0	203.0	182.0	150.0	177.0	228.0	127.0	230.0	191.0	287.0	170.0	185.0	234.0	221.0	214.0	306.0	269.0	325.0	345.0	347.0	413.0	322.0	264.0	316.0	320.0	364.0	399.0	377.0
152	20150911 12:17:33.859	1037.0	322.0	153.0	117.0	144.0	190.0	160.0	96.0	137.0	148.0	132.0	190.0	189.0	152.0	140.0	174.0	112.0	202.0	180.0	166.0	184.0	160.0	100.0	164.0	225.0	170.0	215.0	143.0	207.0	177.0	122.0	164.0	140.0	204.0	236.0	173.0	178.0	203.0	171.0	163.0	177.0	141.0	165.0	129.0	196.0	207.0	224.0	185.0	234.0	215.0	187.0	306.0	260.0	325.0	287.0	347.0	413.0	322.0	266.0	359.0	285.0	367.0	399.0	377.0
153	20150911 12:17:33.859	1035.0	322.0	153.0	144.0	138.0	146.0	160.0	129.0	105.0	148.0	106.0	190.0	189.0	162.0	207.0	174.0	172.0	178.0	180.0	142.0	179.0	155.0	96.0	183.0	225.0	153.0	135.0	143.0	165.0	177.0	122.0	164.0	156.0	157.0	222.0	119.0	144.0	203.0	171.0	126.0	177.0	138.0	145.0	129.0	181.0	215.0	224.0	185.0	234.0	215.0	199.0	306.0	269.0	325.0	287.0	347.0	413.0	322.0	264.0	288.0	320.0	367.0	399.0	377.0
154	20150911 13:27:50.113	894.0	317.0	127.0	107.0	94.0	123.0	177.0	149.0	211.0	126.0	151.0	150.0	179.0	172.0	177.0	214.0	105.0	108.0	196.0	106.0	149.0	114.0	160.0	143.0	131.0	123.0	116.0	140.0	139.0	187.0	119.0	207.0	159.0	141.0	164.0	128.0	123.0	216.0	175.0	139.0	128.0	146.0	116.0	158.0	133.0	151.0	124.0	226.0	157.0	122.0	132.0	191.0	331.0	364.0	217.0	212.0	166.0	159.0	173.0	205.0	214.0	154.0	224.0	126.0
155	20150911 00:45:25.06	1235.0	246.0	192.0	184.0	159.0	187.0	170.0	145.0	166.0	222.0	156.0	186.0	158.0	164.0	244.0	177.0	155.0	202.0	172.0	155.0	196.0	168.0	154.0	171.0	180.0	210.0	161.0	191.0	220.0	254.0	250.0	282.0	246.0	263.0	347.0	344.0	331.0	317.0	322.0	277.0	342.0	415.0	312.0	376.0	357.0	366.0	352.0	457.0	461.0	505.0	489.0	579.0	481.0	542.0	678.0	608.0	580.0	490.0	456.0	338.0	309.0	267.0	343.0	217.0
156	20150910 20:09:43.920	1220.0	242.0	149.0	203.0	98.0	190.0	181.0	200.0	125.0	233.0	151.0	172.0	188.0	126.0	242.0	127.0	147.0	204.0	183.0	171.0	133.0	189.0	125.0	142.0	148.0	182.0	123.0	180.0	156.0	115.0	156.0	254.0	367.0	371.0	426.0	375.0	335.0	509.0	358.0	305.0	382.0	462.0	437.0	476.0	456.0	502.0	431.0	541.0	778.0	658.0	706.0	693.0	534.0	682.0	654.0	586.0	498.0	528.0	443.0	451.0	229.0	114.0	165.0	164.0
157	20150911 07:38:37.87	1232.0	244.0	129.0	197.0	185.0	187.0	136.0	189.0	224.0	152.0	152.0	173.0	200.0	143.0	235.0	161.0	160.0	147.0	189.0	187.0	196.0	155.0	129.0	168.0	176.0	154.0	175.0	252.0	163.0	171.0	193.0	282.0	243.0	255.0	282.0	344.0	331.0	269.0	314.0	319.0	323.0	366.0	338.0	336.0	337.0	315.0	358.0	428.0	417.0	505.0	476.0	620.0	468.0	634.0	678.0	552.0	580.0	490.0	433.0	420.0	173.0	214.0	176.0	179.0
158	20150910 16:42:44.804	1223.0	243.0	131.0	203.0	130.0	96.0	148.0	163.0	98.0	233.0	225.0	105.0	208.0	190.0	221.0	149.0	159.0	176.0	176.0	139.0	169.0	171.0	209.0	218.0	166.0	138.0	149.0	144.0	165.0	179.0	108.0	231.0	310.0	360.0	426.0	347.0	347.0	329.0	335.0	342.0	384.0	380.0	437.0	476.0	443.0	492.0	467.0	541.0	738.0	658.0	669.0	627.0	608.0	700.0	599.0	547.0	516.0	515.0	494.0	451.0	148.0	144.0	108.0	164.0
159	20150910 17:51:51.828	1238.0	240.0	169.0	166.0	155.0	141.0	164.0	147.0	165.0	264.0	169.0	195.0	160.0	232.0	161.0	145.0	149.0	147.0	205.0	168.0	125.0	169.0	199.0	194.0	108.0	180.0	188.0	218.0	220.0	209.0	204.0	247.0	315.0	238.0	263.0	349.0	263.0	380.0	340.0	298.0	411.0	378.0	357.0	383.0	352.0	349.0	416.0	438.0	527.0	460.0	500.0	517.0	445.0	535.0	581.0	476.0	478.0	488.0	486.0	431.0	300.0	360.0	414.0	284.0
160	20150910 16:42:44.804	1001.0	239.0	142.0	188.0	203.0	166.0	218.0	265.0	197.0	178.0	197.0	193.0	153.0	174.0	201.0	198.0	165.0	206.0	187.0	140.0	200.0	185.0	205.0	171.0	208.0	194.0	203.0	193.0	265.0	245.0	229.0	236.0	317.0	348.0	566.0	560.0	508.0	612.0	628.0	522.0	621.0	613.0	562.0	510.0	521.0	569.0	456.0	542.0	587.0	494.0	576.0	533.0	558.0	638.0	733.0	556.0	550.0	513.0	516.0	567.0	614.0	528.0	590.0	492.0
161	20150910 14:24:42.690	996.0	242.0	122.0	134.0	188.0	181.0	142.0	189.0	174.0	212.0	170.0	199.0	163.0	191.0	227.0	172.0	173.0	160.0	200.0	156.0	150.0	164.0	193.0	230.0	196.0	234.0	172.0	161.0	197.0	213.0	236.0	216.0	346.0	397.0	432.0	442.0	356.0	374.0	441.0	378.0	465.0	465.0	387.0	358.0	361.0	426.0	397.0	340.0	383.0	405.0	323.0	397.0	477.0	452.0	419.0	386.0	392.0	424.0	479.0	485.0	363.0	452.0	441.0	342.0
162	20150910 14:24:42.690	1240.0	240.0	90.0	153.0	206.0	141.0	200.0	140.0	200.0	264.0	169.0	176.0	160.0	150.0	185.0	139.0	139.0	140.0	205.0	143.0	140.0	169.0	185.0	151.0	145.0	180.0	188.0	221.0	220.0	208.0	204.0	270.0	321.0	225.0	263.0	349.0	276.0	318.0	340.0	299.0	386.0	378.0	357.0	383.0	352.0	347.0	353.0	416.0	527.0	460.0	500.0	517.0	445.0	529.0	521.0	476.0	478.0	488.0	486.0	431.0	337.0	360.0	414.0	306.0
163	20150911 08:47:34.727	1223.0	233.0	96.0	182.0	165.0	135.0	185.0	189.0	127.0	191.0	171.0	139.0	169.0	161.0	172.0	168.0	139.0	128.0	166.0	135.0	158.0	143.0	131.0	102.0	145.0	153.0	169.0	98.0	169.0	136.0	140.0	209.0	233.0	238.0	294.0	296.0	245.0	276.0	334.0	220.0	352.0	325.0	285.0	289.0	317.0	317.0	300.0	355.0	449.0	465.0	568.0	578.0	532.0	656.0	679.0	603.0	556.0	608.0	528.0	397.0	122.0	140.0	145.0	168.0
164	20150910 15:33:45.433	1210.0	230.0	145.0	156.0	119.0	166.0	223.0	164.0	187.0	151.0	117.0	166.0	141.0	171.0	222.0	146.0	147.0	122.0	155.0	121.0	229.0	104.0	160.0	153.0	179.0	166.0	170.0	144.0	190.0	148.0	141.0	286.0	346.0	387.0	350.0	364.0	323.0	307.0	334.0	290.0	391.0	421.0	326.0	381.0	384.0	486.0	410.0	494.0	567.0	422.0	498.0	552.0	459.0	546.0	597.0	484.0	507.0	491.0	500.0	538.0	140.0	123.0	148.0	125.0
165	20150911 08:47:34.727	1225.0	231.0	115.0	160.0	179.0	133.0	163.0	176.0	179.0	195.0	141.0	176.0	147.0	188.0	161.0	168.0	100.0	166.0	168.0	147.0	158.0	143.0	125.0	121.0	152.0	123.0	169.0	176.0	181.0	155.0	166.0	173.0	280.0	255.0	216.0	244.0	249.0	263.0	289.0	262.0	248.0	238.0	285.0	308.0	237.0	306.0	251.0	321.0	449.0	388.0	461.0	549.0	436.0	664.0	670.0	517.0	655.0	525.0	528.0	397.0	176.0	165.0	153.0	168.0
166	20150911 04:12:03.42	1215.0	230.0	162.0	212.0	255.0	150.0	163.0	224.0	166.0	163.0	239.0	167.0	134.0	138.0	160.0	110.0	135.0	157.0	145.0	147.0	144.0	167.0	127.0	150.0	175.0	156.0	149.0	170.0	196.0	119.0	195.0	285.0	244.0	262.0	344.0	318.0	292.0	290.0	324.0	262.0	356.0	318.0	312.0	363.0	429.0	494.0	460.0	509.0	738.0	535.0	512.0	569.0	454.0	529.0	542.0	502.0	494.0	417.0	424.0	466.0	92.0	154.0	126.0	130.0
167	20150911 08:47:34.727	1223.0	230.0	125.0	160.0	179.0	162.0	169.0	189.0	129.0	195.0	141.0	176.0	146.0	163.0	161.0	168.0	119.0	157.0	150.0	152.0	164.0	160.0	125.0	120.0	130.0	139.0	169.0	150.0	128.0	187.0	132.0	209.0	347.0	256.0	294.0	291.0	249.0	252.0	334.0	201.0	267.0	257.0	266.0	308.0	294.0	274.0	333.0	331.0	443.0	442.0	568.0	549.0	439.0	664.0	664.0	603.0	655.0	551.0	460.0	397.0	146.0	165.0	189.0	169.0
168	20150910 17:51:51.828	1234.0	224.0	162.0	195.0	195.0	185.0	154.0	187.0	156.0	118.0	169.0	174.0	154.0	153.0	171.0	148.0	129.0	175.0	242.0	222.0	261.0	176.0	129.0	152.0	138.0	161.0	131.0	176.0	194.0	160.0	252.0	239.0	261.0	230.0	289.0	305.0	324.0	275.0	283.0	297.0	310.0	383.0	303.0	313.0	300.0	320.0	330.0	406.0	369.0	333.0	408.0	380.0	359.0	386.0	439.0	409.0	486.0	448.0	427.0	452.0	231.0	276.0	225.0	231.0
169	20150910 13:15:43.474	1196.0	227.0	181.0	161.0	83.0	125.0	149.0	149.0	144.0	110.0	125.0	126.0	121.0	158.0	144.0	135.0	86.0	168.0	97.0	166.0	217.0	156.0	125.0	124.0	132.0	134.0	175.0	146.0	137.0	199.0	151.0	381.0	312.0	278.0	343.0	302.0	292.0	231.0	337.0	284.0	322.0	374.0	430.0	326.0	295.0	325.0	312.0	335.0	408.0	366.0	392.0	400.0	370.0	396.0	591.0	355.0	396.0	351.0	369.0	427.0	105.0	166.0	163.0	147.0
170	20150911 04:12:03.42	1196.0	224.0	162.0	161.0	121.0	81.0	118.0	131.0	151.0	202.0	165.0	134.0	131.0	239.0	103.0	148.0	127.0	168.0	198.0	166.0	98.0	132.0	125.0	151.0	133.0	151.0	156.0	154.0	143.0	121.0	121.0	196.0	188.0	209.0	193.0	191.0	201.0	231.0	258.0	243.0	208.0	240.0	235.0	212.0	278.0	306.0	266.0	321.0	406.0	278.0	390.0	400.0	317.0	330.0	455.0	355.0	396.0	322.0	362.0	311.0	141.0	113.0	197.0	114.0
171	20150912 01:14:13.441	1250.0	218.0	141.0	159.0	159.0	141.0	157.0	183.0	159.0	169.0	204.0	166.0	144.0	138.0	136.0	205.0	103.0	104.0	128.0	138.0	175.0	154.0	166.0	182.0	162.0	197.0	124.0	132.0	121.0	143.0	132.0	136.0	175.0	153.0	170.0	119.0	147.0	161.0	158.0	162.0	174.0	188.0	134.0	244.0	125.0	161.0	192.0	188.0	124.0	170.0	240.0	177.0	181.0	150.0	159.0	185.0	237.0	243.0	206.0	248.0	360.0	459.0	460.0	430.0
172	20150912 01:14:13.441	1252.0	214.0	108.0	152.0	97.0	121.0	231.0	189.0	137.0	117.0	127.0	127.0	171.0	128.0	206.0	139.0	116.0	165.0	161.0	182.0	209.0	136.0	128.0	116.0	124.0	123.0	114.0	147.0	120.0	155.0	135.0	149.0	103.0	136.0	125.0	172.0	174.0	158.0	159.0	148.0	177.0	173.0	143.0	120.0	207.0	148.0	131.0	197.0	128.0	112.0	180.0	233.0	147.0	178.0	125.0	137.0	147.0	181.0	205.0	165.0	445.0	453.0	516.0	407.0
173	20150912 01:14:13.441	1272.0	213.0	198.0	137.0	142.0	187.0	150.0	145.0	128.0	153.0	125.0	125.0	154.0	92.0	209.0	203.0	143.0	199.0	179.0	127.0	196.0	169.0	137.0	165.0	182.0	162.0	106.0	132.0	157.0	192.0	204.0	189.0	158.0	118.0	137.0	163.0	109.0	142.0	138.0	164.0	200.0	164.0	146.0	126.0	153.0	172.0	144.0	106.0	99.0	108.0	176.0	128.0	144.0	170.0	125.0	140.0	134.0	194.0	190.0	94.0	475.0	568.0	797.0	539.0
174	20150912 01:14:13.441	1269.0	212.0	161.0	202.0	142.0	154.0	151.0	112.0	121.0	170.0	120.0	167.0	154.0	117.0	209.0	176.0	123.0	140.0	179.0	164.0	173.0	113.0	169.0	146.0	155.0	162.0	104.0	90.0	146.0	114.0	157.0	191.0	140.0	136.0	122.0	147.0	85.0	144.0	121.0	162.0	251.0	84.0	212.0	121.0	121.0	151.0	131.0	155.0	102.0	120.0	191.0	177.0	190.0	140.0	155.0	151.0	178.0	194.0	216.0	206.0	453.0	517.0	634.0	527.0
175	20150912 01:14:13.441	1275.0	211.0	136.0	149.0	130.0	225.0	227.0	175.0	146.0	146.0	204.0	126.0	134.0	193.0	274.0	161.0	103.0	202.0	215.0	112.0	156.0	157.0	137.0	164.0	182.0	135.0	182.0	154.0	209.0	167.0	157.0	211.0	147.0	144.0	121.0	163.0	148.0	209.0	139.0	119.0	191.0	152.0	134.0	138.0	174.0	184.0	144.0	158.0	135.0	130.0	189.0	182.0	145.0	170.0	116.0	173.0	197.0	195.0	190.0	144.0	460.0	579.0	797.0	581.0
176	20150912 01:14:13.441	1269.0	210.0	159.0	132.0	130.0	154.0	151.0	125.0	154.0	170.0	119.0	167.0	198.0	100.0	186.0	150.0	123.0	167.0	197.0	155.0	204.0	126.0	169.0	97.0	155.0	162.0	106.0	146.0	234.0	169.0	134.0	191.0	160.0	136.0	202.0	147.0	79.0	216.0	125.0	162.0	251.0	162.0	124.0	135.0	156.0	166.0	144.0	155.0	140.0	90.0	174.0	178.0	151.0	162.0	239.0	184.0	178.0	194.0	216.0	206.0	466.0	517.0	608.0	553.0
177	20150912 01:14:13.441	1266.0	210.0	149.0	159.0	109.0	129.0	149.0	120.0	169.0	154.0	159.0	167.0	198.0	127.0	186.0	171.0	126.0	167.0	179.0	185.0	163.0	100.0	149.0	102.0	101.0	138.0	141.0	146.0	102.0	136.0	160.0	166.0	156.0	164.0	131.0	164.0	123.0	216.0	163.0	142.0	149.0	162.0	158.0	135.0	152.0	104.0	149.0	206.0	163.0	236.0	141.0	149.0	147.0	162.0	160.0	170.0	195.0	190.0	105.0	148.0	441.0	457.0	557.0	486.0
178	20150912 01:14:13.441	1275.0	209.0	162.0	127.0	135.0	225.0	227.0	175.0	122.0	146.0	178.0	126.0	134.0	233.0	274.0	164.0	182.0	211.0	215.0	170.0	188.0	221.0	130.0	191.0	234.0	164.0	212.0	154.0	209.0	189.0	165.0	211.0	170.0	144.0	150.0	149.0	200.0	209.0	140.0	197.0	163.0	183.0	193.0	166.0	174.0	184.0	140.0	158.0	135.0	120.0	182.0	182.0	206.0	163.0	175.0	173.0	248.0	197.0	179.0	222.0	460.0	579.0	725.0	581.0
179	20150912 01:14:13.441	1272.0	209.0	137.0	166.0	156.0	154.0	211.0	175.0	154.0	165.0	133.0	136.0	134.0	244.0	225.0	121.0	94.0	187.0	179.0	143.0	161.0	135.0	231.0	200.0	180.0	154.0	126.0	160.0	234.0	147.0	125.0	189.0	183.0	105.0	202.0	149.0	115.0	149.0	189.0	197.0	176.0	148.0	193.0	159.0	174.0	160.0	144.0	180.0	135.0	138.0	153.0	124.0	146.0	163.0	171.0	147.0	153.0	195.0	183.0	206.0	448.0	579.0	655.0	682.0
180	20150912 01:14:13.441	1231.0	209.0	102.0	131.0	150.0	175.0	125.0	135.0	161.0	149.0	165.0	107.0	123.0	224.0	147.0	142.0	158.0	158.0	190.0	109.0	148.0	125.0	124.0	143.0	146.0	126.0	163.0	154.0	193.0	170.0	120.0	213.0	190.0	239.0	184.0	238.0	159.0	228.0	149.0	161.0	210.0	176.0	201.0	182.0	184.0	209.0	212.0	231.0	190.0	147.0	241.0	197.0	234.0	168.0	231.0	226.0	219.0	269.0	224.0	208.0	434.0	441.0	511.0	387.0
181	20150912 01:14:13.441	1275.0	207.0	162.0	219.0	172.0	170.0	162.0	175.0	207.0	155.0	178.0	181.0	140.0	233.0	225.0	164.0	182.0	211.0	240.0	186.0	188.0	221.0	194.0	191.0	234.0	164.0	212.0	176.0	189.0	189.0	165.0	137.0	170.0	139.0	150.0	149.0	206.0	237.0	152.0	197.0	199.0	185.0	193.0	166.0	236.0	172.0	180.0	146.0	190.0	239.0	182.0	183.0	206.0	179.0	237.0	258.0	248.0	231.0	149.0	222.0	448.0	467.0	600.0	572.0
182	20150912 01:14:13.441	1233.0	207.0	118.0	194.0	136.0	175.0	159.0	165.0	204.0	185.0	121.0	179.0	187.0	205.0	197.0	169.0	160.0	161.0	176.0	170.0	178.0	154.0	132.0	143.0	205.0	130.0	163.0	142.0	193.0	157.0	106.0	213.0	182.0	228.0	171.0	174.0	194.0	200.0	196.0	160.0	210.0	140.0	201.0	183.0	184.0	214.0	183.0	212.0	190.0	147.0	226.0	179.0	221.0	155.0	206.0	320.0	170.0	252.0	257.0	223.0	434.0	546.0	511.0	446.0
183	20150911 19:22:04.386	1231.0	207.0	116.0	194.0	145.0	175.0	159.0	135.0	144.0	149.0	165.0	168.0	123.0	205.0	107.0	175.0	158.0	141.0	190.0	138.0	177.0	154.0	101.0	163.0	177.0	137.0	174.0	137.0	193.0	160.0	131.0	213.0	182.0	130.0	171.0	174.0	159.0	175.0	147.0	182.0	210.0	126.0	201.0	180.0	184.0	214.0	173.0	189.0	190.0	147.0	215.0	234.0	221.0	153.0	206.0	320.0	219.0	269.0	233.0	208.0	434.0	468.0	511.0	387.0
184	20150912 01:14:13.441	1256.0	206.0	131.0	137.0	85.0	139.0	172.0	110.0	128.0	192.0	130.0	177.0	165.0	103.0	162.0	106.0	94.0	204.0	119.0	159.0	120.0	149.0	151.0	166.0	114.0	124.0	114.0	104.0	141.0	161.0	134.0	239.0	99.0	115.0	158.0	187.0	220.0	174.0	91.0	147.0	163.0	120.0	116.0	156.0	197.0	123.0	115.0	135.0	180.0	128.0	169.0	152.0	196.0	125.0	253.0	136.0	90.0	187.0	180.0	137.0	413.0	460.0	453.0	415.0
185	20150912 01:14:13.441	1240.0	206.0	194.0	142.0	100.0	129.0	147.0	104.0	152.0	217.0	154.0	149.0	165.0	137.0	153.0	157.0	168.0	192.0	128.0	135.0	149.0	186.0	148.0	172.0	163.0	120.0	224.0	186.0	110.0	105.0	105.0	176.0	179.0	150.0	156.0	222.0	162.0	136.0	173.0	144.0	165.0	245.0	164.0	162.0	236.0	128.0	174.0	181.0	147.0	145.0	180.0	168.0	199.0	241.0	215.0	168.0	237.0	211.0	227.0	212.0	626.0	634.0	599.0	477.0
186	20150912 01:14:13.441	1261.0	205.0	170.0	150.0	129.0	141.0	201.0	118.0	129.0	178.0	188.0	154.0	115.0	134.0	128.0	101.0	157.0	162.0	179.0	121.0	141.0	118.0	136.0	139.0	129.0	109.0	171.0	147.0	109.0	150.0	129.0	200.0	137.0	141.0	194.0	151.0	119.0	148.0	150.0	142.0	164.0	195.0	112.0	129.0	132.0	156.0	147.0	181.0	162.0	137.0	154.0	134.0	201.0	123.0	171.0	144.0	157.0	162.0	222.0	163.0	427.0	403.0	459.0	393.0
187	20150912 01:14:13.441	1259.0	204.0	170.0	181.0	114.0	132.0	176.0	75.0	134.0	147.0	188.0	177.0	115.0	123.0	212.0	101.0	94.0	162.0	108.0	121.0	149.0	117.0	136.0	111.0	213.0	93.0	139.0	160.0	86.0	122.0	142.0	200.0	137.0	141.0	155.0	207.0	109.0	148.0	125.0	147.0	140.0	184.0	132.0	156.0	140.0	185.0	154.0	147.0	162.0	155.0	154.0	99.0	155.0	123.0	153.0	161.0	157.0	162.0	200.0	137.0	377.0	422.0	459.0	393.0
188	20150912 00:03:47.391	1276.0	204.0	119.0	219.0	164.0	182.0	244.0	175.0	207.0	218.0	204.0	182.0	139.0	219.0	178.0	195.0	131.0	175.0	240.0	186.0	169.0	187.0	194.0	184.0	192.0	160.0	168.0	190.0	218.0	199.0	210.0	187.0	152.0	187.0	191.0	206.0	190.0	169.0	186.0	164.0	234.0	188.0	193.0	159.0	258.0	170.0	246.0	191.0	266.0	239.0	263.0	240.0	294.0	302.0	325.0	297.0	279.0	311.0	320.0	393.0	461.0	505.0	545.0	513.0
189	20150912 01:14:13.441	1240.0	204.0	194.0	179.0	134.0	160.0	119.0	116.0	147.0	217.0	176.0	120.0	141.0	182.0	158.0	157.0	168.0	192.0	205.0	130.0	190.0	118.0	148.0	172.0	138.0	125.0	177.0	186.0	93.0	139.0	155.0	155.0	179.0	120.0	152.0	222.0	162.0	131.0	173.0	167.0	170.0	207.0	158.0	163.0	174.0	231.0	167.0	181.0	147.0	123.0	166.0	159.0	220.0	181.0	181.0	161.0	221.0	211.0	213.0	212.0	626.0	634.0	599.0	450.0
190	20150911 08:47:34.727	1157.0	204.0	178.0	152.0	128.0	149.0	133.0	114.0	155.0	207.0	191.0	154.0	145.0	199.0	170.0	198.0	122.0	212.0	229.0	175.0	183.0	134.0	173.0	122.0	166.0	165.0	135.0	174.0	134.0	139.0	191.0	182.0	156.0	141.0	139.0	203.0	190.0	146.0	115.0	171.0	195.0	161.0	139.0	167.0	154.0	173.0	149.0	227.0	305.0	275.0	260.0	310.0	321.0	348.0	417.0	360.0	334.0	384.0	341.0	369.0	343.0	315.0	274.0	258.0
191	20150912 01:14:13.441	1240.0	202.0	140.0	179.0	144.0	160.0	147.0	121.0	141.0	149.0	176.0	158.0	140.0	182.0	163.0	136.0	131.0	160.0	205.0	119.0	190.0	118.0	111.0	146.0	130.0	125.0	162.0	152.0	153.0	139.0	155.0	171.0	154.0	120.0	121.0	191.0	121.0	158.0	151.0	167.0	170.0	163.0	158.0	163.0	174.0	231.0	131.0	180.0	151.0	157.0	124.0	159.0	220.0	115.0	168.0	161.0	221.0	223.0	149.0	196.0	507.0	539.0	521.0	436.0
192	20150912 01:14:13.441	1238.0	202.0	123.0	150.0	144.0	160.0	174.0	118.0	134.0	147.0	178.0	158.0	123.0	182.0	211.0	135.0	119.0	160.0	169.0	119.0	190.0	144.0	138.0	159.0	184.0	125.0	145.0	152.0	153.0	152.0	200.0	171.0	139.0	110.0	176.0	191.0	121.0	173.0	140.0	167.0	139.0	241.0	158.0	149.0	174.0	231.0	92.0	118.0	151.0	134.0	170.0	187.0	220.0	138.0	116.0	161.0	156.0	159.0	135.0	196.0	507.0	539.0	538.0	436.0
193	20150911 08:47:34.727	1156.0	202.0	132.0	140.0	164.0	183.0	207.0	192.0	155.0	133.0	178.0	163.0	196.0	199.0	180.0	198.0	115.0	200.0	229.0	175.0	184.0	131.0	173.0	122.0	215.0	165.0	129.0	174.0	163.0	139.0	126.0	226.0	134.0	132.0	98.0	203.0	160.0	207.0	150.0	151.0	195.0	161.0	189.0	157.0	160.0	238.0	202.0	202.0	265.0	264.0	260.0	310.0	321.0	348.0	417.0	360.0	313.0	384.0	320.0	360.0	343.0	315.0	261.0	229.0
194	20150911 12:17:33.859	1278.0	201.0	157.0	190.0	246.0	192.0	184.0	188.0	195.0	186.0	169.0	132.0	147.0	232.0	211.0	178.0	145.0	141.0	215.0	167.0	177.0	124.0	114.0	216.0	185.0	204.0	138.0	190.0	230.0	188.0	237.0	193.0	190.0	187.0	171.0	206.0	206.0	159.0	164.0	168.0	234.0	206.0	167.0	193.0	185.0	249.0	248.0	227.0	266.0	268.0	283.0	366.0	255.0	276.0	359.0	287.0	335.0	393.0	316.0	459.0	461.0	505.0	607.0	513.0
195	20150912 00:03:47.391	1276.0	201.0	149.0	231.0	165.0	192.0	203.0	165.0	195.0	182.0	204.0	182.0	139.0	126.0	210.0	177.0	121.0	163.0	215.0	193.0	177.0	187.0	116.0	185.0	185.0	140.0	144.0	190.0	230.0	188.0	237.0	192.0	156.0	187.0	161.0	206.0	206.0	147.0	135.0	245.0	234.0	181.0	173.0	196.0	177.0	222.0	207.0	227.0	266.0	251.0	274.0	270.0	255.0	264.0	317.0	287.0	308.0	311.0	316.0	393.0	461.0	505.0	554.0	513.0
196	20150912 01:14:13.441	1240.0	200.0	114.0	166.0	144.0	128.0	182.0	125.0	111.0	153.0	147.0	158.0	212.0	162.0	190.0	136.0	98.0	160.0	134.0	164.0	131.0	119.0	195.0	109.0	136.0	114.0	162.0	152.0	165.0	131.0	171.0	182.0	121.0	105.0	154.0	153.0	139.0	242.0	151.0	134.0	140.0	184.0	137.0	143.0	138.0	143.0	133.0	180.0	151.0	157.0	138.0	144.0	168.0	205.0	98.0	137.0	171.0	223.0	177.0	173.0	507.0	506.0	521.0	436.0
197	20150912 01:14:13.441	1238.0	200.0	113.0	166.0	144.0	128.0	182.0	140.0	134.0	153.0	178.0	158.0	212.0	148.0	211.0	134.0	112.0	160.0	170.0	164.0	149.0	135.0	138.0	159.0	141.0	112.0	135.0	152.0	153.0	66.0	156.0	182.0	121.0	105.0	190.0	140.0	145.0	188.0	140.0	135.0	140.0	170.0	128.0	149.0	113.0	140.0	219.0	161.0	171.0	134.0	123.0	122.0	205.0	148.0	98.0	137.0	156.0	125.0	112.0	173.0	507.0	506.0	537.0	436.0
198	20150912 01:14:13.441	1230.0	199.0	161.0	196.0	135.0	154.0	134.0	137.0	127.0	162.0	171.0	125.0	115.0	196.0	183.0	181.0	168.0	133.0	149.0	155.0	123.0	156.0	164.0	154.0	143.0	118.0	155.0	112.0	203.0	166.0	116.0	172.0	172.0	191.0	197.0	179.0	174.0	194.0	107.0	214.0	180.0	215.0	164.0	163.0	179.0	169.0	192.0	223.0	160.0	221.0	237.0	188.0	194.0	168.0	211.0	236.0	155.0	214.0	220.0	206.0	462.0	456.0	460.0	356.0
199	20150911 12:17:33.859	1278.0	199.0	141.0	160.0	246.0	192.0	184.0	188.0	163.0	188.0	128.0	132.0	144.0	146.0	211.0	178.0	144.0	248.0	216.0	167.0	177.0	120.0	200.0	139.0	185.0	143.0	121.0	180.0	230.0	211.0	219.0	152.0	190.0	145.0	171.0	155.0	206.0	161.0	125.0	199.0	200.0	214.0	167.0	193.0	185.0	215.0	207.0	227.0	216.0	222.0	283.0	366.0	223.0	276.0	317.0	277.0	335.0	393.0	334.0	356.0	364.0	436.0	554.0	453.0
200	20150911 22:53:23.875	1276.0	199.0	141.0	160.0	167.0	192.0	203.0	175.0	163.0	182.0	128.0	176.0	138.0	146.0	203.0	177.0	134.0	248.0	154.0	167.0	177.0	112.0	138.0	165.0	185.0	96.0	144.0	121.0	230.0	138.0	158.0	189.0	185.0	190.0	159.0	155.0	206.0	147.0	125.0	245.0	200.0	181.0	140.0	125.0	198.0	222.0	207.0	227.0	216.0	226.0	261.0	270.0	223.0	236.0	317.0	233.0	308.0	312.0	334.0	356.0	398.0	436.0	554.0	453.0
201	20150911 19:22:04.386	1161.0	199.0	184.0	158.0	170.0	187.0	186.0	119.0	148.0	161.0	134.0	130.0	120.0	173.0	187.0	130.0	120.0	162.0	174.0	148.0	118.0	117.0	165.0	168.0	163.0	132.0	158.0	103.0	193.0	133.0	175.0	208.0	128.0	113.0	131.0	166.0	173.0	125.0	131.0	128.0	139.0	147.0	177.0	167.0	159.0	153.0	185.0	221.0	220.0	219.0	209.0	218.0	166.0	265.0	278.0	301.0	283.0	215.0	260.0	321.0	403.0	412.0	475.0	279.0
202	20150911 17:01:27.533	1159.0	199.0	184.0	182.0	164.0	161.0	141.0	163.0	124.0	199.0	134.0	163.0	155.0	175.0	187.0	138.0	138.0	162.0	173.0	128.0	118.0	123.0	165.0	168.0	108.0	130.0	158.0	131.0	193.0	206.0	151.0	208.0	143.0	129.0	133.0	166.0	139.0	184.0	137.0	168.0	156.0	185.0	189.0	167.0	183.0	238.0	129.0	230.0	223.0	239.0	209.0	230.0	203.0	265.0	308.0	301.0	283.0	280.0	260.0	321.0	403.0	412.0	370.0	277.0
203	20150912 01:14:13.441	1175.0	198.0	124.0	141.0	164.0	95.0	133.0	120.0	129.0	108.0	161.0	169.0	174.0	173.0	131.0	145.0	108.0	115.0	208.0	129.0	175.0	122.0	140.0	127.0	148.0	190.0	119.0	128.0	206.0	164.0	142.0	148.0	106.0	201.0	142.0	168.0	98.0	193.0	118.0	101.0	144.0	137.0	210.0	173.0	153.0	133.0	135.0	177.0	187.0	139.0	194.0	220.0	160.0	199.0	168.0	230.0	202.0	216.0	235.0	244.0	456.0	351.0	344.0	213.0
204	20150912 01:14:13.441	1173.0	198.0	124.0	140.0	139.0	116.0	133.0	129.0	129.0	193.0	154.0	130.0	125.0	125.0	121.0	82.0	108.0	140.0	208.0	142.0	175.0	122.0	140.0	119.0	155.0	182.0	155.0	128.0	206.0	161.0	126.0	208.0	127.0	201.0	207.0	159.0	133.0	141.0	107.0	114.0	144.0	235.0	106.0	112.0	122.0	141.0	128.0	187.0	137.0	141.0	194.0	111.0	194.0	139.0	175.0	178.0	202.0	157.0	174.0	244.0	456.0	351.0	339.0	227.0
205	20150912 01:14:13.441	1228.0	197.0	119.0	145.0	225.0	130.0	151.0	154.0	108.0	194.0	128.0	118.0	179.0	142.0	182.0	181.0	123.0	171.0	181.0	80.0	126.0	120.0	142.0	174.0	168.0	125.0	115.0	153.0	122.0	142.0	118.0	172.0	117.0	180.0	180.0	151.0	119.0	150.0	135.0	84.0	184.0	187.0	131.0	250.0	180.0	182.0	192.0	193.0	230.0	221.0	201.0	169.0	183.0	208.0	211.0	162.0	194.0	147.0	212.0	159.0	351.0	456.0	432.0	358.0
206	20150911 20:32:32.224	1162.0	197.0	132.0	123.0	170.0	140.0	186.0	119.0	138.0	156.0	215.0	174.0	122.0	196.0	193.0	130.0	99.0	146.0	174.0	137.0	162.0	114.0	165.0	135.0	185.0	127.0	120.0	111.0	147.0	116.0	88.0	121.0	128.0	128.0	121.0	166.0	125.0	197.0	117.0	125.0	165.0	136.0	123.0	137.0	119.0	136.0	150.0	221.0	220.0	219.0	207.0	198.0	188.0	265.0	211.0	199.0	283.0	239.0	249.0	233.0	336.0	412.0	475.0	316.0
207	20150912 00:03:47.391	1160.0	197.0	132.0	182.0	142.0	109.0	186.0	147.0	129.0	156.0	215.0	130.0	155.0	172.0	214.0	93.0	120.0	164.0	173.0	137.0	118.0	117.0	165.0	139.0	163.0	130.0	159.0	115.0	193.0	116.0	125.0	208.0	143.0	127.0	89.0	166.0	139.0	197.0	117.0	125.0	165.0	152.0	131.0	143.0	119.0	136.0	128.0	221.0	223.0	219.0	209.0	198.0	166.0	265.0	238.0	241.0	252.0	239.0	249.0	321.0	332.0	412.0	475.0	259.0
208	20150912 01:14:13.441	1173.0	196.0	222.0	140.0	139.0	132.0	133.0	129.0	129.0	193.0	145.0	130.0	143.0	125.0	142.0	133.0	108.0	132.0	208.0	114.0	175.0	112.0	94.0	128.0	155.0	182.0	110.0	138.0	172.0	162.0	126.0	139.0	115.0	140.0	164.0	159.0	143.0	160.0	131.0	123.0	144.0	191.0	124.0	145.0	123.0	148.0	141.0	187.0	136.0	193.0	194.0	189.0	147.0	198.0	175.0	189.0	167.0	153.0	174.0	195.0	456.0	278.0	341.0	246.0
209	20150911 17:01:27.533	1229.0	195.0	228.0	174.0	225.0	130.0	169.0	126.0	103.0	194.0	198.0	171.0	133.0	142.0	182.0	135.0	123.0	171.0	181.0	105.0	157.0	120.0	150.0	96.0	151.0	68.0	159.0	165.0	181.0	148.0	132.0	138.0	117.0	120.0	189.0	133.0	153.0	122.0	128.0	171.0	173.0	187.0	169.0	125.0	141.0	182.0	151.0	193.0	230.0	136.0	206.0	169.0	215.0	261.0	194.0	149.0	192.0	218.0	221.0	193.0	394.0	414.0	419.0	314.0
210	20150912 01:14:13.441	1173.0	194.0	222.0	116.0	140.0	132.0	166.0	144.0	103.0	149.0	174.0	139.0	143.0	146.0	158.0	133.0	110.0	99.0	131.0	184.0	137.0	111.0	148.0	128.0	120.0	103.0	110.0	138.0	172.0	162.0	113.0	121.0	92.0	160.0	138.0	142.0	190.0	160.0	140.0	123.0	127.0	191.0	139.0	145.0	152.0	148.0	184.0	218.0	102.0	214.0	113.0	208.0	147.0	198.0	146.0	189.0	178.0	186.0	262.0	163.0	402.0	448.0	341.0	247.0
211	20150912 01:14:13.441	1173.0	192.0	153.0	116.0	163.0	130.0	166.0	144.0	133.0	134.0	198.0	166.0	131.0	223.0	205.0	125.0	148.0	132.0	166.0	184.0	184.0	118.0	148.0	132.0	192.0	111.0	117.0	159.0	164.0	146.0	99.0	123.0	109.0	160.0	158.0	144.0	190.0	95.0	184.0	130.0	149.0	179.0	139.0	167.0	152.0	165.0	184.0	218.0	101.0	214.0	97.0	208.0	111.0	197.0	139.0	171.0	178.0	186.0	262.0	219.0	402.0	448.0	304.0	265.0
212	20150909 23:16:17.699	1196.0	164.0	135.0	191.0	200.0	180.0	175.0	182.0	149.0	155.0	145.0	99.0	210.0	155.0	173.0	151.0	154.0	163.0	175.0	239.0	131.0	147.0	184.0	174.0	226.0	156.0	173.0	168.0	146.0	168.0	209.0	191.0	158.0	207.0	253.0	145.0	175.0	210.0	169.0	165.0	170.0	139.0	125.0	202.0	227.0	129.0	149.0	239.0	175.0	156.0	221.0	240.0	292.0	196.0	211.0	242.0	238.0	258.0	274.0	306.0	213.0	373.0	249.0	258.0
213	20150911 07:38:37.87	1198.0	163.0	135.0	217.0	200.0	168.0	254.0	219.0	150.0	201.0	200.0	158.0	194.0	154.0	190.0	154.0	176.0	163.0	175.0	222.0	184.0	237.0	192.0	174.0	170.0	168.0	243.0	168.0	176.0	163.0	138.0	142.0	197.0	207.0	237.0	194.0	175.0	253.0	169.0	165.0	185.0	179.0	123.0	203.0	227.0	127.0	107.0	239.0	222.0	160.0	221.0	240.0	224.0	196.0	208.0	242.0	238.0	258.0	274.0	306.0	216.0	305.0	279.0	258.0
214	20150911 08:47:34.727	964.0	109.0	138.0	144.0	129.0	87.0	191.0	109.0	157.0	104.0	128.0	119.0	153.0	126.0	235.0	154.0	161.0	151.0	198.0	136.0	175.0	186.0	129.0	139.0	152.0	156.0	180.0	188.0	151.0	216.0	153.0	228.0	161.0	139.0	259.0	208.0	192.0	234.0	223.0	194.0	184.0	186.0	223.0	299.0	210.0	215.0	235.0	255.0	406.0	304.0	293.0	324.0	314.0	308.0	319.0	281.0	346.0	353.0	347.0	472.0	366.0	386.0	489.0	546.0
215	20150911 07:38:37.87	960.0	113.0	145.0	128.0	135.0	95.0	195.0	189.0	161.0	150.0	177.0	168.0	157.0	161.0	197.0	186.0	128.0	169.0	241.0	156.0	152.0	174.0	168.0	139.0	193.0	163.0	100.0	168.0	155.0	148.0	210.0	123.0	179.0	155.0	213.0	239.0	151.0	175.0	215.0	180.0	227.0	257.0	255.0	288.0	259.0	191.0	172.0	329.0	265.0	228.0	285.0	285.0	272.0	286.0	359.0	338.0	314.0	380.0	350.0	300.0	354.0	383.0	382.0	512.0
216	20150911 07:38:37.87	961.0	111.0	158.0	148.0	93.0	172.0	198.0	162.0	161.0	135.0	177.0	176.0	151.0	199.0	179.0	173.0	124.0	169.0	241.0	172.0	159.0	164.0	213.0	125.0	132.0	148.0	161.0	186.0	162.0	138.0	144.0	150.0	265.0	139.0	185.0	166.0	151.0	169.0	175.0	162.0	207.0	177.0	255.0	288.0	268.0	237.0	209.0	329.0	406.0	260.0	242.0	364.0	249.0	321.0	294.0	312.0	313.0	380.0	347.0	309.0	366.0	372.0	409.0	534.0
217	20150910 14:24:42.690	1280.0	87.0	182.0	163.0	128.0	134.0	132.0	126.0	132.0	145.0	191.0	132.0	138.0	167.0	140.0	153.0	112.0	152.0	205.0	178.0	180.0	137.0	129.0	155.0	147.0	90.0	145.0	98.0	190.0	171.0	150.0	248.0	343.0	242.0	320.0	440.0	274.0	325.0	356.0	270.0	469.0	402.0	462.0	517.0	490.0	517.0	306.0	375.0	436.0	361.0	421.0	459.0	293.0	421.0	465.0	446.0	347.0	395.0	343.0	385.0	530.0	515.0	529.0	438.0
218	20150910 14:24:42.690	1277.0	87.0	150.0	129.0	169.0	152.0	182.0	175.0	130.0	126.0	177.0	158.0	126.0	158.0	142.0	153.0	178.0	178.0	142.0	200.0	116.0	127.0	129.0	155.0	128.0	144.0	110.0	141.0	94.0	171.0	138.0	212.0	343.0	178.0	275.0	388.0	270.0	271.0	356.0	218.0	316.0	393.0	372.0	419.0	308.0	303.0	205.0	341.0	434.0	301.0	345.0	355.0	260.0	358.0	365.0	348.0	322.0	343.0	343.0	374.0	414.0	453.0	529.0	438.0
219	20150910 14:24:42.690	1278.0	85.0	228.0	205.0	169.0	156.0	192.0	175.0	165.0	141.0	132.0	164.0	96.0	243.0	142.0	153.0	150.0	178.0	205.0	200.0	116.0	137.0	158.0	147.0	121.0	144.0	128.0	141.0	140.0	125.0	138.0	212.0	333.0	242.0	320.0	440.0	270.0	325.0	356.0	270.0	469.0	447.0	462.0	517.0	490.0	517.0	321.0	375.0	436.0	361.0	345.0	459.0	260.0	421.0	465.0	446.0	347.0	395.0	336.0	385.0	530.0	505.0	529.0	416.0
220	20150910 16:42:44.804	1281.0	84.0	151.0	173.0	146.0	132.0	192.0	117.0	132.0	108.0	106.0	109.0	162.0	123.0	130.0	145.0	142.0	148.0	148.0	193.0	115.0	121.0	113.0	124.0	143.0	141.0	100.0	146.0	140.0	153.0	119.0	201.0	295.0	227.0	320.0	440.0	232.0	295.0	250.0	216.0	469.0	447.0	462.0	517.0	490.0	517.0	261.0	375.0	436.0	326.0	421.0	372.0	244.0	421.0	465.0	446.0	317.0	342.0	327.0	383.0	530.0	424.0	441.0	288.0
221	20150910 14:24:42.690	1279.0	83.0	228.0	95.0	150.0	118.0	192.0	96.0	165.0	141.0	185.0	164.0	154.0	243.0	149.0	145.0	119.0	155.0	241.0	193.0	102.0	121.0	158.0	147.0	143.0	146.0	141.0	132.0	140.0	153.0	119.0	214.0	300.0	199.0	294.0	334.0	230.0	265.0	269.0	198.0	325.0	447.0	459.0	442.0	354.0	438.0	321.0	312.0	354.0	255.0	259.0	378.0	244.0	319.0	304.0	351.0	233.0	313.0	302.0	310.0	393.0	424.0	333.0	287.0
222	20150910 00:26:38.372	835.0	80.0	167.0	158.0	128.0	129.0	136.0	145.0	113.0	143.0	145.0	137.0	160.0	171.0	156.0	151.0	141.0	198.0	136.0	182.0	235.0	131.0	155.0	114.0	121.0	250.0	137.0	186.0	142.0	127.0	174.0	289.0	249.0	162.0	312.0	241.0	223.0	268.0	212.0	201.0	253.0	313.0	258.0	255.0	284.0	250.0	167.0	273.0	218.0	184.0	206.0	247.0	211.0	257.0	244.0	230.0	292.0	233.0	239.0	285.0	228.0	244.0	266.0	300.0
223	20150910 14:24:42.690	1238.0	79.0	172.0	136.0	139.0	187.0	190.0	144.0	89.0	180.0	160.0	124.0	130.0	119.0	196.0	143.0	148.0	170.0	154.0	164.0	137.0	180.0	175.0	144.0	154.0	172.0	157.0	118.0	177.0	164.0	94.0	234.0	344.0	301.0	292.0	327.0	249.0	329.0	374.0	275.0	350.0	344.0	301.0	305.0	372.0	330.0	239.0	275.0	336.0	314.0	326.0	336.0	284.0	299.0	393.0	330.0	309.0	275.0	248.0	336.0	265.0	313.0	355.0	271.0
224	20150910 14:24:42.690	1236.0	79.0	172.0	100.0	172.0	187.0	190.0	144.0	139.0	134.0	160.0	203.0	130.0	175.0	157.0	131.0	221.0	174.0	154.0	164.0	208.0	164.0	192.0	144.0	167.0	172.0	104.0	131.0	173.0	164.0	136.0	234.0	344.0	221.0	307.0	327.0	249.0	315.0	374.0	250.0	350.0	351.0	317.0	363.0	372.0	330.0	218.0	261.0	336.0	314.0	259.0	276.0	282.0	299.0	359.0	244.0	309.0	206.0	248.0	297.0	241.0	313.0	265.0	214.0
225	20150910 14:24:42.690	1239.0	77.0	167.0	119.0	117.0	156.0	152.0	116.0	117.0	180.0	192.0	124.0	130.0	129.0	195.0	161.0	88.0	170.0	133.0	130.0	159.0	180.0	175.0	138.0	154.0	176.0	157.0	191.0	111.0	154.0	143.0	240.0	330.0	261.0	359.0	333.0	248.0	329.0	362.0	335.0	330.0	314.0	319.0	337.0	374.0	296.0	278.0	287.0	340.0	302.0	326.0	336.0	284.0	348.0	393.0	330.0	327.0	258.0	277.0	336.0	342.0	336.0	364.0	242.0
226	20150910 14:24:42.690	1241.0	76.0	154.0	143.0	117.0	156.0	208.0	139.0	142.0	180.0	192.0	125.0	110.0	193.0	153.0	208.0	126.0	122.0	139.0	161.0	125.0	180.0	157.0	138.0	149.0	176.0	157.0	191.0	168.0	158.0	144.0	240.0	273.0	213.0	359.0	333.0	248.0	220.0	362.0	256.0	246.0	300.0	250.0	290.0	302.0	299.0	278.0	259.0	340.0	296.0	271.0	290.0	198.0	348.0	281.0	330.0	327.0	260.0	229.0	268.0	317.0	336.0	385.0	234.0
227	20150910 14:24:42.690	1236.0	76.0	136.0	138.0	128.0	127.0	172.0	137.0	107.0	189.0	175.0	192.0	119.0	131.0	172.0	161.0	134.0	174.0	150.0	130.0	166.0	119.0	151.0	134.0	143.0	172.0	140.0	165.0	173.0	164.0	123.0	237.0	344.0	237.0	310.0	303.0	202.0	315.0	327.0	285.0	330.0	351.0	319.0	337.0	374.0	296.0	216.0	264.0	336.0	302.0	261.0	313.0	282.0	275.0	359.0	296.0	238.0	253.0	238.0	328.0	342.0	326.0	255.0	161.0
228	20150910 16:42:44.804	1239.0	74.0	144.0	143.0	140.0	156.0	132.0	158.0	117.0	118.0	155.0	129.0	152.0	127.0	159.0	161.0	180.0	119.0	139.0	130.0	121.0	112.0	141.0	134.0	131.0	179.0	116.0	144.0	112.0	118.0	114.0	237.0	234.0	164.0	359.0	333.0	183.0	220.0	320.0	335.0	330.0	314.0	285.0	324.0	335.0	332.0	278.0	287.0	422.0	302.0	287.0	318.0	249.0	391.0	281.0	309.0	327.0	353.0	313.0	308.0	342.0	336.0	260.0	195.0
229	20150910 16:42:44.804	1236.0	74.0	170.0	138.0	121.0	132.0	180.0	147.0	120.0	189.0	152.0	129.0	119.0	127.0	172.0	161.0	180.0	121.0	156.0	130.0	180.0	149.0	151.0	134.0	179.0	141.0	180.0	165.0	160.0	115.0	166.0	237.0	234.0	223.0	249.0	303.0	226.0	247.0	288.0	285.0	330.0	330.0	285.0	324.0	363.0	324.0	196.0	264.0	322.0	302.0	261.0	313.0	249.0	262.0	316.0	296.0	226.0	262.0	238.0	328.0	342.0	326.0	255.0	161.0
230	20150910 13:15:43.474	1238.0	72.0	209.0	116.0	140.0	107.0	180.0	158.0	120.0	131.0	167.0	129.0	196.0	127.0	214.0	139.0	180.0	141.0	156.0	137.0	168.0	98.0	141.0	150.0	188.0	179.0	118.0	125.0	114.0	144.0	175.0	237.0	234.0	223.0	204.0	265.0	150.0	219.0	249.0	196.0	243.0	330.0	285.0	261.0	335.0	332.0	194.0	272.0	338.0	224.0	244.0	318.0	244.0	322.0	277.0	260.0	252.0	237.0	257.0	308.0	314.0	334.0	189.0	163.0
231	20150910 10:57:45.145	93.0	67.0	126.0	155.0	181.0	173.0	165.0	169.0	147.0	185.0	181.0	182.0	117.0	160.0	205.0	150.0	132.0	215.0	204.0	152.0	181.0	0.0	0.0	0.0	0.0	0.0	0.0	0.0	166.0	200.0	217.0	187.0	243.0	185.0	228.0	180.0	236.0	223.0	171.0	283.0	169.0	207.0	144.0	0.0	0.0	0.0	0.0	0.0	0.0	261.0	290.0	290.0	336.0	266.0	390.0	289.0	318.0	263.0	384.0	308.0	300.0	327.0	0.0	0.0
232	20150910 10:57:45.145	77.0	62.0	75.0	209.0	199.0	178.0	241.0	178.0	151.0	216.0	240.0	192.0	225.0	175.0	233.0	185.0	190.0	195.0	175.0	190.0	0.0	0.0	0.0	0.0	0.0	0.0	0.0	0.0	197.0	256.0	233.0	224.0	274.0	265.0	399.0	439.0	316.0	286.0	321.0	266.0	213.0	0.0	0.0	0.0	0.0	0.0	0.0	0.0	0.0	345.0	357.0	381.0	274.0	302.0	389.0	319.0	409.0	343.0	372.0	390.0	324.0	249.0	0.0	0.0
