index	mortality	x	y	20150906 18:24:49.192	20150909 10:31:14.673	20150909 11:41:44.969	20150909 12:52:16.90	20150909 14:02:38.712	20150909 15:13:05.662	20150909 16:23:36.794	20150909 17:33:55.35	20150909 18:44:17.503	20150909 19:54:34.825	20150909 21:04:59.590	20150909 22:15:31.690	20150909 23:25:50.877	20150910 00:36:11.897	20150910 01:46:36.156	20150910 02:57:03.742	20150910 04:07:19.765	20150910 05:17:29.296	20150910 06:27:46.772	20150910 07:38:05.737	20150910 08:48:24.913	20150910 09:58:01.840	20150910 11:07:08.264	20150910 12:16:05.543	20150910 13:25:04.242	20150910 14:34:03.538	20150910 15:43:07.963	20150910 16:52:11.529	20150910 18:01:15.773	20150910 19:10:14.459	20150910 20:19:07.868	20150910 21:27:59.599	20150910 22:36:57.423	20150910 23:45:46.880	20150911 00:54:46.151	20150911 02:03:37.476	20150911 03:12:29.173	20150911 04:21:26.511	20150911 05:30:14.628	20150911 06:39:08.984	20150911 07:48:01.138	20150911 08:57:01.29	20150911 10:06:28.235	20150911 11:16:48.92	20150911 12:27:07.617	20150911 13:37:26.95	20150911 17:11:04.521	20150911 18:21:27.677	20150911 19:31:37.415	20150911 20:42:09.457	20150911 21:52:34.492	20150911 23:02:58.721	20150912 00:13:23.914	20150912 01:23:50.452	20150912 02:34:17.236	20150912 03:44:49.394	20150912 04:55:17.216	20150912 06:05:42.358	20150912 07:16:05.21	20150912 08:26:28.532	20150912 09:36:51.225
1	20150911 07:48:01.138	470.0	1037.0	0.0	0.0	0.0	0.0	0.0	0.0	0.0	0.0	0.0	0.0	0.0	0.0	0.0	0.0	0.0	0.0	0.0	0.0	0.0	0.0	0.0	0.0	0.0	0.0	0.0	0.0	0.0	0.0	0.0	0.0	0.0	0.0	0.0	0.0	0.0	0.0	0.0	0.0	0.0	0.0	878.0	0.0	0.0	0.0	0.0	0.0	0.0	0.0	0.0	0.0	0.0	0.0	0.0	0.0	0.0	0.0	0.0	1217.0	1140.0	1362.0	1263.0
2	20150911 07:48:01.138	511.0	1036.0	0.0	0.0	0.0	0.0	0.0	0.0	0.0	0.0	0.0	0.0	0.0	0.0	0.0	0.0	0.0	0.0	0.0	0.0	0.0	0.0	0.0	0.0	0.0	0.0	0.0	0.0	0.0	0.0	0.0	0.0	0.0	0.0	0.0	0.0	0.0	0.0	0.0	0.0	0.0	0.0	368.0	0.0	0.0	0.0	0.0	0.0	0.0	0.0	0.0	0.0	0.0	0.0	0.0	0.0	0.0	0.0	0.0	272.0	336.0	350.0	435.0
3	20150911 07:48:01.138	472.0	1036.0	0.0	0.0	0.0	0.0	0.0	0.0	0.0	0.0	0.0	0.0	0.0	0.0	0.0	0.0	0.0	0.0	0.0	0.0	0.0	0.0	0.0	0.0	0.0	0.0	0.0	0.0	0.0	0.0	0.0	0.0	0.0	0.0	0.0	0.0	0.0	0.0	0.0	0.0	0.0	0.0	1204.0	0.0	0.0	0.0	0.0	0.0	0.0	0.0	0.0	0.0	0.0	0.0	0.0	0.0	0.0	0.0	0.0	1423.0	1385.0	1538.0	1619.0
4	20150911 07:48:01.138	467.0	1036.0	0.0	0.0	0.0	0.0	0.0	0.0	0.0	0.0	0.0	0.0	0.0	0.0	0.0	0.0	0.0	0.0	0.0	0.0	0.0	0.0	0.0	0.0	0.0	0.0	0.0	0.0	0.0	0.0	0.0	0.0	0.0	0.0	0.0	0.0	0.0	0.0	0.0	0.0	0.0	0.0	1061.0	0.0	0.0	0.0	0.0	0.0	0.0	0.0	0.0	0.0	0.0	0.0	0.0	0.0	0.0	0.0	0.0	1076.0	1205.0	1141.0	1189.0
5	20150911 06:39:08.984	508.0	1034.0	0.0	0.0	0.0	0.0	0.0	0.0	0.0	0.0	0.0	0.0	0.0	0.0	0.0	0.0	0.0	0.0	0.0	0.0	0.0	0.0	0.0	0.0	0.0	0.0	0.0	0.0	0.0	0.0	0.0	0.0	0.0	0.0	0.0	0.0	0.0	0.0	0.0	0.0	0.0	314.0	368.0	0.0	0.0	0.0	0.0	0.0	0.0	0.0	0.0	0.0	0.0	0.0	0.0	0.0	0.0	0.0	245.0	315.0	336.0	350.0	360.0
6	20150911 06:39:08.984	472.0	1034.0	0.0	0.0	0.0	0.0	0.0	0.0	0.0	0.0	0.0	0.0	0.0	0.0	0.0	0.0	0.0	0.0	0.0	0.0	0.0	0.0	0.0	0.0	0.0	0.0	0.0	0.0	0.0	0.0	0.0	0.0	0.0	0.0	0.0	0.0	0.0	0.0	0.0	0.0	0.0	1061.0	1308.0	0.0	0.0	0.0	0.0	0.0	0.0	0.0	0.0	0.0	0.0	0.0	0.0	0.0	0.0	0.0	1298.0	1423.0	1417.0	1651.0	1619.0
7	20150911 06:39:08.984	470.0	1034.0	0.0	0.0	0.0	0.0	0.0	0.0	0.0	0.0	0.0	0.0	0.0	0.0	0.0	0.0	0.0	0.0	0.0	0.0	0.0	0.0	0.0	0.0	0.0	0.0	0.0	0.0	0.0	0.0	0.0	0.0	0.0	0.0	0.0	0.0	0.0	0.0	0.0	0.0	0.0	1177.0	1494.0	0.0	0.0	0.0	0.0	0.0	0.0	0.0	0.0	0.0	0.0	0.0	0.0	0.0	0.0	0.0	1298.0	1509.0	1582.0	1651.0	1619.0
8	20150911 06:39:08.984	468.0	1034.0	0.0	0.0	0.0	0.0	0.0	0.0	0.0	0.0	0.0	0.0	0.0	0.0	0.0	0.0	0.0	0.0	0.0	0.0	0.0	0.0	0.0	0.0	0.0	0.0	0.0	0.0	0.0	0.0	0.0	0.0	0.0	0.0	0.0	0.0	0.0	0.0	0.0	0.0	0.0	1177.0	1494.0	0.0	0.0	0.0	0.0	0.0	0.0	0.0	0.0	0.0	0.0	0.0	0.0	0.0	0.0	0.0	1012.0	1509.0	1582.0	1517.0	1615.0
9	20150911 06:39:08.984	390.0	1034.0	0.0	0.0	0.0	0.0	0.0	0.0	0.0	0.0	0.0	0.0	0.0	0.0	0.0	0.0	0.0	0.0	0.0	0.0	0.0	0.0	0.0	0.0	0.0	0.0	0.0	0.0	0.0	0.0	0.0	0.0	0.0	0.0	0.0	0.0	0.0	0.0	0.0	0.0	0.0	429.0	380.0	0.0	0.0	0.0	0.0	0.0	0.0	0.0	0.0	0.0	0.0	0.0	0.0	0.0	0.0	0.0	463.0	587.0	542.0	625.0	671.0
10	20150911 06:39:08.984	386.0	1034.0	0.0	0.0	0.0	0.0	0.0	0.0	0.0	0.0	0.0	0.0	0.0	0.0	0.0	0.0	0.0	0.0	0.0	0.0	0.0	0.0	0.0	0.0	0.0	0.0	0.0	0.0	0.0	0.0	0.0	0.0	0.0	0.0	0.0	0.0	0.0	0.0	0.0	0.0	0.0	467.0	485.0	0.0	0.0	0.0	0.0	0.0	0.0	0.0	0.0	0.0	0.0	0.0	0.0	0.0	0.0	0.0	418.0	514.0	522.0	576.0	538.0
11	20150911 07:48:01.138	515.0	1033.0	0.0	0.0	0.0	0.0	0.0	0.0	0.0	0.0	0.0	0.0	0.0	0.0	0.0	0.0	0.0	0.0	0.0	0.0	0.0	0.0	0.0	0.0	0.0	0.0	0.0	0.0	0.0	0.0	0.0	0.0	0.0	0.0	0.0	0.0	0.0	0.0	0.0	0.0	0.0	133.0	296.0	0.0	0.0	0.0	0.0	0.0	0.0	0.0	0.0	0.0	0.0	0.0	0.0	0.0	0.0	0.0	258.0	251.0	248.0	244.0	307.0
12	20150911 06:39:08.984	388.0	1032.0	0.0	0.0	0.0	0.0	0.0	0.0	0.0	0.0	0.0	0.0	0.0	0.0	0.0	0.0	0.0	0.0	0.0	0.0	0.0	0.0	0.0	0.0	0.0	0.0	0.0	0.0	0.0	0.0	0.0	0.0	0.0	0.0	0.0	0.0	0.0	0.0	0.0	0.0	317.0	647.0	731.0	0.0	0.0	0.0	0.0	0.0	0.0	0.0	0.0	0.0	0.0	0.0	0.0	0.0	0.0	0.0	860.0	679.0	743.0	694.0	759.0
13	20150911 06:39:08.984	386.0	1030.0	0.0	0.0	0.0	0.0	0.0	0.0	0.0	0.0	0.0	0.0	0.0	0.0	0.0	0.0	0.0	0.0	0.0	0.0	0.0	0.0	0.0	0.0	0.0	0.0	0.0	0.0	0.0	0.0	0.0	0.0	0.0	0.0	0.0	0.0	0.0	0.0	0.0	368.0	317.0	647.0	731.0	0.0	0.0	0.0	0.0	0.0	0.0	0.0	0.0	0.0	0.0	0.0	0.0	0.0	0.0	0.0	860.0	556.0	692.0	687.0	759.0
14	20150911 05:30:14.628	509.0	1032.0	0.0	0.0	0.0	0.0	0.0	0.0	0.0	0.0	0.0	0.0	0.0	0.0	0.0	0.0	0.0	0.0	0.0	0.0	0.0	0.0	0.0	0.0	0.0	0.0	0.0	0.0	0.0	0.0	0.0	0.0	0.0	0.0	0.0	0.0	0.0	0.0	0.0	0.0	271.0	314.0	319.0	0.0	0.0	0.0	0.0	0.0	0.0	0.0	0.0	0.0	0.0	0.0	0.0	0.0	0.0	0.0	248.0	277.0	266.0	340.0	260.0
15	20150911 06:39:08.984	391.0	1030.0	0.0	0.0	0.0	0.0	0.0	0.0	0.0	0.0	0.0	0.0	0.0	0.0	0.0	0.0	0.0	0.0	0.0	0.0	0.0	0.0	0.0	0.0	0.0	0.0	0.0	0.0	0.0	0.0	0.0	0.0	0.0	0.0	0.0	0.0	0.0	0.0	0.0	309.0	265.0	458.0	454.0	0.0	0.0	0.0	0.0	0.0	0.0	0.0	0.0	0.0	0.0	0.0	0.0	0.0	0.0	0.0	622.0	523.0	649.0	637.0	655.0
16	20150911 05:30:14.628	511.0	1031.0	0.0	0.0	0.0	0.0	0.0	0.0	0.0	0.0	0.0	0.0	0.0	0.0	0.0	0.0	0.0	0.0	0.0	0.0	0.0	0.0	0.0	0.0	0.0	0.0	0.0	0.0	0.0	0.0	0.0	0.0	0.0	0.0	0.0	0.0	0.0	0.0	0.0	0.0	271.0	243.0	319.0	0.0	0.0	0.0	0.0	0.0	0.0	0.0	0.0	0.0	0.0	0.0	0.0	0.0	0.0	0.0	271.0	261.0	266.0	324.0	257.0
17	20150910 13:25:04.242	187.0	945.0	0.0	147.0	111.0	123.0	137.0	113.0	173.0	128.0	177.0	125.0	143.0	161.0	119.0	112.0	173.0	120.0	185.0	186.0	140.0	162.0	133.0	156.0	209.0	201.0	277.0	145.0	241.0	178.0	263.0	278.0	247.0	185.0	189.0	238.0	154.0	147.0	339.0	416.0	223.0	290.0	347.0	337.0	385.0	461.0	413.0	428.0	301.0	317.0	365.0	390.0	346.0	379.0	377.0	376.0	366.0	377.0	331.0	347.0	303.0	294.0	315.0
18	20150909 17:33:55.35	183.0	946.0	0.0	125.0	167.0	131.0	164.0	117.0	165.0	216.0	134.0	118.0	203.0	168.0	150.0	173.0	188.0	147.0	118.0	123.0	149.0	151.0	116.0	165.0	412.0	269.0	230.0	230.0	271.0	271.0	398.0	250.0	299.0	165.0	171.0	246.0	195.0	226.0	365.0	399.0	266.0	327.0	316.0	417.0	332.0	414.0	299.0	408.0	291.0	329.0	343.0	267.0	291.0	300.0	411.0	425.0	385.0	304.0	315.0	340.0	304.0	299.0	374.0
19	20150910 04:07:19.765	183.0	943.0	0.0	138.0	155.0	192.0	164.0	154.0	165.0	128.0	170.0	151.0	129.0	142.0	118.0	176.0	188.0	146.0	242.0	163.0	138.0	165.0	133.0	198.0	448.0	283.0	361.0	286.0	419.0	301.0	398.0	334.0	434.0	414.0	260.0	438.0	226.0	304.0	351.0	402.0	220.0	445.0	349.0	417.0	332.0	414.0	363.0	408.0	299.0	329.0	343.0	413.0	339.0	300.0	411.0	322.0	385.0	346.0	315.0	322.0	343.0	299.0	460.0
20	20150909 17:33:55.35	65.0	943.0	0.0	129.0	150.0	187.0	134.0	170.0	155.0	239.0	189.0	202.0	226.0	211.0	135.0	177.0	143.0	140.0	173.0	219.0	180.0	176.0	174.0	167.0	156.0	146.0	162.0	184.0	195.0	238.0	169.0	177.0	264.0	386.0	404.0	346.0	268.0	342.0	275.0	331.0	231.0	249.0	311.0	255.0	371.0	371.0	384.0	358.0	261.0	367.0	263.0	278.0	252.0	311.0	297.0	337.0	435.0	274.0	286.0	247.0	207.0	0.0	0.0
21	20150909 21:04:59.590	62.0	940.0	0.0	165.0	124.0	140.0	155.0	165.0	156.0	207.0	161.0	196.0	226.0	234.0	196.0	209.0	143.0	194.0	138.0	206.0	180.0	123.0	174.0	188.0	154.0	234.0	225.0	181.0	173.0	238.0	170.0	133.0	301.0	391.0	404.0	346.0	377.0	342.0	397.0	331.0	208.0	266.0	311.0	255.0	233.0	363.0	339.0	307.0	261.0	279.0	263.0	274.0	252.0	223.0	297.0	337.0	435.0	250.0	286.0	231.0	219.0	0.0	0.0
22	20150910 23:45:46.880	675.0	917.0	0.0	204.0	223.0	172.0	173.0	158.0	257.0	215.0	176.0	147.0	205.0	203.0	180.0	249.0	191.0	220.0	245.0	164.0	261.0	242.0	232.0	278.0	309.0	315.0	289.0	307.0	254.0	387.0	310.0	280.0	307.0	379.0	332.0	405.0	446.0	430.0	669.0	799.0	282.0	707.0	589.0	600.0	618.0	777.0	635.0	764.0	636.0	693.0	775.0	601.0	638.0	686.0	752.0	718.0	659.0	663.0	525.0	719.0	728.0	773.0	658.0
23	20150910 21:27:59.599	595.0	879.0	116.0	133.0	168.0	143.0	144.0	209.0	142.0	150.0	204.0	146.0	181.0	202.0	179.0	176.0	149.0	144.0	186.0	134.0	180.0	195.0	205.0	277.0	193.0	271.0	192.0	251.0	203.0	264.0	254.0	176.0	236.0	453.0	350.0	236.0	354.0	322.0	328.0	192.0	174.0	277.0	343.0	230.0	384.0	424.0	487.0	216.0	241.0	371.0	216.0	391.0	344.0	353.0	334.0	338.0	419.0	362.0	373.0	357.0	297.0	365.0	350.0
24	20150910 21:27:59.599	594.0	874.0	136.0	161.0	233.0	202.0	207.0	157.0	199.0	206.0	227.0	229.0	173.0	215.0	198.0	186.0	207.0	208.0	255.0	175.0	212.0	229.0	245.0	283.0	276.0	376.0	221.0	297.0	251.0	357.0	281.0	305.0	378.0	534.0	561.0	404.0	511.0	544.0	501.0	449.0	295.0	631.0	392.0	294.0	441.0	606.0	554.0	426.0	368.0	475.0	358.0	559.0	457.0	528.0	520.0	505.0	513.0	442.0	565.0	423.0	427.0	505.0	475.0
25	20150910 12:16:05.543	597.0	874.0	110.0	179.0	180.0	109.0	207.0	144.0	199.0	200.0	216.0	141.0	188.0	151.0	163.0	235.0	211.0	226.0	255.0	175.0	175.0	235.0	246.0	258.0	244.0	376.0	202.0	268.0	240.0	357.0	269.0	346.0	332.0	534.0	561.0	381.0	470.0	428.0	463.0	464.0	295.0	631.0	422.0	308.0	547.0	606.0	554.0	414.0	344.0	475.0	268.0	559.0	457.0	528.0	520.0	505.0	615.0	446.0	542.0	439.0	462.0	534.0	475.0
26	20150909 10:31:14.673	188.0	863.0	95.0	209.0	221.0	150.0	198.0	200.0	221.0	254.0	238.0	184.0	204.0	272.0	143.0	166.0	149.0	211.0	241.0	226.0	198.0	127.0	166.0	188.0	187.0	181.0	199.0	190.0	208.0	265.0	196.0	254.0	234.0	250.0	251.0	262.0	219.0	195.0	265.0	257.0	186.0	248.0	229.0	285.0	230.0	222.0	240.0	209.0	280.0	299.0	265.0	273.0	273.0	247.0	254.0	276.0	209.0	225.0	221.0	191.0	193.0	189.0	217.0
27	20150910 16:52:11.529	186.0	863.0	150.0	158.0	186.0	178.0	207.0	188.0	199.0	218.0	238.0	169.0	149.0	209.0	143.0	231.0	221.0	208.0	241.0	226.0	261.0	127.0	156.0	188.0	187.0	181.0	210.0	208.0	208.0	265.0	150.0	254.0	234.0	250.0	251.0	251.0	247.0	212.0	265.0	159.0	177.0	219.0	229.0	197.0	230.0	222.0	240.0	214.0	280.0	299.0	177.0	235.0	254.0	212.0	254.0	276.0	242.0	225.0	222.0	225.0	193.0	182.0	216.0
28	20150910 18:01:15.773	188.0	861.0	154.0	209.0	194.0	179.0	252.0	212.0	173.0	254.0	178.0	177.0	204.0	260.0	161.0	203.0	162.0	198.0	241.0	226.0	227.0	170.0	199.0	221.0	187.0	182.0	207.0	138.0	215.0	205.0	230.0	254.0	234.0	250.0	221.0	262.0	219.0	215.0	236.0	257.0	186.0	219.0	195.0	285.0	230.0	188.0	277.0	299.0	280.0	299.0	210.0	208.0	236.0	239.0	254.0	234.0	209.0	225.0	247.0	202.0	193.0	234.0	178.0
29	20150910 13:25:04.242	186.0	861.0	154.0	204.0	200.0	150.0	252.0	201.0	182.0	185.0	159.0	175.0	181.0	233.0	174.0	203.0	221.0	181.0	241.0	226.0	261.0	170.0	148.0	188.0	187.0	181.0	278.0	152.0	215.0	215.0	205.0	254.0	255.0	254.0	221.0	219.0	247.0	215.0	236.0	159.0	174.0	220.0	192.0	181.0	230.0	202.0	225.0	244.0	280.0	299.0	177.0	235.0	197.0	265.0	254.0	248.0	242.0	225.0	222.0	225.0	193.0	234.0	203.0
30	20150910 09:58:01.840	1006.0	852.0	126.0	159.0	113.0	141.0	182.0	123.0	130.0	174.0	161.0	177.0	199.0	163.0	154.0	174.0	254.0	129.0	156.0	113.0	152.0	216.0	180.0	515.0	255.0	317.0	219.0	451.0	179.0	346.0	211.0	226.0	200.0	316.0	388.0	287.0	323.0	327.0	540.0	195.0	289.0	334.0	279.0	221.0	436.0	381.0	462.0	288.0	157.0	303.0	191.0	274.0	297.0	362.0	343.0	399.0	368.0	342.0	458.0	304.0	315.0	296.0	375.0
31	20150910 09:58:01.840	1003.0	850.0	142.0	162.0	216.0	163.0	192.0	156.0	118.0	139.0	173.0	151.0	198.0	122.0	189.0	211.0	200.0	194.0	239.0	181.0	156.0	266.0	253.0	546.0	304.0	427.0	255.0	483.0	261.0	513.0	195.0	234.0	241.0	354.0	388.0	287.0	368.0	388.0	540.0	273.0	217.0	334.0	268.0	224.0	381.0	363.0	462.0	245.0	153.0	338.0	225.0	265.0	385.0	362.0	343.0	336.0	369.0	342.0	458.0	306.0	315.0	296.0	375.0
32	20150910 09:58:01.840	1008.0	851.0	146.0	140.0	138.0	143.0	182.0	143.0	130.0	146.0	163.0	88.0	201.0	179.0	153.0	181.0	170.0	159.0	183.0	191.0	152.0	205.0	171.0	332.0	182.0	240.0	219.0	248.0	169.0	217.0	230.0	262.0	192.0	283.0	276.0	257.0	207.0	285.0	337.0	240.0	245.0	263.0	265.0	221.0	299.0	287.0	254.0	253.0	250.0	294.0	238.0	274.0	255.0	264.0	267.0	277.0	264.0	292.0	251.0	286.0	270.0	283.0	271.0
33	20150910 09:58:01.840	1005.0	849.0	119.0	175.0	216.0	172.0	164.0	143.0	93.0	141.0	173.0	161.0	201.0	119.0	189.0	238.0	254.0	194.0	183.0	181.0	157.0	216.0	284.0	546.0	255.0	336.0	211.0	483.0	261.0	513.0	230.0	262.0	191.0	327.0	388.0	287.0	368.0	388.0	540.0	273.0	298.0	288.0	374.0	224.0	381.0	381.0	462.0	245.0	184.0	338.0	231.0	260.0	270.0	362.0	285.0	317.0	369.0	342.0	458.0	286.0	315.0	296.0	375.0
34	20150910 09:58:01.840	1004.0	847.0	119.0	170.0	216.0	172.0	153.0	156.0	158.0	152.0	134.0	161.0	198.0	116.0	160.0	238.0	150.0	194.0	179.0	170.0	157.0	272.0	253.0	546.0	196.0	356.0	211.0	324.0	261.0	352.0	195.0	175.0	191.0	327.0	272.0	268.0	298.0	226.0	353.0	230.0	298.0	266.0	268.0	201.0	331.0	248.0	328.0	241.0	184.0	338.0	231.0	221.0	214.0	253.0	247.0	253.0	269.0	279.0	279.0	256.0	255.0	272.0	254.0
35	20150911 06:39:08.984	1375.0	745.0	0.0	0.0	0.0	0.0	0.0	0.0	0.0	0.0	0.0	0.0	0.0	0.0	0.0	0.0	0.0	0.0	0.0	0.0	0.0	0.0	0.0	0.0	0.0	0.0	0.0	0.0	0.0	0.0	0.0	0.0	0.0	0.0	0.0	0.0	0.0	0.0	0.0	0.0	0.0	393.0	238.0	0.0	0.0	0.0	0.0	0.0	0.0	0.0	0.0	0.0	0.0	0.0	0.0	0.0	0.0	0.0	0.0	0.0	0.0	0.0	0.0
36	20150911 06:39:08.984	1377.0	744.0	0.0	0.0	0.0	0.0	0.0	0.0	0.0	0.0	0.0	0.0	0.0	0.0	0.0	0.0	0.0	0.0	0.0	0.0	0.0	0.0	0.0	0.0	0.0	0.0	0.0	0.0	0.0	0.0	0.0	0.0	0.0	0.0	0.0	0.0	0.0	0.0	0.0	0.0	0.0	284.0	224.0	0.0	0.0	0.0	0.0	0.0	0.0	0.0	0.0	0.0	0.0	0.0	0.0	0.0	0.0	0.0	0.0	0.0	0.0	0.0	0.0
37	20150911 06:39:08.984	1374.0	743.0	0.0	0.0	0.0	0.0	0.0	0.0	0.0	0.0	0.0	0.0	0.0	0.0	0.0	0.0	0.0	0.0	0.0	0.0	0.0	0.0	0.0	0.0	0.0	0.0	0.0	0.0	0.0	0.0	0.0	0.0	0.0	0.0	0.0	0.0	0.0	0.0	0.0	0.0	0.0	393.0	332.0	0.0	0.0	0.0	0.0	0.0	0.0	0.0	0.0	0.0	0.0	0.0	0.0	0.0	0.0	0.0	0.0	0.0	0.0	0.0	0.0
38	20150911 06:39:08.984	1372.0	743.0	0.0	0.0	0.0	0.0	0.0	0.0	0.0	0.0	0.0	0.0	0.0	0.0	0.0	0.0	0.0	0.0	0.0	0.0	0.0	0.0	0.0	0.0	0.0	0.0	0.0	0.0	0.0	0.0	0.0	0.0	0.0	0.0	0.0	0.0	0.0	0.0	0.0	0.0	0.0	328.0	311.0	0.0	0.0	0.0	0.0	0.0	0.0	0.0	0.0	0.0	0.0	0.0	0.0	0.0	0.0	0.0	0.0	0.0	0.0	0.0	0.0
39	20150911 06:39:08.984	1372.0	741.0	0.0	0.0	0.0	0.0	0.0	0.0	0.0	0.0	0.0	0.0	0.0	0.0	0.0	0.0	0.0	0.0	0.0	0.0	0.0	0.0	0.0	0.0	0.0	0.0	0.0	0.0	0.0	0.0	0.0	0.0	0.0	0.0	0.0	0.0	0.0	0.0	0.0	0.0	0.0	291.0	311.0	0.0	0.0	0.0	0.0	0.0	0.0	0.0	0.0	0.0	0.0	0.0	0.0	0.0	0.0	0.0	0.0	0.0	0.0	0.0	0.0
40	20150911 06:39:08.984	1377.0	740.0	0.0	0.0	0.0	0.0	0.0	0.0	0.0	0.0	0.0	0.0	0.0	0.0	0.0	0.0	0.0	0.0	0.0	0.0	0.0	0.0	0.0	0.0	0.0	0.0	0.0	0.0	0.0	0.0	0.0	0.0	0.0	0.0	0.0	0.0	0.0	0.0	0.0	0.0	0.0	337.0	332.0	0.0	0.0	0.0	0.0	0.0	0.0	0.0	0.0	0.0	0.0	0.0	0.0	0.0	0.0	0.0	0.0	0.0	0.0	0.0	0.0
41	20150911 06:39:08.984	1374.0	740.0	0.0	0.0	0.0	0.0	0.0	0.0	0.0	0.0	0.0	0.0	0.0	0.0	0.0	0.0	0.0	0.0	0.0	0.0	0.0	0.0	0.0	0.0	0.0	0.0	0.0	0.0	0.0	0.0	0.0	0.0	0.0	0.0	0.0	0.0	0.0	0.0	0.0	0.0	0.0	331.0	332.0	0.0	0.0	0.0	0.0	0.0	0.0	0.0	0.0	0.0	0.0	0.0	0.0	0.0	0.0	0.0	0.0	0.0	0.0	0.0	0.0
42	20150911 06:39:08.984	1372.0	738.0	0.0	0.0	0.0	0.0	0.0	0.0	0.0	0.0	0.0	0.0	0.0	0.0	0.0	0.0	0.0	0.0	0.0	0.0	0.0	0.0	0.0	0.0	0.0	0.0	0.0	0.0	0.0	0.0	0.0	0.0	0.0	0.0	0.0	0.0	0.0	0.0	0.0	0.0	0.0	313.0	218.0	0.0	0.0	0.0	0.0	0.0	0.0	0.0	0.0	0.0	0.0	0.0	0.0	0.0	0.0	0.0	0.0	0.0	0.0	0.0	0.0
43	20150911 06:39:08.984	1375.0	737.0	0.0	0.0	0.0	0.0	0.0	0.0	0.0	0.0	0.0	0.0	0.0	0.0	0.0	0.0	0.0	0.0	0.0	0.0	0.0	0.0	0.0	0.0	0.0	0.0	0.0	0.0	0.0	0.0	0.0	0.0	0.0	0.0	0.0	0.0	0.0	0.0	0.0	0.0	0.0	316.0	239.0	0.0	0.0	0.0	0.0	0.0	0.0	0.0	0.0	0.0	0.0	0.0	0.0	0.0	0.0	0.0	0.0	0.0	0.0	0.0	0.0
44	20150910 00:36:11.897	1253.0	656.0	0.0	0.0	0.0	0.0	0.0	0.0	0.0	0.0	0.0	0.0	0.0	161.0	175.0	275.0	189.0	160.0	221.0	147.0	136.0	206.0	172.0	169.0	0.0	0.0	0.0	0.0	0.0	0.0	0.0	0.0	0.0	252.0	282.0	223.0	240.0	243.0	228.0	185.0	146.0	153.0	405.0	0.0	0.0	0.0	0.0	0.0	0.0	0.0	0.0	0.0	0.0	0.0	0.0	0.0	0.0	0.0	0.0	0.0	0.0	0.0	0.0
45	20150909 22:15:31.690	1251.0	655.0	0.0	0.0	0.0	107.0	111.0	99.0	0.0	0.0	0.0	0.0	0.0	224.0	179.0	226.0	112.0	144.0	187.0	161.0	136.0	167.0	143.0	173.0	0.0	0.0	0.0	0.0	0.0	0.0	0.0	0.0	0.0	204.0	223.0	223.0	244.0	212.0	223.0	177.0	117.0	165.0	389.0	0.0	0.0	0.0	0.0	0.0	0.0	0.0	0.0	0.0	0.0	0.0	0.0	0.0	0.0	0.0	0.0	0.0	0.0	0.0	0.0
46	20150909 23:25:50.877	1256.0	653.0	0.0	0.0	0.0	0.0	0.0	0.0	0.0	0.0	0.0	0.0	0.0	154.0	255.0	203.0	206.0	223.0	141.0	136.0	132.0	166.0	183.0	0.0	0.0	0.0	0.0	0.0	0.0	0.0	0.0	0.0	0.0	212.0	233.0	180.0	218.0	243.0	220.0	179.0	147.0	168.0	405.0	0.0	0.0	0.0	0.0	0.0	0.0	0.0	0.0	0.0	0.0	0.0	0.0	0.0	0.0	0.0	0.0	0.0	0.0	0.0	0.0
47	20150909 23:25:50.877	1253.0	653.0	0.0	0.0	0.0	0.0	0.0	0.0	0.0	0.0	0.0	0.0	0.0	113.0	255.0	184.0	140.0	223.0	189.0	148.0	120.0	168.0	183.0	194.0	0.0	0.0	0.0	0.0	0.0	0.0	0.0	0.0	0.0	337.0	235.0	180.0	270.0	243.0	220.0	170.0	156.0	165.0	405.0	0.0	0.0	0.0	0.0	0.0	0.0	0.0	0.0	0.0	0.0	0.0	0.0	0.0	0.0	0.0	0.0	0.0	0.0	0.0	0.0
48	20150909 23:25:50.877	1254.0	651.0	0.0	0.0	0.0	0.0	0.0	0.0	0.0	0.0	0.0	0.0	0.0	151.0	172.0	184.0	203.0	221.0	163.0	227.0	158.0	133.0	183.0	194.0	0.0	0.0	0.0	0.0	0.0	0.0	0.0	0.0	0.0	191.0	190.0	170.0	197.0	205.0	184.0	179.0	109.0	126.0	311.0	0.0	0.0	0.0	0.0	0.0	0.0	0.0	0.0	0.0	0.0	0.0	0.0	0.0	0.0	0.0	0.0	0.0	0.0	0.0	0.0
49	20150911 12:27:07.617	638.0	634.0	122.0	131.0	167.0	155.0	148.0	116.0	138.0	176.0	184.0	130.0	143.0	151.0	149.0	175.0	152.0	153.0	147.0	165.0	156.0	188.0	210.0	200.0	267.0	253.0	188.0	246.0	116.0	271.0	259.0	240.0	176.0	339.0	308.0	228.0	273.0	261.0	278.0	221.0	140.0	235.0	272.0	202.0	334.0	330.0	363.0	362.0	184.0	453.0	335.0	422.0	479.0	525.0	503.0	415.0	572.0	575.0	562.0	426.0	437.0	492.0	469.0
50	20150910 21:27:59.599	642.0	633.0	146.0	156.0	206.0	185.0	162.0	125.0	163.0	171.0	218.0	143.0	124.0	131.0	121.0	240.0	166.0	154.0	235.0	169.0	140.0	172.0	171.0	251.0	230.0	227.0	183.0	180.0	183.0	338.0	99.0	226.0	254.0	301.0	211.0	213.0	310.0	257.0	249.0	296.0	183.0	232.0	372.0	251.0	297.0	366.0	284.0	286.0	212.0	351.0	260.0	359.0	398.0	412.0	441.0	442.0	493.0	405.0	501.0	393.0	402.0	465.0	446.0
51	20150911 02:03:37.476	635.0	632.0	98.0	167.0	174.0	159.0	145.0	131.0	158.0	123.0	228.0	145.0	162.0	135.0	206.0	215.0	189.0	170.0	145.0	165.0	115.0	140.0	219.0	181.0	194.0	253.0	133.0	234.0	181.0	275.0	211.0	153.0	177.0	209.0	205.0	201.0	248.0	294.0	259.0	195.0	137.0	228.0	318.0	202.0	233.0	242.0	287.0	222.0	187.0	277.0	215.0	292.0	293.0	402.0	400.0	362.0	356.0	452.0	383.0	354.0	339.0	439.0	385.0
52	20150911 12:27:07.617	640.0	632.0	171.0	127.0	189.0	143.0	162.0	125.0	114.0	176.0	218.0	177.0	154.0	132.0	119.0	202.0	181.0	153.0	235.0	191.0	181.0	172.0	210.0	194.0	230.0	257.0	196.0	248.0	187.0	338.0	259.0	154.0	254.0	259.0	308.0	212.0	286.0	257.0	286.0	296.0	183.0	235.0	372.0	251.0	330.0	366.0	434.0	362.0	212.0	465.0	260.0	438.0	575.0	630.0	492.0	602.0	568.0	575.0	562.0	402.0	449.0	492.0	413.0
53	20150910 14:34:03.538	436.0	631.0	131.0	145.0	175.0	131.0	133.0	105.0	150.0	153.0	222.0	152.0	151.0	145.0	187.0	187.0	171.0	245.0	221.0	144.0	171.0	152.0	183.0	211.0	171.0	229.0	156.0	294.0	149.0	300.0	157.0	217.0	161.0	311.0	321.0	190.0	330.0	431.0	389.0	280.0	210.0	318.0	346.0	309.0	408.0	392.0	384.0	279.0	243.0	477.0	241.0	443.0	372.0	358.0	379.0	414.0	376.0	435.0	327.0	330.0	372.0	400.0	414.0
54	20150910 16:52:11.529	434.0	630.0	128.0	132.0	149.0	162.0	151.0	161.0	150.0	171.0	145.0	125.0	142.0	146.0	137.0	201.0	189.0	169.0	221.0	127.0	174.0	161.0	225.0	211.0	157.0	234.0	142.0	255.0	135.0	344.0	161.0	217.0	197.0	288.0	312.0	190.0	339.0	431.0	404.0	306.0	216.0	391.0	346.0	309.0	408.0	462.0	384.0	359.0	210.0	358.0	234.0	443.0	375.0	358.0	508.0	440.0	423.0	445.0	415.0	385.0	365.0	433.0	424.0
55	20150910 16:52:11.529	642.0	630.0	171.0	129.0	206.0	185.0	171.0	131.0	242.0	145.0	218.0	153.0	128.0	139.0	186.0	240.0	199.0	149.0	146.0	170.0	181.0	176.0	199.0	172.0	190.0	284.0	166.0	248.0	191.0	338.0	172.0	178.0	254.0	301.0	251.0	217.0	235.0	257.0	232.0	201.0	183.0	167.0	240.0	223.0	283.0	311.0	361.0	185.0	210.0	425.0	229.0	368.0	452.0	421.0	434.0	470.0	445.0	455.0	493.0	379.0	390.0	386.0	384.0
56	20150911 18:21:27.677	639.0	629.0	131.0	110.0	207.0	151.0	157.0	142.0	129.0	164.0	205.0	177.0	154.0	156.0	186.0	180.0	181.0	147.0	171.0	150.0	145.0	176.0	195.0	256.0	132.0	287.0	180.0	278.0	154.0	317.0	198.0	169.0	157.0	236.0	251.0	205.0	257.0	310.0	276.0	252.0	157.0	243.0	313.0	189.0	321.0	298.0	328.0	270.0	211.0	425.0	229.0	438.0	452.0	630.0	417.0	470.0	536.0	474.0	476.0	404.0	449.0	467.0	478.0
57	20150911 00:54:46.151	439.0	629.0	159.0	144.0	127.0	144.0	162.0	143.0	124.0	115.0	222.0	138.0	201.0	119.0	187.0	188.0	207.0	237.0	191.0	125.0	135.0	214.0	219.0	197.0	160.0	234.0	138.0	263.0	154.0	237.0	168.0	221.0	161.0	245.0	272.0	155.0	330.0	456.0	351.0	260.0	187.0	214.0	287.0	283.0	450.0	448.0	472.0	343.0	254.0	397.0	241.0	435.0	390.0	461.0	338.0	365.0	376.0	368.0	511.0	391.0	368.0	367.0	363.0
58	20150911 00:54:46.151	432.0	627.0	138.0	171.0	168.0	150.0	155.0	119.0	192.0	149.0	196.0	146.0	154.0	128.0	156.0	198.0	171.0	150.0	198.0	197.0	218.0	231.0	198.0	246.0	191.0	241.0	133.0	269.0	173.0	256.0	161.0	179.0	216.0	249.0	244.0	250.0	371.0	424.0	506.0	315.0	216.0	340.0	333.0	228.0	386.0	435.0	401.0	325.0	226.0	391.0	235.0	338.0	397.0	387.0	508.0	395.0	423.0	445.0	385.0	340.0	446.0	373.0	386.0
59	20150911 20:42:09.457	636.0	628.0	145.0	146.0	214.0	151.0	180.0	163.0	147.0	133.0	174.0	127.0	142.0	128.0	152.0	159.0	183.0	174.0	171.0	154.0	132.0	162.0	184.0	218.0	151.0	230.0	216.0	262.0	122.0	266.0	198.0	172.0	142.0	265.0	222.0	185.0	269.0	213.0	174.0	252.0	169.0	233.0	210.0	198.0	205.0	239.0	264.0	173.0	185.0	229.0	184.0	276.0	319.0	366.0	343.0	373.0	427.0	329.0	304.0	323.0	357.0	369.0	358.0
60	20150911 00:54:46.151	437.0	627.0	144.0	207.0	166.0	123.0	161.0	185.0	161.0	196.0	185.0	129.0	277.0	173.0	150.0	188.0	239.0	237.0	156.0	168.0	179.0	160.0	217.0	264.0	217.0	246.0	140.0	263.0	178.0	349.0	253.0	221.0	208.0	338.0	306.0	229.0	418.0	616.0	426.0	321.0	206.0	391.0	391.0	279.0	582.0	525.0	647.0	365.0	355.0	494.0	336.0	480.0	544.0	613.0	470.0	546.0	540.0	507.0	560.0	416.0	517.0	411.0	444.0
61	20150910 21:27:59.599	439.0	625.0	158.0	207.0	175.0	89.0	133.0	133.0	147.0	141.0	155.0	107.0	199.0	173.0	150.0	189.0	239.0	190.0	161.0	156.0	141.0	186.0	217.0	247.0	217.0	257.0	140.0	201.0	154.0	242.0	253.0	184.0	149.0	338.0	265.0	198.0	396.0	528.0	330.0	262.0	193.0	255.0	387.0	281.0	513.0	451.0	487.0	311.0	294.0	432.0	321.0	402.0	374.0	525.0	385.0	423.0	462.0	395.0	469.0	388.0	343.0	348.0	343.0
62	20150910 21:27:59.599	435.0	625.0	140.0	140.0	168.0	122.0	138.0	183.0	161.0	196.0	171.0	149.0	277.0	167.0	137.0	180.0	170.0	202.0	228.0	197.0	155.0	231.0	230.0	264.0	210.0	281.0	198.0	247.0	178.0	349.0	291.0	221.0	216.0	394.0	306.0	250.0	418.0	616.0	506.0	321.0	206.0	350.0	438.0	319.0	582.0	525.0	647.0	364.0	343.0	494.0	336.0	488.0	544.0	613.0	450.0	546.0	540.0	514.0	558.0	416.0	517.0	487.0	444.0
63	20150910 21:27:59.599	437.0	622.0	148.0	177.0	136.0	149.0	152.0	149.0	162.0	143.0	161.0	151.0	170.0	146.0	139.0	198.0	195.0	194.0	190.0	156.0	159.0	176.0	182.0	202.0	198.0	232.0	171.0	224.0	186.0	250.0	260.0	184.0	149.0	332.0	300.0	220.0	350.0	459.0	425.0	245.0	142.0	296.0	342.0	213.0	392.0	389.0	365.0	213.0	280.0	383.0	321.0	420.0	401.0	397.0	356.0	449.0	406.0	504.0	402.0	384.0	363.0	401.0	387.0
64	20150910 21:27:59.599	433.0	622.0	153.0	115.0	147.0	116.0	169.0	119.0	140.0	205.0	190.0	121.0	232.0	148.0	138.0	133.0	141.0	209.0	212.0	222.0	163.0	165.0	166.0	233.0	127.0	267.0	194.0	235.0	138.0	274.0	260.0	245.0	163.0	394.0	225.0	202.0	392.0	496.0	426.0	266.0	173.0	260.0	491.0	197.0	248.0	449.0	346.0	252.0	216.0	360.0	177.0	396.0	360.0	272.0	378.0	356.0	348.0	511.0	386.0	309.0	376.0	407.0	423.0
65	20150911 00:54:46.151	1295.0	618.0	0.0	0.0	0.0	0.0	0.0	0.0	0.0	0.0	0.0	0.0	0.0	0.0	0.0	202.0	231.0	230.0	175.0	154.0	124.0	227.0	214.0	0.0	0.0	0.0	0.0	0.0	0.0	0.0	0.0	0.0	0.0	0.0	0.0	0.0	441.0	384.0	475.0	263.0	175.0	275.0	535.0	0.0	0.0	0.0	0.0	0.0	0.0	0.0	0.0	0.0	0.0	0.0	0.0	0.0	0.0	0.0	0.0	0.0	0.0	0.0	0.0
66	20150911 00:54:46.151	1293.0	618.0	0.0	0.0	0.0	0.0	0.0	0.0	0.0	0.0	0.0	0.0	0.0	0.0	0.0	202.0	231.0	230.0	175.0	170.0	114.0	227.0	159.0	0.0	0.0	0.0	0.0	0.0	0.0	0.0	0.0	0.0	0.0	0.0	0.0	126.0	441.0	384.0	475.0	263.0	174.0	275.0	535.0	0.0	0.0	0.0	0.0	0.0	0.0	0.0	0.0	0.0	0.0	0.0	0.0	0.0	0.0	0.0	0.0	0.0	0.0	0.0	0.0
67	20150911 06:39:08.984	1078.0	618.0	170.0	104.0	208.0	201.0	154.0	137.0	121.0	135.0	131.0	117.0	122.0	111.0	196.0	134.0	163.0	138.0	104.0	164.0	111.0	136.0	130.0	126.0	117.0	180.0	103.0	136.0	114.0	119.0	164.0	145.0	148.0	188.0	128.0	178.0	208.0	101.0	105.0	79.0	188.0	596.0	335.0	553.0	131.0	148.0	139.0	90.0	132.0	160.0	92.0	140.0	152.0	131.0	137.0	87.0	133.0	154.0	102.0	120.0	107.0	184.0	152.0
68	20150911 00:54:46.151	1291.0	617.0	0.0	0.0	0.0	0.0	0.0	0.0	0.0	0.0	0.0	0.0	0.0	0.0	0.0	173.0	199.0	174.0	158.0	170.0	147.0	152.0	169.0	0.0	0.0	0.0	0.0	0.0	0.0	0.0	0.0	0.0	0.0	0.0	0.0	161.0	283.0	323.0	428.0	220.0	149.0	253.0	276.0	0.0	0.0	0.0	0.0	0.0	0.0	0.0	0.0	0.0	0.0	0.0	0.0	0.0	0.0	0.0	0.0	0.0	0.0	0.0	0.0
69	20150911 06:39:08.984	1080.0	616.0	125.0	108.0	108.0	138.0	190.0	92.0	139.0	163.0	140.0	201.0	120.0	114.0	127.0	172.0	180.0	149.0	138.0	127.0	133.0	125.0	115.0	120.0	125.0	203.0	113.0	116.0	114.0	153.0	142.0	171.0	125.0	151.0	132.0	106.0	162.0	176.0	166.0	182.0	157.0	705.0	328.0	573.0	126.0	224.0	139.0	92.0	122.0	109.0	117.0	169.0	146.0	127.0	216.0	132.0	127.0	154.0	104.0	157.0	135.0	184.0	108.0
70	20150911 06:39:08.984	1076.0	614.0	156.0	163.0	159.0	135.0	99.0	126.0	194.0	104.0	133.0	130.0	138.0	161.0	167.0	177.0	156.0	135.0	136.0	132.0	110.0	145.0	158.0	127.0	122.0	145.0	141.0	164.0	164.0	191.0	152.0	182.0	144.0	194.0	147.0	135.0	138.0	117.0	129.0	157.0	176.0	667.0	375.0	346.0	155.0	101.0	121.0	152.0	106.0	116.0	161.0	211.0	117.0	92.0	181.0	132.0	155.0	191.0	138.0	98.0	88.0	131.0	161.0
71	20150910 08:48:24.913	1296.0	615.0	0.0	0.0	0.0	0.0	0.0	0.0	0.0	0.0	0.0	0.0	0.0	0.0	0.0	191.0	243.0	183.0	185.0	158.0	158.0	224.0	262.0	0.0	0.0	0.0	0.0	0.0	0.0	0.0	0.0	0.0	0.0	0.0	0.0	0.0	366.0	384.0	433.0	287.0	204.0	326.0	522.0	0.0	0.0	0.0	0.0	0.0	0.0	0.0	0.0	0.0	0.0	0.0	0.0	0.0	0.0	0.0	0.0	0.0	0.0	0.0	0.0
72	20150911 00:54:46.151	1292.0	615.0	0.0	0.0	0.0	0.0	0.0	0.0	0.0	0.0	0.0	0.0	0.0	0.0	0.0	173.0	198.0	155.0	193.0	172.0	147.0	152.0	247.0	0.0	0.0	0.0	0.0	0.0	0.0	0.0	0.0	0.0	0.0	0.0	0.0	116.0	347.0	426.0	428.0	231.0	202.0	325.0	535.0	0.0	0.0	0.0	0.0	0.0	0.0	0.0	0.0	0.0	0.0	0.0	0.0	0.0	0.0	0.0	0.0	0.0	0.0	0.0	0.0
73	20150911 10:06:28.235	1101.0	612.0	89.0	98.0	252.0	137.0	150.0	152.0	145.0	88.0	130.0	144.0	132.0	101.0	169.0	216.0	106.0	114.0	182.0	134.0	146.0	108.0	146.0	157.0	111.0	164.0	178.0	186.0	197.0	149.0	107.0	121.0	189.0	142.0	125.0	136.0	142.0	111.0	175.0	113.0	86.0	165.0	139.0	124.0	419.0	374.0	449.0	467.0	109.0	186.0	117.0	118.0	121.0	141.0	119.0	147.0	175.0	125.0	128.0	114.0	105.0	152.0	146.0
74	20150910 04:07:19.765	1297.0	613.0	0.0	0.0	0.0	0.0	0.0	0.0	0.0	0.0	0.0	0.0	0.0	0.0	0.0	188.0	207.0	136.0	229.0	134.0	162.0	175.0	262.0	0.0	0.0	0.0	0.0	0.0	0.0	0.0	0.0	0.0	0.0	0.0	0.0	0.0	351.0	257.0	433.0	257.0	198.0	248.0	432.0	0.0	0.0	0.0	0.0	0.0	0.0	0.0	0.0	0.0	0.0	0.0	0.0	0.0	0.0	0.0	0.0	0.0	0.0	0.0	0.0
75	20150910 01:46:36.156	1293.0	613.0	0.0	0.0	0.0	0.0	0.0	0.0	0.0	0.0	0.0	0.0	0.0	0.0	0.0	191.0	243.0	159.0	193.0	172.0	140.0	174.0	247.0	0.0	0.0	0.0	0.0	0.0	0.0	0.0	0.0	0.0	0.0	0.0	0.0	53.0	347.0	426.0	422.0	232.0	202.0	325.0	441.0	0.0	0.0	0.0	0.0	0.0	0.0	0.0	0.0	0.0	0.0	0.0	0.0	0.0	0.0	0.0	0.0	0.0	0.0	0.0	0.0
76	20150911 06:39:08.984	1081.0	613.0	93.0	112.0	102.0	94.0	196.0	151.0	150.0	128.0	141.0	201.0	180.0	132.0	122.0	172.0	87.0	155.0	192.0	127.0	114.0	148.0	130.0	157.0	150.0	124.0	169.0	121.0	103.0	174.0	140.0	134.0	158.0	150.0	151.0	151.0	203.0	158.0	116.0	182.0	166.0	705.0	314.0	403.0	164.0	224.0	117.0	141.0	99.0	100.0	107.0	111.0	95.0	206.0	125.0	151.0	152.0	116.0	105.0	170.0	152.0	175.0	108.0
77	20150910 02:57:03.742	1295.0	612.0	0.0	0.0	0.0	0.0	0.0	0.0	0.0	0.0	0.0	0.0	0.0	0.0	0.0	151.0	154.0	192.0	185.0	172.0	140.0	174.0	247.0	0.0	0.0	0.0	0.0	0.0	0.0	0.0	0.0	0.0	0.0	0.0	0.0	0.0	351.0	284.0	383.0	238.0	202.0	248.0	383.0	0.0	0.0	0.0	0.0	0.0	0.0	0.0	0.0	0.0	0.0	0.0	0.0	0.0	0.0	0.0	0.0	0.0	0.0	0.0	0.0
78	20150911 06:39:08.984	1078.0	612.0	156.0	119.0	117.0	144.0	92.0	157.0	123.0	128.0	141.0	130.0	138.0	122.0	185.0	139.0	156.0	143.0	164.0	162.0	132.0	162.0	154.0	149.0	150.0	129.0	134.0	117.0	144.0	191.0	135.0	165.0	150.0	150.0	129.0	125.0	156.0	159.0	122.0	136.0	142.0	612.0	280.0	354.0	130.0	128.0	161.0	143.0	115.0	116.0	225.0	173.0	114.0	194.0	124.0	151.0	143.0	196.0	132.0	140.0	185.0	131.0	158.0
79	20150910 09:58:01.840	30.0	578.0	113.0	134.0	153.0	100.0	127.0	166.0	119.0	138.0	155.0	158.0	147.0	162.0	150.0	131.0	146.0	149.0	200.0	104.0	129.0	113.0	126.0	396.0	394.0	387.0	461.0	296.0	424.0	383.0	479.0	379.0	470.0	365.0	342.0	384.0	364.0	452.0	486.0	545.0	213.0	351.0	353.0	429.0	489.0	531.0	640.0	531.0	466.0	542.0	486.0	624.0	519.0	488.0	525.0	546.0	652.0	672.0	484.0	534.0	0.0	0.0	0.0
80	20150910 09:58:01.840	27.0	577.0	120.0	165.0	144.0	127.0	87.0	139.0	152.0	176.0	146.0	120.0	163.0	150.0	153.0	158.0	168.0	179.0	200.0	143.0	109.0	110.0	146.0	442.0	484.0	432.0	387.0	248.0	496.0	531.0	479.0	369.0	513.0	541.0	352.0	512.0	503.0	452.0	542.0	545.0	318.0	392.0	480.0	474.0	468.0	637.0	640.0	422.0	437.0	467.0	486.0	524.0	458.0	467.0	607.0	439.0	652.0	747.0	478.0	534.0	0.0	0.0	0.0
81	20150910 09:58:01.840	30.0	574.0	149.0	148.0	143.0	110.0	145.0	152.0	114.0	194.0	163.0	139.0	105.0	161.0	114.0	150.0	177.0	140.0	187.0	171.0	150.0	108.0	170.0	539.0	484.0	432.0	467.0	409.0	645.0	537.0	594.0	476.0	513.0	541.0	470.0	611.0	503.0	387.0	542.0	466.0	301.0	371.0	480.0	478.0	573.0	637.0	493.0	514.0	489.0	540.0	513.0	582.0	534.0	562.0	624.0	650.0	541.0	747.0	478.0	496.0	0.0	0.0	0.0
82	20150910 09:58:01.840	26.0	575.0	148.0	165.0	144.0	168.0	97.0	125.0	168.0	168.0	102.0	120.0	163.0	163.0	204.0	108.0	172.0	178.0	173.0	143.0	151.0	132.0	146.0	364.0	501.0	411.0	378.0	284.0	506.0	402.0	494.0	402.0	451.0	431.0	316.0	426.0	275.0	339.0	478.0	406.0	318.0	392.0	492.0	344.0	401.0	454.0	388.0	378.0	370.0	467.0	349.0	446.0	327.0	456.0	346.0	374.0	540.0	477.0	442.0	428.0	0.0	0.0	0.0
83	20150910 09:58:01.840	27.0	573.0	132.0	159.0	127.0	168.0	168.0	152.0	99.0	176.0	168.0	113.0	130.0	139.0	204.0	139.0	177.0	192.0	174.0	105.0	151.0	174.0	161.0	466.0	501.0	411.0	407.0	409.0	586.0	372.0	564.0	427.0	503.0	499.0	470.0	465.0	450.0	387.0	512.0	466.0	301.0	378.0	492.0	279.0	401.0	454.0	388.0	396.0	441.0	436.0	313.0	385.0	484.0	478.0	428.0	542.0	530.0	607.0	382.0	428.0	0.0	0.0	0.0
84	20150911 07:48:01.138	1008.0	568.0	123.0	110.0	185.0	108.0	156.0	181.0	148.0	116.0	201.0	156.0	156.0	211.0	167.0	147.0	219.0	128.0	212.0	137.0	150.0	183.0	166.0	194.0	217.0	171.0	221.0	258.0	170.0	291.0	199.0	177.0	254.0	349.0	342.0	203.0	393.0	307.0	424.0	341.0	228.0	448.0	563.0	427.0	765.0	736.0	926.0	430.0	429.0	695.0	434.0	878.0	599.0	686.0	696.0	595.0	651.0	817.0	733.0	712.0	606.0	700.0	702.0
85	20150911 10:06:28.235	1013.0	567.0	150.0	143.0	185.0	138.0	169.0	140.0	172.0	125.0	176.0	222.0	164.0	114.0	204.0	218.0	198.0	176.0	131.0	169.0	133.0	174.0	189.0	249.0	200.0	180.0	142.0	208.0	152.0	271.0	146.0	228.0	235.0	289.0	286.0	177.0	349.0	289.0	349.0	193.0	286.0	508.0	521.0	335.0	969.0	873.0	1041.0	464.0	337.0	720.0	376.0	604.0	551.0	539.0	723.0	534.0	685.0	630.0	648.0	613.0	635.0	650.0	636.0
86	20150911 07:48:01.138	1006.0	566.0	149.0	125.0	181.0	99.0	120.0	129.0	162.0	171.0	127.0	162.0	193.0	211.0	131.0	160.0	219.0	185.0	151.0	147.0	150.0	257.0	166.0	194.0	235.0	245.0	221.0	270.0	228.0	291.0	187.0	198.0	235.0	286.0	313.0	247.0	319.0	345.0	295.0	267.0	220.0	346.0	588.0	281.0	644.0	713.0	902.0	424.0	303.0	808.0	382.0	787.0	874.0	987.0	680.0	843.0	706.0	714.0	789.0	596.0	721.0	652.0	733.0
87	20150911 07:48:01.138	1014.0	565.0	140.0	133.0	185.0	162.0	185.0	190.0	165.0	172.0	123.0	222.0	192.0	156.0	204.0	165.0	132.0	173.0	167.0	169.0	114.0	174.0	219.0	249.0	156.0	200.0	183.0	233.0	176.0	224.0	146.0	204.0	178.0	289.0	256.0	179.0	298.0	271.0	351.0	284.0	255.0	399.0	505.0	403.0	663.0	729.0	800.0	504.0	236.0	710.0	276.0	479.0	427.0	447.0	592.0	572.0	572.0	459.0	523.0	458.0	533.0	601.0	572.0
88	20150911 07:48:01.138	1011.0	565.0	147.0	134.0	185.0	162.0	183.0	181.0	172.0	172.0	186.0	222.0	238.0	135.0	204.0	189.0	195.0	176.0	132.0	198.0	117.0	174.0	190.0	246.0	217.0	268.0	148.0	288.0	183.0	304.0	215.0	228.0	254.0	375.0	371.0	295.0	460.0	403.0	568.0	371.0	260.0	606.0	778.0	454.0	1021.0	1082.0	1128.0	528.0	455.0	1022.0	441.0	878.0	1109.0	892.0	836.0	814.0	1107.0	912.0	1079.0	712.0	727.0	810.0	772.0
89	20150911 07:48:01.138	1008.0	563.0	142.0	149.0	188.0	118.0	122.0	128.0	162.0	171.0	129.0	159.0	165.0	163.0	184.0	171.0	197.0	148.0	170.0	165.0	175.0	257.0	254.0	285.0	235.0	253.0	302.0	283.0	220.0	306.0	192.0	189.0	235.0	420.0	371.0	240.0	412.0	496.0	568.0	370.0	233.0	606.0	780.0	378.0	955.0	947.0	1053.0	482.0	455.0	1022.0	517.0	852.0	1109.0	987.0	764.0	897.0	1107.0	887.0	1118.0	714.0	721.0	771.0	804.0
90	20150911 07:48:01.138	1013.0	563.0	95.0	133.0	163.0	218.0	131.0	190.0	168.0	172.0	120.0	128.0	192.0	156.0	169.0	189.0	159.0	119.0	167.0	144.0	198.0	211.0	219.0	229.0	233.0	209.0	183.0	233.0	176.0	210.0	129.0	143.0	178.0	300.0	275.0	237.0	345.0	283.0	423.0	371.0	260.0	505.0	564.0	403.0	862.0	876.0	942.0	528.0	357.0	956.0	317.0	598.0	626.0	556.0	792.0	668.0	874.0	568.0	662.0	553.0	580.0	519.0	548.0
91	20150911 07:48:01.138	1005.0	563.0	93.0	130.0	166.0	99.0	157.0	138.0	131.0	171.0	192.0	159.0	184.0	163.0	175.0	178.0	194.0	110.0	146.0	101.0	175.0	225.0	185.0	205.0	235.0	253.0	157.0	210.0	228.0	219.0	187.0	177.0	235.0	275.0	277.0	228.0	283.0	345.0	275.0	247.0	190.0	311.0	495.0	249.0	534.0	592.0	575.0	310.0	220.0	520.0	382.0	697.0	730.0	783.0	573.0	637.0	556.0	602.0	500.0	454.0	563.0	518.0	564.0
92	20150911 06:39:08.984	1011.0	561.0	96.0	137.0	143.0	147.0	122.0	113.0	168.0	179.0	148.0	121.0	140.0	139.0	154.0	165.0	119.0	148.0	199.0	168.0	198.0	211.0	254.0	229.0	243.0	258.0	233.0	224.0	187.0	260.0	156.0	170.0	190.0	368.0	325.0	264.0	412.0	496.0	333.0	370.0	234.0	505.0	616.0	395.0	777.0	723.0	719.0	422.0	382.0	875.0	310.0	591.0	812.0	761.0	654.0	764.0	911.0	603.0	698.0	622.0	592.0	711.0	804.0
93	20150911 06:39:08.984	1006.0	561.0	142.0	219.0	155.0	145.0	128.0	149.0	123.0	169.0	192.0	138.0	163.0	152.0	167.0	178.0	150.0	113.0	153.0	196.0	164.0	225.0	175.0	200.0	130.0	253.0	219.0	257.0	169.0	282.0	187.0	210.0	177.0	250.0	203.0	152.0	283.0	324.0	350.0	223.0	215.0	454.0	495.0	249.0	431.0	521.0	395.0	310.0	189.0	524.0	253.0	650.0	722.0	766.0	530.0	609.0	592.0	580.0	547.0	524.0	563.0	650.0	629.0
94	20150911 07:48:01.138	1008.0	560.0	142.0	219.0	158.0	177.0	148.0	113.0	152.0	169.0	155.0	108.0	171.0	150.0	167.0	185.0	121.0	148.0	211.0	196.0	130.0	143.0	166.0	285.0	243.0	216.0	219.0	257.0	175.0	306.0	137.0	189.0	159.0	368.0	273.0	264.0	412.0	316.0	333.0	237.0	233.0	375.0	616.0	335.0	499.0	549.0	465.0	320.0	361.0	660.0	260.0	583.0	635.0	665.0	601.0	614.0	692.0	621.0	560.0	627.0	563.0	633.0	804.0
95	20150911 00:54:46.151	151.0	500.0	134.0	131.0	161.0	128.0	128.0	160.0	195.0	156.0	188.0	200.0	134.0	135.0	204.0	105.0	154.0	163.0	165.0	189.0	218.0	125.0	178.0	208.0	215.0	124.0	177.0	184.0	212.0	300.0	237.0	243.0	209.0	216.0	183.0	292.0	479.0	540.0	458.0	491.0	249.0	465.0	462.0	561.0	586.0	503.0	448.0	438.0	374.0	476.0	506.0	538.0	482.0	540.0	575.0	606.0	447.0	530.0	426.0	457.0	446.0	565.0	494.0
96	20150911 00:54:46.151	154.0	498.0	140.0	164.0	185.0	165.0	180.0	173.0	197.0	215.0	146.0	152.0	217.0	179.0	174.0	146.0	187.0	169.0	162.0	172.0	152.0	161.0	178.0	230.0	181.0	296.0	233.0	266.0	253.0	245.0	255.0	243.0	193.0	317.0	281.0	423.0	551.0	638.0	624.0	697.0	191.0	661.0	625.0	561.0	656.0	818.0	693.0	821.0	551.0	719.0	523.0	649.0	599.0	625.0	710.0	608.0	576.0	598.0	491.0	662.0	518.0	511.0	592.0
97	20150911 00:54:46.151	150.0	497.0	132.0	148.0	139.0	140.0	128.0	125.0	123.0	115.0	114.0	200.0	144.0	149.0	188.0	198.0	144.0	163.0	150.0	176.0	218.0	189.0	197.0	177.0	246.0	233.0	160.0	184.0	243.0	300.0	205.0	173.0	227.0	241.0	254.0	372.0	551.0	612.0	618.0	674.0	270.0	703.0	503.0	459.0	575.0	513.0	492.0	540.0	393.0	469.0	478.0	504.0	437.0	483.0	559.0	603.0	554.0	586.0	542.0	560.0	635.0	645.0	606.0
98	20150911 02:03:37.476	155.0	496.0	140.0	149.0	148.0	165.0	180.0	196.0	180.0	146.0	127.0	123.0	223.0	179.0	214.0	170.0	168.0	175.0	160.0	155.0	135.0	129.0	165.0	230.0	309.0	180.0	233.0	236.0	253.0	192.0	255.0	181.0	248.0	317.0	281.0	345.0	417.0	490.0	450.0	492.0	225.0	402.0	321.0	536.0	600.0	818.0	693.0	782.0	469.0	486.0	507.0	649.0	502.0	444.0	505.0	503.0	472.0	544.0	291.0	415.0	440.0	339.0	418.0
99	20150911 00:54:46.151	151.0	495.0	176.0	157.0	181.0	128.0	182.0	167.0	134.0	113.0	167.0	139.0	217.0	162.0	150.0	198.0	167.0	132.0	166.0	176.0	158.0	189.0	197.0	202.0	246.0	233.0	183.0	191.0	243.0	263.0	247.0	292.0	227.0	241.0	273.0	423.0	525.0	638.0	624.0	690.0	302.0	703.0	625.0	459.0	564.0	606.0	505.0	821.0	473.0	652.0	523.0	504.0	479.0	471.0	616.0	603.0	524.0	504.0	450.0	526.0	517.0	549.0	565.0
100	20150911 00:54:46.151	153.0	494.0	176.0	149.0	174.0	165.0	182.0	196.0	177.0	138.0	167.0	109.0	223.0	176.0	214.0	170.0	168.0	175.0	160.0	142.0	231.0	156.0	197.0	216.0	246.0	180.0	183.0	214.0	187.0	202.0	224.0	292.0	248.0	241.0	222.0	333.0	443.0	569.0	477.0	581.0	258.0	539.0	398.0	406.0	447.0	413.0	452.0	562.0	393.0	448.0	397.0	359.0	376.0	377.0	426.0	406.0	323.0	450.0	333.0	352.0	396.0	322.0	397.0
101	20150910 04:07:19.765	1006.0	443.0	116.0	126.0	124.0	132.0	105.0	108.0	117.0	184.0	202.0	100.0	177.0	149.0	160.0	122.0	133.0	167.0	207.0	134.0	119.0	143.0	124.0	156.0	128.0	146.0	118.0	144.0	164.0	145.0	143.0	137.0	122.0	219.0	130.0	173.0	177.0	102.0	169.0	114.0	179.0	147.0	190.0	214.0	145.0	213.0	253.0	176.0	252.0	196.0	151.0	234.0	156.0	218.0	206.0	201.0	170.0	252.0	170.0	278.0	239.0	221.0	247.0
102	20150911 03:12:29.173	1310.0	362.0	0.0	0.0	0.0	0.0	0.0	0.0	0.0	0.0	0.0	0.0	0.0	0.0	0.0	0.0	88.0	103.0	125.0	127.0	183.0	135.0	131.0	0.0	0.0	0.0	0.0	0.0	0.0	0.0	0.0	0.0	0.0	0.0	0.0	0.0	0.0	0.0	195.0	149.0	384.0	155.0	134.0	0.0	0.0	0.0	0.0	0.0	0.0	0.0	0.0	0.0	0.0	0.0	0.0	0.0	0.0	0.0	0.0	0.0	0.0	0.0	0.0
103	20150911 03:12:29.173	1308.0	363.0	0.0	0.0	0.0	0.0	0.0	0.0	0.0	0.0	0.0	0.0	0.0	0.0	0.0	0.0	149.0	156.0	163.0	127.0	183.0	155.0	129.0	0.0	0.0	0.0	0.0	0.0	0.0	0.0	0.0	0.0	0.0	0.0	0.0	0.0	0.0	0.0	195.0	158.0	384.0	101.0	167.0	0.0	0.0	0.0	0.0	0.0	0.0	0.0	0.0	0.0	0.0	0.0	0.0	0.0	0.0	0.0	0.0	0.0	0.0	0.0	0.0
104	20150911 05:30:14.628	1299.0	361.0	0.0	0.0	0.0	0.0	0.0	0.0	0.0	0.0	0.0	0.0	0.0	0.0	0.0	145.0	119.0	148.0	185.0	128.0	140.0	154.0	148.0	0.0	0.0	0.0	0.0	0.0	0.0	0.0	0.0	0.0	0.0	0.0	0.0	0.0	54.0	157.0	150.0	161.0	421.0	169.0	151.0	0.0	0.0	0.0	0.0	0.0	0.0	0.0	0.0	0.0	0.0	0.0	0.0	0.0	0.0	0.0	0.0	0.0	0.0	0.0	0.0
105	20150910 02:57:03.742	1291.0	360.0	0.0	0.0	0.0	0.0	0.0	0.0	0.0	0.0	0.0	0.0	0.0	0.0	0.0	140.0	113.0	184.0	152.0	115.0	155.0	129.0	108.0	0.0	0.0	0.0	0.0	0.0	0.0	0.0	0.0	0.0	0.0	0.0	0.0	129.0	141.0	115.0	155.0	149.0	356.0	167.0	103.0	0.0	0.0	0.0	0.0	0.0	0.0	0.0	0.0	0.0	0.0	0.0	0.0	0.0	0.0	0.0	0.0	0.0	0.0	0.0	0.0
106	20150911 05:30:14.628	1288.0	360.0	0.0	0.0	0.0	0.0	0.0	0.0	0.0	0.0	0.0	0.0	0.0	0.0	84.0	153.0	113.0	132.0	130.0	110.0	142.0	129.0	125.0	0.0	0.0	0.0	0.0	0.0	0.0	0.0	0.0	0.0	0.0	0.0	0.0	141.0	145.0	131.0	142.0	166.0	349.0	151.0	184.0	0.0	0.0	0.0	0.0	0.0	0.0	0.0	0.0	0.0	0.0	0.0	0.0	0.0	0.0	0.0	0.0	0.0	0.0	0.0	0.0
107	20150911 05:30:14.628	1297.0	359.0	0.0	0.0	0.0	0.0	0.0	0.0	0.0	0.0	0.0	0.0	0.0	0.0	0.0	109.0	159.0	158.0	135.0	127.0	162.0	86.0	148.0	0.0	0.0	0.0	0.0	0.0	0.0	0.0	0.0	0.0	0.0	0.0	0.0	0.0	89.0	117.0	162.0	147.0	440.0	130.0	158.0	0.0	0.0	0.0	0.0	0.0	0.0	0.0	0.0	0.0	0.0	0.0	0.0	0.0	0.0	0.0	0.0	0.0	0.0	0.0	0.0
108	20150911 05:30:14.628	1302.0	358.0	0.0	0.0	0.0	0.0	0.0	0.0	0.0	0.0	0.0	0.0	0.0	0.0	0.0	181.0	135.0	134.0	165.0	164.0	200.0	168.0	162.0	0.0	0.0	0.0	0.0	0.0	0.0	0.0	0.0	0.0	0.0	0.0	0.0	0.0	0.0	94.0	163.0	112.0	433.0	187.0	139.0	0.0	0.0	0.0	0.0	0.0	0.0	0.0	0.0	0.0	0.0	0.0	0.0	0.0	0.0	0.0	0.0	0.0	0.0	0.0	0.0
109	20150911 05:30:14.628	1299.0	358.0	0.0	0.0	0.0	0.0	0.0	0.0	0.0	0.0	0.0	0.0	0.0	0.0	0.0	141.0	159.0	158.0	131.0	113.0	200.0	96.0	162.0	0.0	0.0	0.0	0.0	0.0	0.0	0.0	0.0	0.0	0.0	0.0	0.0	0.0	102.0	113.0	162.0	86.0	505.0	97.0	151.0	0.0	0.0	0.0	0.0	0.0	0.0	0.0	0.0	0.0	0.0	0.0	0.0	0.0	0.0	0.0	0.0	0.0	0.0	0.0	0.0
110	20150911 05:30:14.628	1300.0	356.0	0.0	0.0	0.0	0.0	0.0	0.0	0.0	0.0	0.0	0.0	0.0	0.0	0.0	181.0	177.0	158.0	181.0	149.0	113.0	150.0	162.0	0.0	0.0	0.0	0.0	0.0	0.0	0.0	0.0	0.0	0.0	0.0	0.0	0.0	0.0	130.0	162.0	113.0	440.0	108.0	127.0	0.0	0.0	0.0	0.0	0.0	0.0	0.0	0.0	0.0	0.0	0.0	0.0	0.0	0.0	0.0	0.0	0.0	0.0	0.0	0.0
111	20150911 05:30:14.628	1297.0	356.0	0.0	0.0	0.0	0.0	0.0	0.0	0.0	0.0	0.0	0.0	0.0	0.0	0.0	141.0	177.0	158.0	133.0	156.0	113.0	96.0	162.0	0.0	0.0	0.0	0.0	0.0	0.0	0.0	0.0	0.0	0.0	0.0	0.0	0.0	121.0	130.0	162.0	157.0	440.0	123.0	159.0	0.0	0.0	0.0	0.0	0.0	0.0	0.0	0.0	0.0	0.0	0.0	0.0	0.0	0.0	0.0	0.0	0.0	0.0	0.0	0.0
112	20150911 02:03:37.476	279.0	303.0	144.0	166.0	131.0	112.0	124.0	181.0	132.0	133.0	193.0	146.0	238.0	105.0	199.0	230.0	141.0	179.0	173.0	200.0	156.0	134.0	121.0	186.0	182.0	147.0	146.0	222.0	211.0	300.0	184.0	248.0	203.0	264.0	284.0	212.0	273.0	406.0	320.0	394.0	226.0	349.0	347.0	313.0	406.0	596.0	444.0	474.0	295.0	419.0	329.0	410.0	360.0	413.0	491.0	417.0	463.0	488.0	365.0	400.0	387.0	433.0	388.0
113	20150910 22:36:57.423	276.0	302.0	106.0	166.0	197.0	194.0	157.0	181.0	133.0	164.0	146.0	211.0	238.0	151.0	160.0	230.0	148.0	149.0	173.0	99.0	107.0	153.0	202.0	180.0	277.0	196.0	179.0	291.0	212.0	288.0	184.0	280.0	213.0	276.0	376.0	241.0	345.0	527.0	536.0	563.0	226.0	471.0	517.0	371.0	490.0	432.0	532.0	545.0	326.0	630.0	431.0	462.0	494.0	404.0	582.0	468.0	596.0	608.0	372.0	457.0	581.0	493.0	548.0
114	20150911 02:03:37.476	281.0	301.0	144.0	149.0	230.0	112.0	149.0	156.0	132.0	130.0	177.0	178.0	193.0	118.0	202.0	177.0	160.0	181.0	129.0	113.0	158.0	142.0	165.0	162.0	182.0	189.0	154.0	245.0	207.0	324.0	234.0	190.0	198.0	251.0	268.0	293.0	345.0	378.0	415.0	490.0	207.0	436.0	366.0	453.0	509.0	612.0	613.0	596.0	338.0	608.0	420.0	546.0	431.0	476.0	558.0	577.0	505.0	510.0	381.0	443.0	456.0	365.0	491.0
115	20150910 16:52:11.529	274.0	299.0	151.0	167.0	197.0	155.0	137.0	95.0	147.0	184.0	120.0	208.0	161.0	168.0	200.0	169.0	158.0	168.0	162.0	165.0	118.0	174.0	183.0	222.0	192.0	207.0	170.0	230.0	141.0	310.0	176.0	212.0	192.0	306.0	324.0	241.0	291.0	371.0	360.0	439.0	295.0	468.0	383.0	221.0	329.0	339.0	375.0	284.0	257.0	255.0	241.0	431.0	379.0	365.0	344.0	362.0	351.0	408.0	356.0	355.0	382.0	438.0	513.0
116	20150911 02:03:37.476	281.0	299.0	129.0	160.0	230.0	100.0	149.0	110.0	160.0	130.0	154.0	178.0	193.0	118.0	202.0	177.0	160.0	181.0	177.0	134.0	160.0	142.0	174.0	193.0	157.0	205.0	175.0	245.0	211.0	324.0	234.0	272.0	171.0	311.0	326.0	293.0	345.0	378.0	415.0	490.0	231.0	436.0	366.0	453.0	509.0	612.0	613.0	596.0	338.0	608.0	420.0	546.0	459.0	502.0	558.0	577.0	505.0	510.0	381.0	443.0	456.0	365.0	491.0
117	20150911 02:03:37.476	279.0	298.0	135.0	149.0	177.0	145.0	181.0	196.0	128.0	145.0	162.0	178.0	179.0	155.0	204.0	195.0	137.0	158.0	177.0	132.0	195.0	204.0	203.0	237.0	173.0	223.0	175.0	292.0	267.0	303.0	234.0	275.0	230.0	368.0	326.0	331.0	371.0	552.0	595.0	543.0	245.0	684.0	472.0	454.0	545.0	614.0	613.0	609.0	380.0	631.0	454.0	552.0	518.0	502.0	667.0	577.0	652.0	584.0	468.0	518.0	649.0	563.0	491.0
118	20150910 16:52:11.529	277.0	296.0	149.0	150.0	177.0	121.0	140.0	174.0	110.0	145.0	200.0	137.0	234.0	192.0	204.0	168.0	168.0	180.0	206.0	166.0	178.0	152.0	196.0	200.0	176.0	223.0	182.0	201.0	196.0	335.0	213.0	226.0	198.0	342.0	280.0	260.0	314.0	365.0	501.0	461.0	254.0	490.0	368.0	285.0	397.0	332.0	384.0	383.0	304.0	359.0	296.0	386.0	379.0	345.0	312.0	377.0	400.0	369.0	387.0	355.0	410.0	395.0	423.0
119	20150910 23:45:46.880	280.0	295.0	146.0	157.0	130.0	102.0	125.0	196.0	118.0	198.0	140.0	132.0	189.0	150.0	193.0	233.0	123.0	147.0	204.0	135.0	195.0	159.0	156.0	208.0	158.0	188.0	130.0	200.0	229.0	222.0	196.0	160.0	228.0	253.0	177.0	260.0	251.0	288.0	341.0	255.0	165.0	263.0	344.0	247.0	397.0	344.0	399.0	321.0	260.0	386.0	231.0	386.0	319.0	415.0	294.0	283.0	332.0	310.0	316.0	308.0	232.0	342.0	274.0
120	20150911 18:21:27.677	156.0	258.0	122.0	133.0	228.0	178.0	167.0	151.0	166.0	222.0	291.0	195.0	136.0	222.0	153.0	164.0	163.0	183.0	149.0	131.0	122.0	210.0	135.0	144.0	210.0	196.0	154.0	228.0	196.0	181.0	212.0	198.0	183.0	238.0	206.0	185.0	194.0	217.0	189.0	194.0	210.0	304.0	218.0	250.0	201.0	271.0	328.0	361.0	387.0	567.0	488.0	668.0	468.0	597.0	649.0	587.0	602.0	574.0	548.0	525.0	633.0	494.0	550.0
121	20150911 12:27:07.617	159.0	257.0	108.0	159.0	201.0	165.0	162.0	171.0	206.0	181.0	291.0	195.0	162.0	247.0	226.0	194.0	260.0	194.0	130.0	157.0	190.0	135.0	183.0	215.0	210.0	221.0	202.0	193.0	196.0	260.0	177.0	198.0	286.0	172.0	132.0	197.0	194.0	181.0	234.0	221.0	175.0	182.0	218.0	213.0	310.0	348.0	611.0	429.0	518.0	868.0	567.0	870.0	833.0	873.0	924.0	821.0	839.0	820.0	842.0	761.0	756.0	740.0	814.0
122	20150911 12:27:07.617	161.0	255.0	85.0	149.0	143.0	190.0	178.0	195.0	173.0	220.0	151.0	189.0	167.0	247.0	226.0	187.0	251.0	194.0	154.0	164.0	128.0	111.0	183.0	224.0	170.0	188.0	202.0	211.0	181.0	195.0	198.0	197.0	213.0	217.0	199.0	220.0	190.0	209.0	187.0	205.0	211.0	229.0	215.0	302.0	379.0	459.0	612.0	446.0	671.0	816.0	707.0	892.0	938.0	874.0	924.0	771.0	836.0	801.0	637.0	548.0	636.0	605.0	624.0
123	20150911 19:31:37.415	155.0	254.0	139.0	174.0	194.0	184.0	231.0	167.0	165.0	185.0	199.0	224.0	162.0	174.0	201.0	185.0	184.0	199.0	166.0	163.0	170.0	122.0	201.0	183.0	168.0	202.0	182.0	247.0	178.0	210.0	233.0	184.0	210.0	230.0	170.0	237.0	224.0	222.0	207.0	174.0	195.0	226.0	255.0	238.0	223.0	273.0	422.0	417.0	482.0	540.0	597.0	630.0	568.0	623.0	706.0	616.0	642.0	791.0	780.0	635.0	812.0	763.0	1001.0
124	20150911 12:27:07.617	157.0	252.0	156.0	165.0	225.0	144.0	222.0	176.0	178.0	202.0	192.0	211.0	153.0	174.0	165.0	185.0	214.0	156.0	219.0	170.0	159.0	174.0	222.0	225.0	188.0	159.0	182.0	247.0	178.0	210.0	279.0	171.0	228.0	232.0	170.0	266.0	230.0	195.0	178.0	191.0	229.0	235.0	255.0	306.0	372.0	293.0	614.0	538.0	568.0	774.0	676.0	773.0	774.0	859.0	778.0	801.0	911.0	781.0	779.0	652.0	770.0	772.0	808.0
125	20150911 12:27:07.617	162.0	252.0	133.0	158.0	194.0	190.0	137.0	143.0	217.0	279.0	217.0	186.0	132.0	195.0	153.0	134.0	192.0	232.0	154.0	186.0	112.0	108.0	161.0	192.0	209.0	163.0	161.0	211.0	165.0	161.0	220.0	185.0	172.0	177.0	153.0	190.0	223.0	169.0	139.0	192.0	192.0	234.0	186.0	195.0	198.0	319.0	567.0	446.0	558.0	637.0	631.0	660.0	588.0	607.0	542.0	470.0	479.0	446.0	494.0	404.0	402.0	400.0	432.0
126	20150911 17:11:04.521	159.0	250.0	133.0	158.0	247.0	153.0	162.0	123.0	141.0	202.0	229.0	171.0	153.0	174.0	156.0	172.0	140.0	178.0	188.0	185.0	159.0	174.0	222.0	225.0	172.0	171.0	161.0	183.0	170.0	173.0	195.0	156.0	228.0	189.0	153.0	132.0	213.0	256.0	178.0	179.0	210.0	212.0	167.0	256.0	230.0	198.0	255.0	311.0	499.0	508.0	481.0	564.0	417.0	441.0	423.0	440.0	555.0	453.0	445.0	404.0	351.0	324.0	353.0
127	20150910 08:48:24.913	117.0	215.0	104.0	115.0	139.0	164.0	201.0	202.0	136.0	183.0	168.0	188.0	197.0	183.0	157.0	222.0	176.0	152.0	182.0	155.0	124.0	185.0	279.0	281.0	282.0	428.0	278.0	445.0	303.0	392.0	259.0	275.0	281.0	368.0	338.0	355.0	339.0	303.0	276.0	295.0	170.0	339.0	271.0	267.0	325.0	325.0	368.0	395.0	250.0	320.0	283.0	324.0	301.0	299.0	326.0	334.0	320.0	274.0	288.0	262.0	288.0	338.0	248.0
128	20150910 11:07:08.264	114.0	213.0	166.0	133.0	166.0	156.0	192.0	132.0	136.0	163.0	202.0	164.0	212.0	167.0	136.0	237.0	216.0	197.0	194.0	249.0	216.0	191.0	238.0	223.0	319.0	478.0	271.0	384.0	340.0	315.0	188.0	297.0	229.0	390.0	278.0	283.0	334.0	319.0	344.0	311.0	184.0	394.0	330.0	208.0	297.0	270.0	305.0	296.0	266.0	264.0	283.0	274.0	247.0	297.0	290.0	295.0	320.0	258.0	290.0	265.0	301.0	300.0	266.0
129	20150910 06:27:46.772	119.0	211.0	119.0	161.0	207.0	155.0	208.0	148.0	144.0	157.0	210.0	178.0	221.0	179.0	184.0	197.0	211.0	228.0	234.0	210.0	297.0	196.0	259.0	295.0	363.0	360.0	271.0	335.0	294.0	401.0	293.0	360.0	242.0	314.0	362.0	411.0	301.0	348.0	324.0	266.0	159.0	279.0	342.0	274.0	287.0	311.0	387.0	273.0	264.0	333.0	240.0	274.0	258.0	263.0	359.0	328.0	299.0	309.0	245.0	297.0	234.0	222.0	360.0
130	20150910 09:58:01.840	115.0	211.0	121.0	110.0	179.0	146.0	192.0	132.0	174.0	196.0	196.0	165.0	193.0	211.0	165.0	195.0	233.0	197.0	241.0	243.0	204.0	191.0	189.0	337.0	359.0	478.0	271.0	384.0	356.0	388.0	293.0	297.0	268.0	390.0	283.0	300.0	348.0	319.0	344.0	311.0	184.0	394.0	291.0	208.0	297.0	336.0	450.0	349.0	232.0	278.0	187.0	299.0	260.0	272.0	292.0	289.0	301.0	414.0	355.0	265.0	241.0	243.0	244.0
131	20150911 06:39:08.984	120.0	175.0	106.0	154.0	181.0	168.0	193.0	174.0	220.0	149.0	202.0	224.0	196.0	233.0	194.0	264.0	181.0	196.0	193.0	195.0	190.0	232.0	149.0	222.0	269.0	242.0	240.0	207.0	213.0	158.0	232.0	260.0	262.0	279.0	205.0	136.0	202.0	177.0	169.0	215.0	178.0	499.0	355.0	501.0	569.0	591.0	617.0	564.0	573.0	552.0	660.0	572.0	543.0	688.0	561.0	587.0	627.0	613.0	431.0	592.0	492.0	477.0	403.0
132	20150911 06:39:08.984	118.0	175.0	106.0	197.0	181.0	168.0	193.0	193.0	220.0	181.0	202.0	224.0	196.0	233.0	194.0	156.0	155.0	185.0	168.0	186.0	177.0	232.0	139.0	265.0	229.0	242.0	227.0	207.0	244.0	307.0	181.0	260.0	237.0	279.0	205.0	194.0	217.0	177.0	183.0	215.0	140.0	499.0	423.0	501.0	569.0	591.0	475.0	452.0	560.0	552.0	660.0	572.0	543.0	688.0	561.0	587.0	627.0	613.0	431.0	592.0	492.0	589.0	468.0
133	20150911 08:57:01.29	122.0	172.0	123.0	137.0	176.0	173.0	233.0	161.0	158.0	135.0	211.0	177.0	195.0	211.0	229.0	264.0	164.0	173.0	183.0	192.0	152.0	199.0	193.0	196.0	269.0	223.0	240.0	206.0	187.0	224.0	233.0	181.0	262.0	223.0	178.0	184.0	175.0	207.0	239.0	206.0	178.0	350.0	290.0	513.0	566.0	565.0	687.0	568.0	573.0	515.0	630.0	467.0	470.0	550.0	429.0	480.0	496.0	414.0	343.0	344.0	348.0	258.0	323.0
134	20150911 06:39:08.984	117.0	173.0	125.0	222.0	169.0	156.0	193.0	236.0	191.0	239.0	202.0	157.0	246.0	233.0	231.0	234.0	194.0	185.0	250.0	279.0	176.0	192.0	218.0	295.0	207.0	242.0	181.0	177.0	244.0	307.0	216.0	240.0	228.0	279.0	194.0	221.0	251.0	194.0	224.0	252.0	206.0	499.0	602.0	460.0	530.0	507.0	440.0	614.0	551.0	607.0	624.0	574.0	543.0	505.0	634.0	620.0	580.0	643.0	431.0	592.0	493.0	589.0	597.0
135	20150911 06:39:08.984	118.0	171.0	125.0	222.0	170.0	161.0	187.0	236.0	204.0	239.0	195.0	265.0	246.0	270.0	231.0	234.0	194.0	150.0	250.0	279.0	231.0	178.0	218.0	295.0	222.0	234.0	239.0	181.0	225.0	249.0	216.0	217.0	228.0	255.0	168.0	221.0	253.0	245.0	242.0	252.0	206.0	498.0	602.0	510.0	544.0	536.0	591.0	614.0	604.0	607.0	707.0	574.0	522.0	651.0	634.0	620.0	539.0	643.0	494.0	511.0	493.0	530.0	597.0
136	20150911 06:39:08.984	115.0	171.0	102.0	188.0	170.0	156.0	180.0	236.0	125.0	182.0	168.0	181.0	163.0	130.0	207.0	219.0	126.0	154.0	162.0	190.0	156.0	192.0	167.0	241.0	201.0	208.0	164.0	138.0	172.0	210.0	173.0	213.0	208.0	189.0	218.0	221.0	195.0	194.0	162.0	233.0	206.0	401.0	341.0	342.0	348.0	307.0	298.0	364.0	343.0	362.0	270.0	318.0	350.0	309.0	313.0	373.0	300.0	308.0	330.0	457.0	447.0	413.0	451.0
137	20150910 21:27:59.599	849.0	152.0	112.0	138.0	178.0	127.0	153.0	102.0	131.0	128.0	177.0	98.0	156.0	165.0	146.0	138.0	155.0	112.0	156.0	154.0	123.0	150.0	141.0	188.0	177.0	231.0	231.0	189.0	166.0	227.0	210.0	221.0	194.0	415.0	226.0	220.0	250.0	220.0	226.0	237.0	145.0	271.0	239.0	199.0	232.0	227.0	309.0	243.0	187.0	261.0	259.0	252.0	246.0	254.0	283.0	334.0	269.0	261.0	273.0	275.0	225.0	291.0	300.0
138	20150910 05:17:29.296	446.0	19.0	130.0	154.0	161.0	181.0	129.0	209.0	154.0	176.0	192.0	136.0	174.0	174.0	206.0	193.0	159.0	153.0	199.0	486.0	533.0	251.0	273.0	269.0	245.0	204.0	273.0	154.0	168.0	222.0	402.0	219.0	322.0	159.0	164.0	201.0	284.0	208.0	305.0	628.0	647.0	186.0	141.0	113.0	108.0	122.0	159.0	126.0	121.0	153.0	115.0	123.0	94.0	148.0	198.0	152.0	151.0	151.0	130.0	152.0	130.0	110.0	109.0
139	20150911 04:21:26.511	458.0	19.0	112.0	147.0	214.0	198.0	158.0	194.0	199.0	239.0	136.0	135.0	110.0	201.0	192.0	117.0	126.0	305.0	264.0	209.0	332.0	252.0	292.0	273.0	223.0	252.0	272.0	175.0	222.0	207.0	390.0	228.0	280.0	157.0	109.0	143.0	173.0	130.0	243.0	517.0	527.0	122.0	216.0	119.0	181.0	171.0	148.0	118.0	168.0	134.0	142.0	94.0	190.0	142.0	177.0	193.0	151.0	159.0	150.0	151.0	144.0	155.0	174.0
140	20150911 04:21:26.511	456.0	19.0	123.0	201.0	148.0	198.0	155.0	194.0	254.0	174.0	183.0	173.0	145.0	170.0	192.0	127.0	146.0	308.0	264.0	399.0	338.0	216.0	292.0	233.0	223.0	252.0	272.0	212.0	295.0	207.0	390.0	228.0	280.0	192.0	109.0	164.0	173.0	116.0	247.0	582.0	592.0	153.0	216.0	122.0	110.0	171.0	133.0	125.0	168.0	134.0	142.0	116.0	190.0	111.0	130.0	152.0	196.0	125.0	134.0	151.0	144.0	120.0	143.0
141	20150910 05:17:29.296	449.0	19.0	151.0	162.0	214.0	159.0	200.0	233.0	264.0	194.0	192.0	149.0	145.0	130.0	154.0	232.0	151.0	198.0	200.0	777.0	729.0	251.0	309.0	308.0	304.0	204.0	310.0	186.0	378.0	221.0	410.0	362.0	322.0	195.0	186.0	211.0	216.0	135.0	306.0	628.0	553.0	148.0	165.0	152.0	108.0	85.0	191.0	130.0	120.0	150.0	129.0	164.0	131.0	142.0	139.0	123.0	107.0	128.0	89.0	198.0	143.0	158.0	130.0
142	20150911 04:21:26.511	442.0	18.0	142.0	149.0	137.0	193.0	122.0	193.0	153.0	161.0	182.0	119.0	136.0	141.0	151.0	137.0	206.0	151.0	177.0	193.0	240.0	162.0	177.0	206.0	211.0	167.0	148.0	156.0	161.0	169.0	248.0	171.0	210.0	151.0	199.0	209.0	203.0	193.0	240.0	380.0	454.0	166.0	153.0	109.0	163.0	160.0	144.0	113.0	152.0	164.0	114.0	112.0	115.0	110.0	173.0	233.0	136.0	191.0	130.0	209.0	180.0	89.0	151.0
143	20150910 05:17:29.296	452.0	18.0	151.0	138.0	201.0	171.0	214.0	233.0	272.0	194.0	195.0	171.0	173.0	185.0	187.0	207.0	151.0	233.0	272.0	809.0	844.0	324.0	298.0	401.0	421.0	212.0	453.0	214.0	517.0	252.0	580.0	381.0	322.0	195.0	106.0	186.0	204.0	115.0	321.0	553.0	555.0	197.0	178.0	152.0	129.0	201.0	166.0	139.0	140.0	147.0	148.0	164.0	107.0	150.0	119.0	161.0	122.0	195.0	148.0	112.0	152.0	158.0	194.0
144	20150910 04:07:19.765	458.0	17.0	112.0	122.0	134.0	198.0	158.0	194.0	199.0	180.0	171.0	146.0	110.0	201.0	151.0	149.0	149.0	305.0	331.0	288.0	358.0	266.0	312.0	273.0	249.0	252.0	272.0	208.0	259.0	214.0	390.0	228.0	244.0	220.0	115.0	168.0	173.0	140.0	260.0	517.0	527.0	98.0	216.0	74.0	135.0	159.0	146.0	119.0	142.0	131.0	142.0	81.0	118.0	142.0	135.0	193.0	133.0	142.0	124.0	143.0	141.0	109.0	174.0
145	20150910 05:17:29.296	456.0	17.0	123.0	201.0	148.0	198.0	179.0	194.0	264.0	272.0	183.0	135.0	180.0	170.0	195.0	149.0	123.0	308.0	331.0	506.0	555.0	266.0	312.0	352.0	356.0	309.0	341.0	212.0	337.0	255.0	443.0	377.0	399.0	228.0	128.0	168.0	173.0	140.0	247.0	528.0	592.0	153.0	216.0	139.0	106.0	153.0	137.0	131.0	130.0	131.0	142.0	150.0	132.0	99.0	130.0	155.0	169.0	176.0	128.0	143.0	84.0	162.0	157.0
146	20150910 05:17:29.296	454.0	17.0	129.0	201.0	187.0	186.0	224.0	181.0	272.0	272.0	207.0	145.0	180.0	173.0	195.0	146.0	172.0	308.0	272.0	869.0	852.0	275.0	311.0	401.0	492.0	309.0	556.0	212.0	517.0	299.0	586.0	436.0	399.0	228.0	128.0	150.0	138.0	115.0	321.0	528.0	592.0	162.0	178.0	139.0	120.0	201.0	166.0	131.0	140.0	121.0	136.0	150.0	132.0	130.0	119.0	161.0	169.0	195.0	128.0	112.0	152.0	162.0	150.0
147	20150910 05:17:29.296	446.0	17.0	100.0	184.0	170.0	194.0	123.0	267.0	150.0	176.0	192.0	147.0	159.0	159.0	206.0	193.0	145.0	153.0	199.0	486.0	533.0	269.0	273.0	267.0	275.0	214.0	283.0	169.0	235.0	222.0	402.0	231.0	322.0	172.0	202.0	277.0	284.0	208.0	305.0	628.0	647.0	186.0	146.0	115.0	143.0	138.0	167.0	100.0	137.0	101.0	99.0	123.0	123.0	148.0	151.0	124.0	151.0	155.0	120.0	138.0	143.0	139.0	109.0
148	20150911 04:21:26.511	444.0	17.0	86.0	184.0	116.0	194.0	149.0	148.0	218.0	165.0	155.0	147.0	159.0	156.0	206.0	137.0	143.0	151.0	199.0	279.0	298.0	204.0	177.0	197.0	196.0	162.0	260.0	158.0	176.0	211.0	254.0	219.0	210.0	172.0	202.0	245.0	284.0	263.0	305.0	378.0	553.0	186.0	123.0	115.0	143.0	152.0	167.0	100.0	137.0	106.0	99.0	116.0	123.0	148.0	173.0	233.0	151.0	191.0	120.0	138.0	107.0	139.0	151.0
149	20150910 05:17:29.296	449.0	16.0	118.0	234.0	246.0	201.0	200.0	233.0	264.0	205.0	192.0	171.0	134.0	226.0	220.0	209.0	199.0	201.0	183.0	809.0	844.0	324.0	327.0	308.0	491.0	292.0	453.0	251.0	538.0	322.0	655.0	523.0	529.0	282.0	192.0	277.0	204.0	225.0	306.0	622.0	604.0	152.0	166.0	117.0	123.0	124.0	191.0	107.0	187.0	147.0	195.0	112.0	133.0	114.0	151.0	197.0	143.0	128.0	148.0	116.0	190.0	167.0	97.0
150	20150910 05:17:29.296	446.0	15.0	130.0	184.0	175.0	194.0	123.0	267.0	169.0	134.0	166.0	164.0	159.0	159.0	176.0	193.0	202.0	159.0	171.0	385.0	341.0	269.0	224.0	267.0	275.0	254.0	283.0	184.0	235.0	216.0	318.0	231.0	334.0	239.0	234.0	377.0	247.0	257.0	281.0	428.0	555.0	146.0	150.0	115.0	143.0	138.0	167.0	107.0	137.0	144.0	99.0	156.0	123.0	110.0	151.0	197.0	151.0	155.0	120.0	138.0	143.0	139.0	61.0
151	20150910 23:45:46.880	444.0	15.0	93.0	184.0	138.0	194.0	170.0	131.0	218.0	135.0	137.0	147.0	159.0	156.0	166.0	184.0	143.0	193.0	152.0	245.0	280.0	192.0	159.0	197.0	202.0	230.0	228.0	184.0	188.0	216.0	254.0	200.0	219.0	172.0	207.0	423.0	283.0	263.0	232.0	264.0	499.0	146.0	134.0	124.0	143.0	157.0	167.0	104.0	137.0	144.0	147.0	156.0	125.0	123.0	125.0	133.0	151.0	191.0	120.0	138.0	133.0	139.0	151.0
