index	mortality	x	y	20150906 18:21:28.973	20150908 04:23:44.416	20150908 05:34:15.196	20150908 06:44:41.910	20150908 07:55:17.876	20150908 21:33:16.64	20150908 22:43:39.635	20150908 23:54:08.743	20150909 01:04:34.620	20150909 02:15:01.321	20150909 03:25:34.868	20150909 04:35:57.957	20150909 05:46:22.992	20150909 06:56:41.900	20150909 08:07:02.776	20150909 09:17:23.751	20150909 10:27:55.34	20150909 11:38:24.759	20150909 12:48:56.551	20150909 13:59:18.200	20150909 15:09:45.60	20150909 16:20:16.433	20150909 17:30:34.671	20150909 18:40:57.649	20150909 19:51:12.334	20150909 21:01:37.546	20150909 22:12:10.974	20150909 23:22:31.12	20150910 00:32:51.649	20150910 01:43:11.970	20150910 02:53:41.393	20150910 04:03:59.140	20150910 05:14:09.570	20150910 06:24:29.71	20150910 07:34:45.744	20150910 08:45:05.100	20150910 09:54:46.73	20150910 11:03:52.457	20150910 12:12:50.955	20150910 13:21:50.923	20150910 14:30:50.273	20150910 15:39:52.330	20150910 16:48:54.835	20150910 17:57:59.572	20150910 19:06:58.699	20150910 20:15:51.957	20150910 21:24:43.582	20150910 22:33:41.815	20150910 23:42:30.868	20150911 00:51:32.545	20150911 02:00:21.454	20150911 03:09:12.605	20150911 04:18:10.429	20150911 05:26:57.993	20150911 06:35:52.965	20150911 07:44:45.172	20150911 08:53:44.31	20150911 10:03:09.996	20150911 11:13:27.455	20150911 12:23:47.00	20150911 13:34:05.785	20150911 17:07:42.858	20150911 18:18:07.416	20150911 19:28:16.704	20150911 20:38:49.511	20150911 21:49:14.142	20150911 22:59:38.889	20150912 00:10:03.02	20150912 01:20:29.620	20150912 02:30:56.415	20150912 03:41:28.733	20150912 04:51:57.121
1	20150911 06:35:52.965	82.0	1033.0	0.0	0.0	0.0	0.0	0.0	0.0	0.0	0.0	0.0	0.0	0.0	0.0	0.0	0.0	0.0	0.0	0.0	0.0	0.0	0.0	0.0	0.0	0.0	0.0	0.0	0.0	0.0	0.0	0.0	0.0	0.0	0.0	0.0	0.0	0.0	0.0	0.0	0.0	0.0	0.0	0.0	0.0	0.0	0.0	0.0	0.0	0.0	0.0	0.0	0.0	0.0	0.0	0.0	0.0	142.0	216.0	0.0	0.0	0.0	0.0	0.0	0.0	0.0	0.0	0.0	0.0	0.0	0.0	0.0	0.0	0.0	0.0
2	20150911 06:35:52.965	80.0	1033.0	0.0	0.0	0.0	0.0	0.0	0.0	0.0	0.0	0.0	0.0	0.0	0.0	0.0	0.0	0.0	0.0	0.0	0.0	0.0	0.0	0.0	0.0	0.0	0.0	0.0	0.0	0.0	0.0	0.0	0.0	0.0	0.0	0.0	0.0	0.0	0.0	0.0	0.0	0.0	0.0	0.0	0.0	0.0	0.0	0.0	0.0	0.0	0.0	0.0	0.0	0.0	0.0	0.0	0.0	152.0	183.0	0.0	0.0	0.0	0.0	0.0	0.0	0.0	0.0	0.0	0.0	0.0	0.0	0.0	0.0	0.0	0.0
3	20150911 07:44:45.172	74.0	1033.0	0.0	0.0	0.0	0.0	0.0	0.0	0.0	0.0	0.0	0.0	0.0	0.0	0.0	0.0	0.0	0.0	0.0	0.0	0.0	0.0	0.0	0.0	0.0	0.0	0.0	0.0	0.0	0.0	0.0	0.0	0.0	0.0	0.0	0.0	0.0	0.0	0.0	0.0	0.0	0.0	0.0	0.0	0.0	0.0	0.0	0.0	0.0	0.0	0.0	0.0	0.0	0.0	0.0	0.0	79.0	201.0	0.0	0.0	0.0	0.0	0.0	0.0	0.0	0.0	0.0	0.0	0.0	0.0	0.0	0.0	0.0	0.0
4	20150911 06:35:52.965	1164.0	1032.0	0.0	0.0	0.0	0.0	0.0	0.0	0.0	0.0	0.0	0.0	0.0	0.0	0.0	0.0	0.0	0.0	0.0	0.0	0.0	0.0	0.0	0.0	0.0	0.0	0.0	0.0	0.0	0.0	0.0	0.0	0.0	0.0	0.0	0.0	0.0	0.0	0.0	0.0	0.0	0.0	0.0	0.0	0.0	0.0	0.0	0.0	0.0	0.0	0.0	0.0	0.0	0.0	0.0	0.0	93.0	129.0	0.0	0.0	0.0	0.0	0.0	0.0	0.0	0.0	0.0	0.0	0.0	0.0	0.0	0.0	0.0	0.0
5	20150910 00:32:51.649	368.0	1011.0	0.0	0.0	0.0	0.0	0.0	0.0	0.0	0.0	0.0	0.0	0.0	0.0	0.0	0.0	0.0	0.0	0.0	0.0	0.0	0.0	0.0	0.0	0.0	0.0	0.0	0.0	0.0	0.0	158.0	167.0	104.0	161.0	163.0	142.0	134.0	156.0	64.0	0.0	0.0	0.0	0.0	0.0	0.0	0.0	0.0	0.0	0.0	177.0	208.0	198.0	261.0	247.0	270.0	231.0	312.0	253.0	0.0	0.0	0.0	0.0	0.0	0.0	0.0	0.0	0.0	0.0	0.0	0.0	0.0	0.0	0.0	0.0
6	20150910 01:43:11.970	366.0	1010.0	0.0	0.0	0.0	0.0	0.0	0.0	0.0	0.0	0.0	0.0	0.0	0.0	0.0	0.0	0.0	0.0	0.0	0.0	0.0	0.0	0.0	0.0	0.0	0.0	0.0	0.0	0.0	0.0	140.0	188.0	90.0	148.0	163.0	142.0	163.0	150.0	120.0	0.0	0.0	0.0	0.0	0.0	0.0	0.0	0.0	0.0	0.0	177.0	208.0	198.0	261.0	277.0	270.0	231.0	312.0	253.0	0.0	0.0	0.0	0.0	0.0	0.0	0.0	0.0	0.0	0.0	0.0	0.0	0.0	0.0	0.0	0.0
7	20150910 04:03:59.140	368.0	1008.0	0.0	0.0	0.0	0.0	0.0	0.0	0.0	0.0	0.0	0.0	0.0	0.0	0.0	0.0	0.0	0.0	0.0	0.0	0.0	0.0	0.0	0.0	0.0	0.0	0.0	0.0	0.0	0.0	135.0	131.0	147.0	158.0	127.0	210.0	163.0	171.0	131.0	0.0	0.0	0.0	0.0	0.0	0.0	0.0	0.0	0.0	86.0	184.0	201.0	204.0	261.0	277.0	270.0	283.0	312.0	253.0	0.0	0.0	0.0	0.0	0.0	0.0	0.0	0.0	0.0	0.0	0.0	0.0	0.0	0.0	0.0	0.0
8	20150910 01:43:11.970	366.0	1008.0	0.0	0.0	0.0	0.0	0.0	0.0	0.0	0.0	0.0	0.0	0.0	0.0	0.0	0.0	0.0	0.0	0.0	0.0	0.0	0.0	0.0	0.0	0.0	0.0	0.0	0.0	0.0	0.0	140.0	172.0	147.0	148.0	127.0	142.0	163.0	149.0	131.0	0.0	0.0	0.0	0.0	0.0	0.0	0.0	0.0	0.0	86.0	177.0	201.0	184.0	261.0	277.0	270.0	207.0	312.0	253.0	0.0	0.0	0.0	0.0	0.0	0.0	0.0	0.0	0.0	0.0	0.0	0.0	0.0	0.0	0.0	0.0
9	20150910 21:24:43.582	124.0	1005.0	0.0	0.0	0.0	0.0	0.0	0.0	0.0	0.0	0.0	0.0	0.0	0.0	0.0	0.0	0.0	0.0	0.0	0.0	0.0	0.0	0.0	0.0	0.0	0.0	0.0	0.0	0.0	111.0	164.0	146.0	185.0	175.0	197.0	144.0	212.0	210.0	246.0	0.0	0.0	0.0	0.0	0.0	0.0	0.0	0.0	0.0	455.0	536.0	428.0	413.0	454.0	364.0	436.0	307.0	425.0	314.0	0.0	0.0	0.0	0.0	0.0	0.0	0.0	0.0	0.0	0.0	0.0	0.0	0.0	0.0	0.0	0.0
10	20150910 07:34:45.744	125.0	1001.0	0.0	127.0	148.0	220.0	0.0	0.0	0.0	0.0	0.0	0.0	0.0	0.0	0.0	0.0	0.0	0.0	0.0	0.0	0.0	0.0	0.0	0.0	0.0	0.0	0.0	0.0	0.0	149.0	234.0	133.0	181.0	205.0	165.0	144.0	246.0	189.0	234.0	167.0	0.0	0.0	0.0	0.0	0.0	0.0	0.0	318.0	384.0	470.0	355.0	418.0	415.0	369.0	398.0	303.0	385.0	292.0	0.0	0.0	0.0	0.0	0.0	0.0	0.0	0.0	0.0	0.0	0.0	0.0	0.0	0.0	0.0	0.0
11	20150910 00:32:51.649	121.0	1001.0	0.0	121.0	164.0	147.0	0.0	0.0	0.0	0.0	0.0	0.0	0.0	0.0	0.0	0.0	0.0	0.0	0.0	0.0	0.0	0.0	0.0	0.0	0.0	0.0	0.0	0.0	0.0	131.0	179.0	158.0	166.0	208.0	210.0	166.0	154.0	207.0	199.0	193.0	0.0	0.0	0.0	0.0	0.0	0.0	0.0	252.0	357.0	299.0	325.0	283.0	349.0	339.0	326.0	280.0	290.0	255.0	0.0	0.0	0.0	0.0	0.0	0.0	0.0	0.0	0.0	0.0	0.0	0.0	0.0	0.0	0.0	0.0
12	20150910 15:39:52.330	447.0	974.0	0.0	144.0	167.0	156.0	155.0	200.0	178.0	209.0	142.0	176.0	164.0	174.0	199.0	144.0	218.0	171.0	165.0	217.0	154.0	222.0	157.0	167.0	200.0	244.0	160.0	180.0	191.0	214.0	218.0	222.0	132.0	186.0	233.0	179.0	190.0	187.0	214.0	311.0	231.0	319.0	266.0	456.0	534.0	732.0	469.0	681.0	630.0	650.0	627.0	629.0	711.0	566.0	682.0	564.0	574.0	474.0	633.0	481.0	667.0	549.0	653.0	589.0	573.0	497.0	619.0	555.0	572.0	631.0	536.0	637.0	609.0	552.0
13	20150910 15:39:52.330	449.0	973.0	0.0	152.0	152.0	150.0	124.0	200.0	202.0	206.0	170.0	213.0	164.0	163.0	199.0	143.0	226.0	217.0	165.0	217.0	179.0	205.0	159.0	172.0	194.0	260.0	127.0	180.0	159.0	214.0	258.0	213.0	132.0	186.0	233.0	225.0	220.0	255.0	213.0	311.0	268.0	363.0	294.0	514.0	584.0	732.0	502.0	691.0	630.0	647.0	627.0	629.0	711.0	566.0	682.0	564.0	576.0	474.0	633.0	604.0	667.0	658.0	653.0	589.0	573.0	497.0	676.0	595.0	638.0	631.0	565.0	637.0	636.0	552.0
14	20150910 15:39:52.330	446.0	972.0	0.0	140.0	133.0	133.0	155.0	149.0	214.0	209.0	151.0	213.0	149.0	231.0	204.0	155.0	218.0	147.0	152.0	217.0	213.0	222.0	193.0	189.0	200.0	120.0	160.0	111.0	191.0	159.0	218.0	222.0	129.0	158.0	175.0	225.0	220.0	188.0	211.0	280.0	231.0	319.0	243.0	514.0	534.0	732.0	393.0	666.0	630.0	650.0	596.0	627.0	591.0	485.0	623.0	502.0	504.0	389.0	574.0	420.0	613.0	539.0	589.0	589.0	510.0	400.0	588.0	491.0	495.0	631.0	498.0	621.0	544.0	552.0
15	20150910 15:39:52.330	450.0	971.0	0.0	137.0	162.0	152.0	124.0	175.0	202.0	196.0	195.0	200.0	151.0	182.0	186.0	193.0	218.0	203.0	165.0	190.0	179.0	196.0	159.0	162.0	167.0	260.0	127.0	180.0	199.0	214.0	258.0	190.0	179.0	208.0	195.0	186.0	173.0	255.0	213.0	255.0	268.0	363.0	294.0	467.0	584.0	726.0	502.0	691.0	629.0	638.0	627.0	629.0	711.0	566.0	682.0	564.0	576.0	474.0	633.0	604.0	667.0	658.0	653.0	587.0	573.0	497.0	676.0	595.0	638.0	630.0	565.0	637.0	636.0	542.0
16	20150910 15:39:52.330	447.0	970.0	0.0	147.0	152.0	151.0	186.0	149.0	204.0	166.0	173.0	213.0	190.0	231.0	204.0	170.0	218.0	200.0	117.0	180.0	213.0	162.0	193.0	189.0	183.0	260.0	158.0	127.0	155.0	159.0	203.0	190.0	179.0	158.0	181.0	225.0	220.0	196.0	211.0	222.0	230.0	329.0	244.0	514.0	558.0	666.0	416.0	691.0	585.0	638.0	597.0	607.0	665.0	563.0	601.0	510.0	576.0	439.0	586.0	500.0	659.0	593.0	635.0	566.0	565.0	445.0	676.0	595.0	638.0	553.0	565.0	629.0	636.0	530.0
17	20150910 15:39:52.330	449.0	969.0	0.0	123.0	162.0	152.0	186.0	185.0	201.0	159.0	213.0	160.0	148.0	231.0	138.0	193.0	171.0	158.0	199.0	180.0	153.0	162.0	146.0	172.0	148.0	157.0	158.0	138.0	199.0	159.0	203.0	190.0	179.0	208.0	209.0	214.0	198.0	230.0	179.0	223.0	247.0	254.0	240.0	457.0	543.0	666.0	499.0	580.0	585.0	579.0	505.0	440.0	569.0	505.0	459.0	428.0	464.0	361.0	506.0	497.0	518.0	503.0	476.0	527.0	456.0	361.0	638.0	493.0	513.0	453.0	475.0	488.0	463.0	428.0
18	20150910 22:33:41.815	206.0	966.0	0.0	193.0	160.0	122.0	201.0	186.0	215.0	186.0	187.0	167.0	209.0	181.0	158.0	146.0	181.0	188.0	187.0	134.0	155.0	164.0	142.0	147.0	172.0	185.0	196.0	154.0	179.0	157.0	200.0	167.0	144.0	167.0	143.0	189.0	276.0	236.0	330.0	261.0	254.0	318.0	266.0	304.0	343.0	439.0	350.0	398.0	376.0	574.0	463.0	475.0	592.0	646.0	967.0	669.0	685.0	550.0	578.0	719.0	881.0	686.0	708.0	737.0	633.0	462.0	778.0	691.0	717.0	760.0	701.0	714.0	699.0	722.0
19	20150910 22:33:41.815	208.0	966.0	0.0	193.0	159.0	122.0	221.0	155.0	215.0	186.0	187.0	132.0	148.0	149.0	142.0	141.0	181.0	198.0	187.0	134.0	155.0	133.0	190.0	142.0	172.0	185.0	196.0	154.0	209.0	142.0	148.0	142.0	144.0	180.0	176.0	189.0	276.0	232.0	245.0	261.0	253.0	318.0	266.0	304.0	343.0	450.0	350.0	398.0	376.0	574.0	463.0	475.0	592.0	646.0	967.0	669.0	685.0	464.0	578.0	719.0	881.0	669.0	708.0	737.0	633.0	444.0	778.0	691.0	717.0	732.0	701.0	714.0	634.0	722.0
20	20150910 22:33:41.815	208.0	964.0	0.0	193.0	159.0	150.0	230.0	169.0	215.0	186.0	178.0	153.0	151.0	149.0	143.0	141.0	278.0	198.0	145.0	121.0	155.0	175.0	218.0	142.0	172.0	163.0	196.0	154.0	145.0	146.0	157.0	254.0	144.0	180.0	191.0	167.0	276.0	232.0	301.0	261.0	240.0	318.0	235.0	304.0	343.0	450.0	350.0	398.0	380.0	574.0	463.0	475.0	592.0	646.0	967.0	669.0	685.0	464.0	578.0	719.0	881.0	669.0	708.0	737.0	633.0	444.0	778.0	691.0	717.0	732.0	701.0	714.0	634.0	722.0
21	20150911 02:00:21.454	204.0	963.0	0.0	173.0	196.0	144.0	196.0	248.0	170.0	265.0	173.0	155.0	209.0	184.0	137.0	183.0	181.0	177.0	153.0	132.0	129.0	164.0	211.0	143.0	134.0	178.0	151.0	196.0	172.0	157.0	120.0	154.0	179.0	164.0	146.0	144.0	204.0	225.0	330.0	219.0	210.0	266.0	226.0	278.0	306.0	394.0	275.0	359.0	360.0	463.0	433.0	424.0	556.0	632.0	941.0	623.0	621.0	534.0	575.0	677.0	769.0	686.0	669.0	723.0	595.0	462.0	735.0	568.0	710.0	760.0	697.0	681.0	698.0	702.0
22	20150910 22:33:41.815	207.0	962.0	0.0	146.0	153.0	150.0	230.0	169.0	208.0	265.0	210.0	153.0	151.0	231.0	143.0	183.0	252.0	215.0	127.0	176.0	129.0	175.0	218.0	148.0	156.0	163.0	157.0	145.0	172.0	146.0	157.0	122.0	131.0	159.0	191.0	167.0	221.0	202.0	301.0	260.0	240.0	296.0	235.0	279.0	312.0	394.0	275.0	354.0	380.0	463.0	414.0	390.0	574.0	632.0	922.0	523.0	576.0	414.0	530.0	615.0	782.0	585.0	542.0	670.0	559.0	413.0	665.0	561.0	642.0	650.0	558.0	601.0	543.0	612.0
23	20150911 04:18:10.429	288.0	930.0	0.0	115.0	161.0	175.0	126.0	190.0	168.0	159.0	154.0	152.0	135.0	121.0	169.0	153.0	169.0	187.0	183.0	185.0	117.0	158.0	148.0	162.0	233.0	114.0	110.0	138.0	96.0	127.0	121.0	132.0	101.0	124.0	105.0	128.0	116.0	137.0	127.0	142.0	151.0	147.0	112.0	141.0	142.0	176.0	159.0	153.0	190.0	188.0	194.0	121.0	189.0	411.0	882.0	671.0	545.0	496.0	540.0	571.0	588.0	544.0	607.0	629.0	575.0	541.0	608.0	454.0	489.0	527.0	598.0	575.0	553.0	507.0
24	20150911 04:18:10.429	286.0	929.0	0.0	128.0	133.0	175.0	200.0	190.0	168.0	112.0	153.0	122.0	98.0	121.0	169.0	163.0	186.0	140.0	165.0	127.0	112.0	158.0	128.0	162.0	143.0	131.0	147.0	124.0	111.0	110.0	108.0	166.0	103.0	135.0	127.0	124.0	102.0	158.0	96.0	116.0	181.0	183.0	155.0	140.0	138.0	157.0	188.0	221.0	196.0	162.0	194.0	210.0	189.0	432.0	991.0	727.0	570.0	576.0	634.0	671.0	669.0	636.0	635.0	657.0	578.0	519.0	601.0	550.0	559.0	527.0	598.0	606.0	509.0	475.0
25	20150911 04:18:10.429	289.0	928.0	0.0	161.0	187.0	156.0	155.0	132.0	135.0	128.0	153.0	161.0	135.0	109.0	150.0	153.0	169.0	136.0	148.0	129.0	138.0	124.0	189.0	162.0	233.0	102.0	125.0	117.0	133.0	135.0	114.0	105.0	148.0	140.0	111.0	142.0	113.0	137.0	96.0	142.0	134.0	178.0	126.0	152.0	184.0	176.0	132.0	163.0	155.0	188.0	194.0	193.0	159.0	450.0	991.0	730.0	592.0	591.0	654.0	698.0	677.0	679.0	641.0	657.0	665.0	621.0	638.0	550.0	573.0	617.0	614.0	616.0	601.0	635.0
26	20150911 04:18:10.429	284.0	927.0	0.0	117.0	139.0	142.0	203.0	130.0	174.0	159.0	134.0	134.0	144.0	121.0	167.0	155.0	183.0	184.0	144.0	185.0	167.0	194.0	126.0	137.0	150.0	126.0	123.0	147.0	114.0	124.0	147.0	166.0	165.0	79.0	104.0	139.0	149.0	160.0	156.0	109.0	163.0	194.0	145.0	163.0	138.0	179.0	188.0	164.0	210.0	195.0	196.0	210.0	167.0	322.0	664.0	457.0	519.0	503.0	448.0	447.0	502.0	533.0	495.0	445.0	495.0	484.0	477.0	487.0	427.0	471.0	468.0	448.0	431.0	396.0
27	20150911 03:09:12.605	289.0	924.0	0.0	133.0	149.0	144.0	168.0	152.0	129.0	143.0	110.0	138.0	116.0	125.0	148.0	154.0	172.0	207.0	180.0	208.0	148.0	142.0	180.0	118.0	106.0	138.0	147.0	111.0	156.0	109.0	129.0	167.0	165.0	152.0	148.0	124.0	107.0	85.0	143.0	141.0	149.0	191.0	166.0	160.0	158.0	210.0	116.0	195.0	172.0	225.0	190.0	188.0	191.0	415.0	791.0	690.0	536.0	477.0	587.0	619.0	536.0	619.0	563.0	618.0	514.0	548.0	558.0	543.0	482.0	526.0	552.0	519.0	530.0	551.0
28	20150911 04:18:10.429	287.0	924.0	0.0	143.0	146.0	155.0	144.0	101.0	231.0	143.0	193.0	117.0	122.0	125.0	139.0	154.0	172.0	207.0	154.0	208.0	148.0	153.0	180.0	137.0	104.0	138.0	150.0	122.0	133.0	98.0	169.0	179.0	165.0	129.0	127.0	117.0	131.0	162.0	143.0	141.0	163.0	191.0	166.0	160.0	139.0	175.0	150.0	195.0	173.0	225.0	171.0	188.0	148.0	394.0	791.0	690.0	536.0	460.0	587.0	619.0	536.0	619.0	563.0	618.0	514.0	548.0	558.0	501.0	482.0	526.0	552.0	485.0	530.0	518.0
29	20150908 05:34:15.196	824.0	861.0	0.0	113.0	160.0	154.0	97.0	127.0	175.0	113.0	182.0	143.0	159.0	200.0	134.0	152.0	137.0	163.0	144.0	185.0	148.0	146.0	217.0	114.0	120.0	136.0	112.0	128.0	122.0	154.0	118.0	138.0	144.0	127.0	219.0	196.0	149.0	153.0	109.0	114.0	200.0	205.0	210.0	110.0	156.0	113.0	114.0	154.0	165.0	145.0	129.0	156.0	156.0	148.0	148.0	148.0	156.0	183.0	222.0	154.0	229.0	204.0	151.0	203.0	153.0	183.0	203.0	172.0	183.0	169.0	146.0	193.0	211.0	200.0
30	20150911 02:00:21.454	332.0	808.0	104.0	238.0	211.0	113.0	181.0	224.0	210.0	212.0	159.0	190.0	102.0	215.0	164.0	179.0	221.0	213.0	196.0	175.0	205.0	198.0	145.0	190.0	232.0	183.0	187.0	232.0	107.0	144.0	214.0	217.0	202.0	179.0	222.0	196.0	205.0	192.0	256.0	276.0	248.0	285.0	148.0	219.0	300.0	314.0	264.0	321.0	350.0	321.0	425.0	389.0	539.0	550.0	686.0	578.0	631.0	613.0	511.0	749.0	683.0	812.0	721.0	694.0	661.0	531.0	769.0	670.0	715.0	775.0	663.0	764.0	698.0	627.0
31	20150911 03:09:12.605	329.0	807.0	128.0	238.0	171.0	209.0	252.0	224.0	211.0	242.0	159.0	138.0	178.0	171.0	143.0	221.0	212.0	175.0	162.0	175.0	205.0	198.0	243.0	224.0	180.0	178.0	187.0	131.0	138.0	131.0	178.0	181.0	202.0	191.0	214.0	206.0	205.0	192.0	256.0	192.0	248.0	289.0	243.0	205.0	300.0	271.0	272.0	321.0	350.0	282.0	369.0	389.0	450.0	526.0	672.0	578.0	610.0	613.0	511.0	683.0	682.0	805.0	710.0	631.0	558.0	522.0	661.0	594.0	658.0	729.0	619.0	681.0	690.0	627.0
32	20150911 02:00:21.454	331.0	805.0	128.0	238.0	155.0	209.0	190.0	133.0	210.0	242.0	205.0	150.0	169.0	171.0	184.0	198.0	198.0	162.0	186.0	175.0	157.0	203.0	177.0	224.0	171.0	178.0	187.0	140.0	107.0	146.0	214.0	191.0	151.0	191.0	182.0	196.0	195.0	179.0	256.0	205.0	248.0	285.0	167.0	215.0	285.0	314.0	272.0	314.0	350.0	321.0	406.0	369.0	450.0	477.0	672.0	578.0	614.0	507.0	511.0	694.0	676.0	716.0	710.0	659.0	552.0	462.0	695.0	663.0	649.0	625.0	619.0	750.0	620.0	627.0
33	20150910 05:14:09.570	775.0	780.0	215.0	183.0	186.0	135.0	165.0	161.0	155.0	154.0	186.0	186.0	181.0	161.0	142.0	146.0	168.0	157.0	139.0	133.0	154.0	153.0	153.0	205.0	123.0	180.0	149.0	126.0	122.0	111.0	196.0	183.0	116.0	142.0	401.0	292.0	362.0	290.0	266.0	313.0	329.0	412.0	456.0	336.0	332.0	385.0	279.0	394.0	340.0	360.0	333.0	273.0	341.0	258.0	384.0	293.0	68.0	134.0	125.0	100.0	93.0	122.0	133.0	154.0	135.0	73.0	88.0	145.0	121.0	109.0	119.0	71.0	127.0	117.0
34	20150910 05:14:09.570	776.0	778.0	158.0	177.0	199.0	111.0	162.0	172.0	175.0	185.0	170.0	186.0	181.0	140.0	177.0	132.0	168.0	175.0	124.0	181.0	154.0	148.0	141.0	166.0	177.0	180.0	103.0	129.0	122.0	129.0	196.0	183.0	158.0	142.0	445.0	366.0	365.0	376.0	299.0	331.0	329.0	428.0	456.0	336.0	332.0	361.0	243.0	394.0	340.0	360.0	333.0	259.0	337.0	248.0	384.0	274.0	104.0	113.0	125.0	110.0	98.0	128.0	133.0	83.0	135.0	88.0	118.0	145.0	82.0	134.0	81.0	111.0	114.0	133.0
35	20150910 05:14:09.570	773.0	778.0	215.0	149.0	199.0	143.0	112.0	132.0	98.0	185.0	139.0	186.0	204.0	146.0	169.0	136.0	200.0	177.0	133.0	143.0	131.0	148.0	160.0	144.0	111.0	149.0	149.0	127.0	120.0	116.0	140.0	144.0	141.0	159.0	429.0	250.0	311.0	287.0	263.0	319.0	329.0	428.0	456.0	279.0	332.0	385.0	240.0	394.0	312.0	359.0	333.0	273.0	337.0	236.0	301.0	257.0	99.0	146.0	125.0	121.0	120.0	95.0	154.0	110.0	81.0	80.0	107.0	124.0	80.0	136.0	104.0	115.0	107.0	133.0
36	20150908 22:43:39.635	575.0	774.0	196.0	151.0	168.0	150.0	95.0	126.0	222.0	169.0	171.0	162.0	199.0	144.0	124.0	119.0	188.0	225.0	232.0	159.0	213.0	196.0	153.0	147.0	213.0	241.0	140.0	155.0	199.0	176.0	203.0	136.0	189.0	214.0	265.0	143.0	116.0	145.0	127.0	189.0	154.0	141.0	158.0	180.0	149.0	147.0	167.0	164.0	160.0	172.0	179.0	146.0	189.0	149.0	140.0	150.0	174.0	164.0	145.0	186.0	193.0	179.0	224.0	247.0	213.0	195.0	241.0	278.0	250.0	265.0	284.0	298.0	254.0	307.0
37	20150909 17:30:34.671	574.0	771.0	155.0	167.0	180.0	124.0	182.0	168.0	191.0	252.0	172.0	150.0	191.0	222.0	129.0	121.0	174.0	150.0	223.0	145.0	213.0	161.0	145.0	114.0	213.0	177.0	133.0	136.0	149.0	176.0	186.0	151.0	174.0	174.0	265.0	143.0	134.0	197.0	166.0	153.0	151.0	194.0	142.0	183.0	138.0	147.0	197.0	165.0	138.0	172.0	147.0	132.0	158.0	171.0	139.0	146.0	175.0	141.0	141.0	153.0	193.0	193.0	213.0	265.0	213.0	214.0	192.0	278.0	250.0	266.0	241.0	298.0	237.0	307.0
38	20150910 15:39:52.330	412.0	772.0	88.0	152.0	180.0	183.0	150.0	142.0	291.0	171.0	188.0	171.0	167.0	157.0	154.0	165.0	194.0	242.0	213.0	169.0	147.0	154.0	211.0	145.0	173.0	176.0	134.0	118.0	111.0	176.0	194.0	158.0	226.0	162.0	260.0	166.0	217.0	212.0	205.0	251.0	272.0	391.0	268.0	486.0	717.0	747.0	570.0	662.0	655.0	660.0	631.0	646.0	597.0	610.0	646.0	591.0	618.0	576.0	527.0	663.0	730.0	675.0	640.0	739.0	628.0	470.0	730.0	585.0	646.0	683.0	580.0	767.0	684.0	643.0
39	20150910 15:39:52.330	410.0	770.0	172.0	131.0	185.0	155.0	145.0	147.0	218.0	180.0	186.0	123.0	134.0	217.0	154.0	123.0	191.0	242.0	167.0	155.0	155.0	163.0	149.0	190.0	152.0	161.0	139.0	100.0	111.0	176.0	166.0	145.0	226.0	172.0	241.0	166.0	171.0	222.0	240.0	256.0	205.0	238.0	249.0	476.0	622.0	638.0	500.0	548.0	542.0	579.0	537.0	493.0	597.0	461.0	466.0	501.0	506.0	485.0	389.0	572.0	573.0	542.0	579.0	612.0	545.0	455.0	580.0	500.0	582.0	595.0	447.0	635.0	546.0	492.0
40	20150910 15:39:52.330	414.0	769.0	173.0	156.0	204.0	174.0	162.0	156.0	291.0	168.0	201.0	159.0	200.0	207.0	155.0	196.0	189.0	177.0	202.0	283.0	165.0	151.0	235.0	166.0	128.0	191.0	163.0	122.0	139.0	178.0	194.0	210.0	226.0	219.0	260.0	197.0	223.0	210.0	258.0	274.0	301.0	394.0	292.0	502.0	783.0	747.0	570.0	662.0	719.0	690.0	631.0	646.0	631.0	670.0	661.0	630.0	618.0	576.0	554.0	689.0	730.0	675.0	667.0	739.0	617.0	470.0	730.0	639.0	651.0	684.0	600.0	767.0	684.0	683.0
41	20150910 15:39:52.330	411.0	768.0	172.0	163.0	185.0	174.0	168.0	134.0	195.0	180.0	186.0	123.0	182.0	217.0	192.0	196.0	169.0	179.0	202.0	152.0	229.0	170.0	113.0	190.0	152.0	133.0	139.0	105.0	139.0	134.0	166.0	140.0	195.0	201.0	241.0	166.0	164.0	222.0	240.0	274.0	242.0	301.0	249.0	502.0	783.0	714.0	513.0	573.0	699.0	628.0	627.0	560.0	631.0	670.0	596.0	566.0	580.0	554.0	513.0	689.0	599.0	598.0	604.0	701.0	592.0	462.0	713.0	639.0	651.0	684.0	600.0	668.0	681.0	552.0
42	20150910 15:39:52.330	413.0	767.0	171.0	142.0	168.0	158.0	168.0	132.0	190.0	195.0	177.0	140.0	206.0	217.0	155.0	196.0	204.0	213.0	202.0	283.0	229.0	170.0	164.0	166.0	141.0	133.0	171.0	122.0	140.0	127.0	172.0	140.0	201.0	219.0	171.0	197.0	223.0	210.0	238.0	233.0	301.0	387.0	292.0	470.0	621.0	713.0	451.0	590.0	556.0	549.0	536.0	473.0	542.0	538.0	602.0	539.0	462.0	466.0	440.0	547.0	550.0	549.0	537.0	635.0	552.0	436.0	643.0	614.0	522.0	655.0	491.0	522.0	578.0	528.0
43	20150911 03:09:12.605	1360.0	560.0	0.0	0.0	0.0	0.0	0.0	0.0	0.0	0.0	0.0	0.0	0.0	0.0	0.0	0.0	0.0	0.0	0.0	0.0	0.0	0.0	0.0	0.0	0.0	0.0	0.0	0.0	0.0	0.0	0.0	63.0	114.0	128.0	124.0	107.0	149.0	101.0	0.0	0.0	0.0	0.0	0.0	0.0	0.0	0.0	0.0	0.0	0.0	0.0	0.0	0.0	0.0	312.0	408.0	309.0	100.0	127.0	0.0	0.0	0.0	0.0	0.0	0.0	0.0	0.0	0.0	0.0	0.0	0.0	0.0	0.0	0.0	0.0
44	20150911 03:09:12.605	1358.0	560.0	0.0	0.0	0.0	0.0	0.0	0.0	0.0	0.0	0.0	0.0	0.0	0.0	0.0	0.0	0.0	0.0	0.0	0.0	0.0	0.0	0.0	0.0	0.0	0.0	0.0	0.0	0.0	0.0	0.0	134.0	76.0	138.0	139.0	107.0	149.0	97.0	0.0	0.0	0.0	0.0	0.0	0.0	0.0	0.0	0.0	0.0	0.0	0.0	0.0	0.0	0.0	328.0	408.0	309.0	100.0	127.0	0.0	0.0	0.0	0.0	0.0	0.0	0.0	0.0	0.0	0.0	0.0	0.0	0.0	0.0	0.0	0.0
45	20150911 03:09:12.605	1357.0	558.0	0.0	0.0	0.0	0.0	0.0	0.0	0.0	0.0	0.0	0.0	0.0	0.0	0.0	0.0	0.0	0.0	0.0	0.0	0.0	0.0	0.0	0.0	0.0	0.0	0.0	0.0	0.0	0.0	0.0	128.0	107.0	128.0	139.0	93.0	141.0	124.0	0.0	0.0	0.0	0.0	0.0	0.0	0.0	0.0	0.0	0.0	0.0	0.0	0.0	0.0	0.0	328.0	408.0	309.0	83.0	112.0	0.0	0.0	0.0	0.0	0.0	0.0	0.0	0.0	0.0	0.0	0.0	0.0	0.0	0.0	0.0	0.0
46	20150911 03:09:12.605	1360.0	558.0	0.0	0.0	0.0	0.0	0.0	0.0	0.0	0.0	0.0	0.0	0.0	0.0	0.0	0.0	0.0	0.0	0.0	0.0	0.0	0.0	0.0	0.0	0.0	0.0	0.0	0.0	0.0	0.0	0.0	35.0	114.0	128.0	111.0	125.0	149.0	109.0	0.0	0.0	0.0	0.0	0.0	0.0	0.0	0.0	0.0	0.0	0.0	0.0	0.0	0.0	0.0	312.0	408.0	309.0	90.0	87.0	0.0	0.0	0.0	0.0	0.0	0.0	0.0	0.0	0.0	0.0	0.0	0.0	0.0	0.0	0.0	0.0
47	20150910 02:53:41.393	1354.0	558.0	0.0	0.0	0.0	0.0	0.0	0.0	0.0	0.0	0.0	0.0	0.0	0.0	0.0	0.0	0.0	0.0	0.0	0.0	0.0	0.0	0.0	0.0	0.0	0.0	0.0	0.0	0.0	0.0	0.0	105.0	139.0	112.0	85.0	95.0	141.0	115.0	0.0	0.0	0.0	0.0	0.0	0.0	0.0	0.0	0.0	0.0	0.0	0.0	0.0	0.0	0.0	248.0	274.0	227.0	95.0	162.0	0.0	0.0	0.0	0.0	0.0	0.0	0.0	0.0	0.0	0.0	0.0	0.0	0.0	0.0	0.0	0.0
48	20150910 01:43:11.970	1351.0	558.0	0.0	0.0	0.0	0.0	0.0	0.0	0.0	0.0	0.0	0.0	0.0	0.0	0.0	0.0	0.0	0.0	0.0	0.0	0.0	0.0	0.0	0.0	0.0	0.0	0.0	0.0	0.0	0.0	0.0	154.0	110.0	156.0	143.0	142.0	158.0	153.0	0.0	0.0	0.0	0.0	0.0	0.0	0.0	0.0	0.0	0.0	0.0	0.0	0.0	0.0	100.0	187.0	261.0	233.0	100.0	103.0	0.0	0.0	0.0	0.0	0.0	0.0	0.0	0.0	0.0	0.0	0.0	0.0	0.0	0.0	0.0	0.0
49	20150910 01:43:11.970	1349.0	556.0	0.0	0.0	0.0	0.0	0.0	0.0	0.0	0.0	0.0	0.0	0.0	0.0	0.0	0.0	0.0	0.0	0.0	0.0	0.0	0.0	0.0	0.0	0.0	0.0	0.0	0.0	0.0	0.0	115.0	137.0	115.0	156.0	105.0	117.0	148.0	135.0	0.0	0.0	0.0	0.0	0.0	0.0	0.0	0.0	0.0	0.0	0.0	0.0	0.0	0.0	122.0	183.0	270.0	233.0	98.0	136.0	0.0	0.0	0.0	0.0	0.0	0.0	0.0	0.0	0.0	0.0	0.0	0.0	0.0	0.0	0.0	0.0
50	20150911 20:38:49.511	520.0	494.0	176.0	123.0	146.0	135.0	146.0	116.0	150.0	170.0	138.0	160.0	192.0	142.0	150.0	175.0	180.0	168.0	128.0	186.0	161.0	161.0	159.0	163.0	184.0	145.0	124.0	131.0	84.0	135.0	158.0	169.0	104.0	141.0	141.0	128.0	150.0	140.0	98.0	144.0	108.0	171.0	138.0	147.0	137.0	139.0	116.0	136.0	112.0	129.0	127.0	119.0	155.0	92.0	115.0	106.0	81.0	156.0	118.0	113.0	98.0	109.0	155.0	105.0	101.0	100.0	312.0	273.0	309.0	281.0	156.0	175.0	153.0	111.0
51	20150911 20:38:49.511	522.0	492.0	220.0	206.0	213.0	133.0	107.0	147.0	135.0	129.0	156.0	160.0	144.0	127.0	120.0	153.0	221.0	149.0	207.0	151.0	85.0	150.0	159.0	165.0	126.0	120.0	159.0	148.0	98.0	156.0	130.0	109.0	94.0	141.0	118.0	128.0	120.0	112.0	84.0	129.0	102.0	171.0	137.0	147.0	93.0	122.0	121.0	134.0	88.0	123.0	93.0	102.0	155.0	101.0	115.0	106.0	120.0	156.0	121.0	130.0	90.0	139.0	150.0	132.0	139.0	103.0	312.0	260.0	301.0	281.0	112.0	118.0	119.0	161.0
52	20150911 20:38:49.511	520.0	491.0	162.0	118.0	185.0	141.0	146.0	88.0	182.0	190.0	160.0	146.0	129.0	142.0	104.0	209.0	180.0	168.0	191.0	149.0	162.0	151.0	206.0	151.0	116.0	101.0	113.0	148.0	98.0	123.0	123.0	169.0	99.0	141.0	141.0	122.0	114.0	140.0	73.0	111.0	102.0	171.0	153.0	147.0	93.0	155.0	137.0	134.0	118.0	166.0	87.0	90.0	114.0	125.0	92.0	98.0	81.0	148.0	118.0	108.0	96.0	128.0	160.0	161.0	111.0	108.0	312.0	260.0	274.0	260.0	112.0	150.0	153.0	108.0
53	20150910 20:15:51.957	866.0	458.0	148.0	147.0	182.0	158.0	134.0	167.0	232.0	224.0	129.0	135.0	189.0	189.0	153.0	185.0	207.0	215.0	127.0	190.0	126.0	193.0	177.0	147.0	151.0	184.0	157.0	218.0	156.0	192.0	184.0	162.0	178.0	169.0	155.0	186.0	171.0	247.0	267.0	226.0	310.0	251.0	164.0	274.0	266.0	260.0	403.0	772.0	886.0	766.0	808.0	875.0	777.0	831.0	714.0	816.0	618.0	648.0	335.0	795.0	601.0	719.0	751.0	743.0	807.0	676.0	653.0	702.0	590.0	703.0	747.0	674.0	692.0	443.0
54	20150910 20:15:51.957	868.0	456.0	240.0	161.0	182.0	202.0	170.0	177.0	230.0	191.0	167.0	110.0	128.0	187.0	169.0	191.0	207.0	215.0	160.0	197.0	153.0	175.0	194.0	147.0	157.0	184.0	167.0	118.0	129.0	141.0	184.0	194.0	176.0	148.0	138.0	180.0	171.0	247.0	236.0	226.0	310.0	251.0	159.0	256.0	238.0	257.0	427.0	772.0	886.0	705.0	832.0	875.0	777.0	795.0	705.0	816.0	618.0	648.0	335.0	795.0	601.0	653.0	756.0	743.0	807.0	691.0	653.0	702.0	590.0	800.0	752.0	674.0	692.0	443.0
55	20150910 20:15:51.957	866.0	456.0	148.0	130.0	182.0	224.0	170.0	167.0	232.0	224.0	167.0	118.0	209.0	174.0	169.0	185.0	207.0	215.0	127.0	171.0	126.0	193.0	194.0	147.0	131.0	184.0	188.0	118.0	129.0	192.0	184.0	194.0	178.0	169.0	156.0	186.0	171.0	247.0	267.0	226.0	310.0	251.0	150.0	274.0	254.0	260.0	435.0	772.0	886.0	766.0	832.0	875.0	777.0	831.0	714.0	816.0	618.0	648.0	335.0	795.0	601.0	719.0	756.0	743.0	807.0	691.0	653.0	702.0	590.0	800.0	752.0	674.0	694.0	443.0
56	20150910 20:15:51.957	864.0	455.0	133.0	129.0	143.0	224.0	157.0	178.0	232.0	195.0	162.0	134.0	209.0	174.0	180.0	153.0	216.0	184.0	135.0	171.0	127.0	120.0	177.0	144.0	136.0	187.0	188.0	166.0	136.0	153.0	124.0	178.0	160.0	167.0	156.0	149.0	161.0	183.0	267.0	216.0	235.0	197.0	196.0	274.0	254.0	250.0	435.0	742.0	825.0	766.0	808.0	648.0	734.0	831.0	714.0	760.0	545.0	438.0	282.0	779.0	526.0	719.0	709.0	676.0	771.0	685.0	609.0	681.0	590.0	663.0	747.0	598.0	694.0	423.0
57	20150910 20:15:51.957	866.0	454.0	145.0	130.0	163.0	224.0	170.0	163.0	202.0	195.0	167.0	134.0	209.0	171.0	169.0	193.0	193.0	242.0	145.0	171.0	117.0	144.0	194.0	169.0	142.0	198.0	188.0	137.0	96.0	141.0	156.0	194.0	127.0	167.0	156.0	144.0	161.0	151.0	221.0	208.0	227.0	197.0	146.0	268.0	254.0	257.0	435.0	693.0	768.0	674.0	832.0	773.0	748.0	805.0	685.0	762.0	607.0	619.0	298.0	779.0	562.0	643.0	756.0	694.0	749.0	691.0	619.0	681.0	548.0	800.0	752.0	645.0	694.0	426.0
58	20150911 10:03:09.996	992.0	423.0	206.0	155.0	121.0	110.0	147.0	106.0	187.0	160.0	181.0	126.0	142.0	137.0	159.0	141.0	139.0	181.0	170.0	127.0	141.0	136.0	117.0	213.0	154.0	151.0	106.0	186.0	156.0	144.0	96.0	137.0	134.0	157.0	148.0	118.0	129.0	115.0	125.0	157.0	145.0	196.0	156.0	194.0	162.0	150.0	94.0	134.0	128.0	166.0	173.0	144.0	180.0	152.0	155.0	137.0	153.0	163.0	158.0	216.0	181.0	165.0	176.0	214.0	201.0	216.0	189.0	197.0	244.0	273.0	217.0	228.0	231.0	234.0
59	20150908 22:43:39.635	987.0	422.0	163.0	174.0	129.0	122.0	79.0	168.0	181.0	181.0	181.0	176.0	152.0	118.0	168.0	127.0	144.0	200.0	187.0	141.0	145.0	153.0	230.0	109.0	100.0	125.0	143.0	150.0	185.0	135.0	165.0	175.0	114.0	141.0	144.0	141.0	177.0	196.0	121.0	150.0	140.0	153.0	136.0	166.0	180.0	187.0	137.0	142.0	197.0	175.0	177.0	198.0	138.0	169.0	185.0	169.0	171.0	226.0	156.0	190.0	202.0	220.0	208.0	234.0	233.0	212.0	249.0	204.0	184.0	226.0	228.0	246.0	219.0	281.0
60	20150910 12:12:50.955	948.0	422.0	160.0	111.0	121.0	155.0	179.0	108.0	156.0	170.0	165.0	116.0	156.0	118.0	143.0	137.0	156.0	169.0	162.0	159.0	129.0	154.0	174.0	167.0	157.0	127.0	146.0	117.0	138.0	177.0	112.0	141.0	131.0	128.0	147.0	214.0	151.0	162.0	180.0	198.0	216.0	228.0	201.0	228.0	253.0	257.0	235.0	231.0	245.0	243.0	225.0	201.0	203.0	202.0	242.0	211.0	186.0	212.0	230.0	251.0	250.0	258.0	277.0	267.0	267.0	226.0	261.0	323.0	239.0	209.0	253.0	255.0	300.0	272.0
61	20150911 00:51:32.545	987.0	420.0	163.0	174.0	142.0	122.0	167.0	200.0	181.0	222.0	181.0	187.0	158.0	99.0	170.0	208.0	144.0	197.0	187.0	141.0	164.0	151.0	230.0	136.0	159.0	135.0	143.0	111.0	185.0	135.0	143.0	122.0	132.0	86.0	155.0	141.0	149.0	161.0	137.0	149.0	115.0	164.0	136.0	166.0	180.0	182.0	131.0	155.0	148.0	158.0	177.0	198.0	170.0	171.0	210.0	148.0	170.0	226.0	171.0	182.0	202.0	218.0	208.0	231.0	233.0	178.0	249.0	195.0	217.0	211.0	244.0	246.0	222.0	281.0
62	20150910 01:43:11.970	947.0	418.0	148.0	156.0	207.0	136.0	187.0	119.0	195.0	189.0	158.0	172.0	115.0	128.0	132.0	129.0	230.0	152.0	182.0	192.0	167.0	167.0	140.0	121.0	118.0	117.0	156.0	115.0	154.0	102.0	145.0	205.0	162.0	165.0	135.0	162.0	177.0	157.0	145.0	155.0	231.0	207.0	229.0	216.0	251.0	217.0	214.0	190.0	266.0	270.0	232.0	268.0	291.0	205.0	252.0	246.0	201.0	253.0	214.0	227.0	267.0	269.0	262.0	274.0	245.0	263.0	266.0	255.0	271.0	265.0	257.0	245.0	281.0	275.0
63	20150909 09:17:23.751	941.0	419.0	139.0	154.0	196.0	155.0	102.0	201.0	228.0	154.0	169.0	204.0	201.0	82.0	89.0	164.0	172.0	237.0	137.0	183.0	157.0	171.0	142.0	117.0	174.0	133.0	92.0	127.0	170.0	143.0	156.0	143.0	132.0	160.0	120.0	159.0	188.0	154.0	184.0	210.0	287.0	190.0	182.0	253.0	293.0	204.0	289.0	253.0	246.0	240.0	236.0	219.0	244.0	236.0	271.0	266.0	224.0	203.0	251.0	275.0	301.0	255.0	280.0	249.0	253.0	230.0	272.0	299.0	253.0	299.0	235.0	282.0	231.0	285.0
64	20150911 21:49:14.142	993.0	383.0	155.0	173.0	144.0	197.0	182.0	118.0	172.0	138.0	142.0	132.0	168.0	172.0	146.0	136.0	180.0	224.0	123.0	195.0	135.0	193.0	229.0	121.0	177.0	195.0	120.0	119.0	166.0	126.0	89.0	90.0	147.0	140.0	170.0	119.0	153.0	115.0	134.0	127.0	136.0	152.0	151.0	156.0	151.0	156.0	133.0	143.0	182.0	144.0	201.0	157.0	158.0	136.0	157.0	181.0	119.0	173.0	156.0	147.0	158.0	210.0	192.0	191.0	192.0	240.0	217.0	429.0	344.0	418.0	414.0	350.0	351.0	321.0
65	20150911 21:49:14.142	991.0	383.0	155.0	140.0	144.0	155.0	93.0	152.0	172.0	138.0	142.0	132.0	225.0	172.0	132.0	126.0	180.0	224.0	167.0	123.0	119.0	177.0	152.0	124.0	177.0	113.0	120.0	122.0	146.0	126.0	150.0	123.0	147.0	140.0	112.0	142.0	112.0	114.0	124.0	144.0	132.0	124.0	136.0	203.0	151.0	156.0	167.0	109.0	182.0	144.0	192.0	157.0	158.0	136.0	182.0	181.0	165.0	169.0	139.0	143.0	148.0	208.0	178.0	191.0	171.0	199.0	217.0	476.0	349.0	428.0	455.0	377.0	405.0	321.0
66	20150911 21:49:14.142	989.0	383.0	139.0	140.0	123.0	118.0	127.0	152.0	161.0	153.0	187.0	226.0	225.0	124.0	135.0	140.0	155.0	170.0	167.0	117.0	112.0	177.0	220.0	126.0	157.0	102.0	154.0	122.0	168.0	126.0	150.0	127.0	99.0	124.0	88.0	142.0	155.0	114.0	132.0	144.0	132.0	128.0	121.0	203.0	139.0	151.0	167.0	204.0	218.0	135.0	192.0	150.0	181.0	196.0	182.0	158.0	165.0	174.0	166.0	183.0	202.0	163.0	183.0	183.0	215.0	166.0	189.0	476.0	376.0	428.0	455.0	377.0	409.0	313.0
67	20150911 21:49:14.142	993.0	381.0	151.0	128.0	144.0	109.0	115.0	118.0	172.0	138.0	142.0	119.0	132.0	172.0	133.0	126.0	163.0	263.0	161.0	187.0	135.0	149.0	176.0	119.0	179.0	191.0	120.0	103.0	146.0	117.0	102.0	95.0	147.0	140.0	170.0	145.0	107.0	113.0	130.0	130.0	149.0	159.0	172.0	122.0	151.0	161.0	108.0	148.0	215.0	144.0	201.0	145.0	143.0	170.0	157.0	164.0	129.0	169.0	138.0	163.0	163.0	210.0	192.0	191.0	171.0	199.0	175.0	466.0	381.0	405.0	414.0	376.0	418.0	321.0
68	20150911 21:49:14.142	991.0	381.0	151.0	140.0	144.0	115.0	115.0	152.0	172.0	155.0	142.0	139.0	130.0	172.0	133.0	107.0	163.0	263.0	125.0	112.0	119.0	177.0	158.0	119.0	179.0	191.0	122.0	122.0	146.0	126.0	97.0	143.0	147.0	140.0	126.0	145.0	107.0	113.0	130.0	144.0	132.0	124.0	136.0	117.0	151.0	164.0	167.0	137.0	157.0	144.0	150.0	130.0	169.0	138.0	182.0	124.0	120.0	169.0	164.0	143.0	146.0	208.0	158.0	191.0	179.0	210.0	175.0	498.0	381.0	485.0	510.0	503.0	418.0	343.0
69	20150911 21:49:14.142	989.0	381.0	139.0	160.0	111.0	118.0	83.0	152.0	161.0	155.0	207.0	226.0	130.0	142.0	153.0	140.0	190.0	170.0	182.0	114.0	115.0	177.0	158.0	126.0	119.0	179.0	122.0	122.0	168.0	126.0	97.0	143.0	106.0	138.0	225.0	75.0	155.0	185.0	137.0	144.0	132.0	124.0	136.0	186.0	161.0	164.0	167.0	143.0	218.0	144.0	166.0	155.0	169.0	196.0	182.0	184.0	126.0	174.0	196.0	164.0	202.0	197.0	159.0	181.0	179.0	210.0	189.0	498.0	376.0	509.0	510.0	503.0	412.0	343.0
70	20150911 21:49:14.142	987.0	381.0	139.0	160.0	178.0	121.0	111.0	135.0	177.0	102.0	212.0	226.0	150.0	142.0	153.0	147.0	190.0	170.0	182.0	125.0	138.0	147.0	148.0	128.0	166.0	136.0	118.0	116.0	170.0	138.0	143.0	112.0	106.0	136.0	225.0	128.0	155.0	185.0	137.0	149.0	121.0	122.0	135.0	186.0	168.0	162.0	148.0	143.0	218.0	188.0	166.0	155.0	158.0	196.0	159.0	184.0	151.0	174.0	196.0	169.0	202.0	175.0	159.0	181.0	165.0	165.0	189.0	442.0	376.0	509.0	454.0	391.0	409.0	326.0
71	20150911 21:49:14.142	991.0	379.0	118.0	155.0	154.0	135.0	125.0	153.0	153.0	155.0	155.0	139.0	179.0	142.0	133.0	126.0	145.0	263.0	139.0	121.0	148.0	158.0	158.0	133.0	179.0	191.0	122.0	185.0	164.0	111.0	121.0	143.0	127.0	138.0	161.0	145.0	95.0	131.0	142.0	130.0	149.0	91.0	136.0	157.0	124.0	164.0	175.0	137.0	193.0	144.0	162.0	174.0	169.0	138.0	157.0	167.0	150.0	172.0	167.0	209.0	146.0	197.0	158.0	190.0	218.0	210.0	161.0	498.0	381.0	485.0	510.0	503.0	418.0	343.0
72	20150911 21:49:14.142	989.0	379.0	145.0	160.0	154.0	118.0	125.0	153.0	133.0	155.0	207.0	139.0	119.0	142.0	153.0	138.0	190.0	152.0	182.0	121.0	115.0	159.0	158.0	107.0	172.0	179.0	132.0	185.0	125.0	129.0	103.0	143.0	106.0	138.0	225.0	134.0	95.0	185.0	137.0	143.0	149.0	138.0	136.0	157.0	161.0	164.0	169.0	158.0	193.0	146.0	123.0	155.0	169.0	181.0	115.0	184.0	110.0	129.0	196.0	164.0	185.0	197.0	159.0	190.0	210.0	210.0	168.0	498.0	360.0	509.0	510.0	503.0	412.0	343.0
73	20150911 21:49:14.142	987.0	379.0	145.0	160.0	215.0	121.0	115.0	118.0	191.0	144.0	212.0	116.0	119.0	85.0	153.0	147.0	190.0	152.0	182.0	115.0	76.0	159.0	167.0	102.0	133.0	138.0	132.0	151.0	125.0	129.0	143.0	132.0	106.0	136.0	225.0	134.0	114.0	185.0	137.0	143.0	131.0	138.0	135.0	145.0	168.0	164.0	169.0	158.0	190.0	146.0	162.0	155.0	158.0	181.0	145.0	184.0	151.0	138.0	196.0	164.0	185.0	175.0	159.0	181.0	165.0	170.0	168.0	442.0	360.0	509.0	454.0	391.0	374.0	285.0
74	20150912 02:30:56.415	346.0	363.0	121.0	149.0	150.0	187.0	205.0	140.0	136.0	175.0	179.0	116.0	149.0	115.0	155.0	171.0	190.0	167.0	154.0	187.0	153.0	112.0	118.0	168.0	207.0	141.0	124.0	140.0	110.0	171.0	108.0	116.0	103.0	107.0	113.0	108.0	124.0	125.0	135.0	152.0	161.0	147.0	98.0	108.0	102.0	102.0	92.0	104.0	120.0	114.0	89.0	95.0	144.0	121.0	103.0	111.0	116.0	111.0	95.0	109.0	117.0	102.0	96.0	74.0	117.0	121.0	101.0	120.0	124.0	111.0	128.0	252.0	212.0	241.0
75	20150910 22:33:41.815	826.0	349.0	93.0	174.0	132.0	114.0	174.0	112.0	179.0	164.0	119.0	131.0	145.0	144.0	137.0	173.0	140.0	141.0	187.0	156.0	106.0	178.0	150.0	146.0	108.0	175.0	103.0	101.0	119.0	181.0	121.0	127.0	74.0	128.0	118.0	146.0	131.0	130.0	131.0	157.0	108.0	154.0	123.0	109.0	80.0	112.0	118.0	121.0	125.0	181.0	102.0	158.0	108.0	132.0	113.0	103.0	127.0	82.0	129.0	103.0	210.0	89.0	107.0	139.0	125.0	124.0	141.0	169.0	86.0	91.0	249.0	123.0	116.0	135.0
76	20150912 02:30:56.415	828.0	339.0	134.0	151.0	205.0	127.0	177.0	128.0	189.0	215.0	142.0	151.0	182.0	181.0	186.0	192.0	167.0	187.0	137.0	132.0	165.0	129.0	168.0	128.0	153.0	121.0	113.0	217.0	149.0	137.0	119.0	144.0	128.0	131.0	136.0	128.0	150.0	121.0	135.0	105.0	125.0	118.0	130.0	124.0	145.0	105.0	147.0	94.0	143.0	98.0	133.0	94.0	163.0	104.0	100.0	133.0	99.0	140.0	114.0	155.0	157.0	125.0	110.0	131.0	165.0	123.0	150.0	144.0	132.0	132.0	188.0	340.0	360.0	411.0
77	20150910 04:03:59.140	1366.0	246.0	0.0	0.0	0.0	0.0	0.0	0.0	0.0	0.0	0.0	0.0	0.0	0.0	0.0	0.0	0.0	0.0	0.0	0.0	0.0	0.0	0.0	0.0	0.0	0.0	0.0	0.0	0.0	0.0	0.0	0.0	77.0	172.0	136.0	198.0	122.0	137.0	0.0	0.0	0.0	0.0	0.0	0.0	0.0	0.0	0.0	0.0	0.0	0.0	0.0	0.0	0.0	55.0	161.0	128.0	232.0	178.0	0.0	0.0	0.0	0.0	0.0	0.0	0.0	0.0	0.0	0.0	0.0	0.0	0.0	0.0	0.0	0.0
78	20150911 04:18:10.429	1362.0	235.0	0.0	0.0	0.0	0.0	0.0	0.0	0.0	0.0	0.0	0.0	0.0	0.0	0.0	0.0	0.0	0.0	0.0	0.0	0.0	0.0	0.0	0.0	0.0	0.0	0.0	0.0	0.0	0.0	0.0	0.0	166.0	209.0	149.0	230.0	193.0	195.0	0.0	0.0	0.0	0.0	0.0	0.0	0.0	0.0	0.0	0.0	0.0	0.0	0.0	0.0	0.0	345.0	440.0	397.0	642.0	754.0	0.0	0.0	0.0	0.0	0.0	0.0	0.0	0.0	0.0	0.0	0.0	0.0	0.0	0.0	0.0	0.0
79	20150911 03:09:12.605	1360.0	235.0	0.0	0.0	0.0	0.0	0.0	0.0	0.0	0.0	0.0	0.0	0.0	0.0	0.0	0.0	0.0	0.0	0.0	0.0	0.0	0.0	0.0	0.0	0.0	0.0	0.0	0.0	0.0	0.0	0.0	187.0	171.0	209.0	170.0	230.0	165.0	156.0	0.0	0.0	0.0	0.0	0.0	0.0	0.0	0.0	0.0	0.0	0.0	0.0	0.0	0.0	0.0	345.0	369.0	391.0	593.0	686.0	0.0	0.0	0.0	0.0	0.0	0.0	0.0	0.0	0.0	0.0	0.0	0.0	0.0	0.0	0.0	0.0
80	20150911 04:18:10.429	1363.0	233.0	0.0	0.0	0.0	0.0	0.0	0.0	0.0	0.0	0.0	0.0	0.0	0.0	0.0	0.0	0.0	0.0	0.0	0.0	0.0	0.0	0.0	0.0	0.0	0.0	0.0	0.0	0.0	0.0	0.0	0.0	160.0	208.0	149.0	183.0	193.0	150.0	0.0	0.0	0.0	0.0	0.0	0.0	0.0	0.0	0.0	0.0	0.0	0.0	0.0	0.0	0.0	345.0	440.0	391.0	642.0	754.0	0.0	0.0	0.0	0.0	0.0	0.0	0.0	0.0	0.0	0.0	0.0	0.0	0.0	0.0	0.0	0.0
81	20150911 04:18:10.429	1361.0	232.0	0.0	0.0	0.0	0.0	0.0	0.0	0.0	0.0	0.0	0.0	0.0	0.0	0.0	0.0	0.0	0.0	0.0	0.0	0.0	0.0	0.0	0.0	0.0	0.0	0.0	0.0	0.0	0.0	0.0	0.0	163.0	208.0	139.0	197.0	187.0	168.0	0.0	0.0	0.0	0.0	0.0	0.0	0.0	0.0	0.0	0.0	0.0	0.0	0.0	0.0	0.0	345.0	368.0	363.0	642.0	714.0	0.0	0.0	0.0	0.0	0.0	0.0	0.0	0.0	0.0	0.0	0.0	0.0	0.0	0.0	0.0	0.0
82	20150911 04:18:10.429	1362.0	230.0	0.0	0.0	0.0	0.0	0.0	0.0	0.0	0.0	0.0	0.0	0.0	0.0	0.0	0.0	0.0	0.0	0.0	0.0	0.0	0.0	0.0	0.0	0.0	0.0	0.0	0.0	0.0	0.0	0.0	0.0	130.0	208.0	155.0	197.0	115.0	135.0	0.0	0.0	0.0	0.0	0.0	0.0	0.0	0.0	0.0	0.0	0.0	0.0	0.0	0.0	0.0	247.0	290.0	308.0	531.0	506.0	0.0	0.0	0.0	0.0	0.0	0.0	0.0	0.0	0.0	0.0	0.0	0.0	0.0	0.0	0.0	0.0
83	20150910 01:43:11.970	1355.0	225.0	0.0	0.0	0.0	0.0	0.0	0.0	0.0	0.0	0.0	0.0	0.0	0.0	0.0	0.0	0.0	0.0	0.0	0.0	0.0	0.0	0.0	0.0	0.0	0.0	0.0	0.0	0.0	0.0	0.0	152.0	139.0	194.0	151.0	145.0	173.0	111.0	0.0	0.0	0.0	0.0	0.0	0.0	0.0	0.0	0.0	0.0	0.0	0.0	0.0	0.0	0.0	175.0	200.0	158.0	238.0	245.0	0.0	0.0	0.0	0.0	0.0	0.0	0.0	0.0	0.0	0.0	0.0	0.0	0.0	0.0	0.0	0.0
84	20150911 17:07:42.858	548.0	199.0	141.0	139.0	196.0	130.0	143.0	140.0	212.0	172.0	133.0	171.0	165.0	149.0	121.0	131.0	167.0	257.0	147.0	174.0	129.0	153.0	150.0	170.0	135.0	155.0	142.0	114.0	171.0	93.0	117.0	134.0	158.0	152.0	152.0	145.0	137.0	162.0	120.0	134.0	163.0	144.0	88.0	156.0	128.0	116.0	106.0	115.0	104.0	112.0	130.0	103.0	99.0	111.0	93.0	109.0	94.0	80.0	108.0	106.0	89.0	102.0	95.0	271.0	284.0	206.0	100.0	94.0	124.0	160.0	120.0	140.0	124.0	182.0
85	20150911 17:07:42.858	549.0	196.0	161.0	147.0	147.0	168.0	142.0	124.0	143.0	179.0	182.0	191.0	157.0	157.0	101.0	134.0	161.0	155.0	125.0	174.0	169.0	122.0	151.0	138.0	162.0	196.0	123.0	170.0	123.0	88.0	145.0	170.0	148.0	116.0	221.0	145.0	142.0	87.0	106.0	140.0	188.0	111.0	101.0	135.0	112.0	116.0	123.0	115.0	122.0	120.0	136.0	138.0	146.0	108.0	117.0	109.0	125.0	94.0	122.0	125.0	114.0	140.0	118.0	322.0	284.0	212.0	90.0	126.0	116.0	138.0	117.0	131.0	137.0	182.0
86	20150911 10:03:09.996	492.0	195.0	166.0	120.0	106.0	145.0	91.0	127.0	147.0	166.0	156.0	137.0	150.0	98.0	114.0	169.0	196.0	161.0	125.0	145.0	110.0	141.0	118.0	127.0	135.0	155.0	139.0	129.0	156.0	124.0	105.0	129.0	102.0	197.0	151.0	91.0	162.0	127.0	134.0	153.0	124.0	90.0	139.0	111.0	100.0	124.0	135.0	105.0	133.0	158.0	94.0	146.0	164.0	141.0	118.0	136.0	131.0	97.0	96.0	237.0	320.0	251.0	221.0	106.0	86.0	112.0	111.0	148.0	125.0	141.0	117.0	157.0	149.0	100.0
87	20150911 10:03:09.996	490.0	195.0	128.0	120.0	131.0	185.0	91.0	127.0	164.0	166.0	156.0	179.0	144.0	130.0	92.0	122.0	205.0	161.0	117.0	158.0	110.0	128.0	118.0	140.0	151.0	159.0	139.0	90.0	156.0	126.0	156.0	129.0	172.0	117.0	113.0	91.0	148.0	127.0	134.0	126.0	124.0	127.0	106.0	146.0	100.0	124.0	102.0	137.0	133.0	158.0	85.0	146.0	114.0	141.0	118.0	133.0	131.0	136.0	88.0	246.0	320.0	225.0	227.0	115.0	86.0	129.0	113.0	119.0	150.0	105.0	117.0	94.0	149.0	105.0
88	20150911 17:07:42.858	547.0	194.0	161.0	125.0	147.0	168.0	142.0	76.0	125.0	179.0	182.0	133.0	125.0	128.0	138.0	116.0	128.0	147.0	108.0	151.0	169.0	120.0	151.0	134.0	90.0	137.0	127.0	147.0	125.0	149.0	129.0	148.0	169.0	199.0	141.0	133.0	138.0	97.0	131.0	132.0	118.0	124.0	200.0	73.0	93.0	128.0	101.0	139.0	122.0	120.0	158.0	164.0	146.0	101.0	117.0	104.0	87.0	117.0	122.0	107.0	113.0	98.0	108.0	322.0	280.0	219.0	83.0	127.0	128.0	138.0	123.0	97.0	92.0	114.0
89	20150911 17:07:42.858	546.0	192.0	194.0	151.0	166.0	172.0	145.0	108.0	125.0	176.0	133.0	133.0	113.0	128.0	118.0	188.0	172.0	233.0	114.0	213.0	149.0	119.0	161.0	107.0	87.0	119.0	127.0	98.0	141.0	92.0	129.0	144.0	169.0	199.0	141.0	143.0	115.0	169.0	137.0	132.0	122.0	124.0	203.0	66.0	120.0	128.0	98.0	139.0	108.0	120.0	114.0	166.0	120.0	114.0	102.0	104.0	117.0	123.0	111.0	97.0	143.0	86.0	110.0	315.0	278.0	219.0	99.0	127.0	81.0	93.0	123.0	119.0	149.0	81.0
90	20150911 10:03:09.996	492.0	192.0	169.0	120.0	151.0	106.0	120.0	160.0	171.0	197.0	156.0	174.0	146.0	129.0	153.0	140.0	204.0	150.0	87.0	187.0	177.0	137.0	148.0	152.0	136.0	180.0	141.0	109.0	154.0	124.0	102.0	129.0	109.0	197.0	142.0	100.0	122.0	110.0	128.0	144.0	101.0	104.0	99.0	103.0	114.0	115.0	135.0	131.0	114.0	115.0	131.0	130.0	134.0	141.0	130.0	154.0	116.0	105.0	50.0	304.0	341.0	294.0	319.0	128.0	124.0	112.0	114.0	148.0	87.0	100.0	111.0	93.0	100.0	131.0
91	20150911 10:03:09.996	490.0	192.0	197.0	157.0	131.0	185.0	120.0	160.0	162.0	197.0	202.0	179.0	147.0	129.0	153.0	149.0	205.0	150.0	87.0	143.0	177.0	128.0	154.0	133.0	149.0	180.0	74.0	151.0	154.0	111.0	156.0	129.0	131.0	168.0	193.0	100.0	148.0	116.0	138.0	144.0	101.0	111.0	98.0	103.0	100.0	84.0	100.0	131.0	113.0	115.0	70.0	130.0	134.0	141.0	130.0	154.0	132.0	89.0	130.0	304.0	341.0	294.0	319.0	128.0	67.0	129.0	114.0	119.0	150.0	151.0	111.0	142.0	117.0	131.0
92	20150911 17:07:42.858	547.0	190.0	194.0	151.0	166.0	172.0	158.0	118.0	143.0	175.0	158.0	98.0	188.0	117.0	118.0	188.0	245.0	135.0	137.0	213.0	146.0	111.0	132.0	132.0	136.0	100.0	122.0	121.0	141.0	137.0	137.0	144.0	144.0	159.0	141.0	144.0	152.0	169.0	137.0	124.0	125.0	98.0	198.0	82.0	120.0	98.0	75.0	119.0	105.0	120.0	102.0	166.0	118.0	107.0	89.0	139.0	117.0	94.0	121.0	103.0	143.0	103.0	125.0	254.0	278.0	217.0	105.0	123.0	105.0	93.0	123.0	112.0	88.0	106.0
93	20150911 10:03:09.996	492.0	189.0	188.0	110.0	132.0	112.0	136.0	160.0	125.0	169.0	101.0	174.0	137.0	110.0	156.0	151.0	204.0	161.0	201.0	225.0	141.0	130.0	148.0	152.0	152.0	116.0	121.0	139.0	114.0	117.0	87.0	115.0	128.0	127.0	138.0	91.0	125.0	89.0	136.0	99.0	136.0	82.0	132.0	144.0	118.0	107.0	80.0	132.0	120.0	127.0	129.0	92.0	102.0	91.0	106.0	87.0	84.0	106.0	58.0	278.0	341.0	294.0	315.0	128.0	115.0	114.0	121.0	149.0	103.0	103.0	104.0	122.0	127.0	137.0
94	20150911 10:03:09.996	489.0	189.0	169.0	110.0	142.0	109.0	92.0	145.0	143.0	150.0	154.0	133.0	172.0	115.0	118.0	114.0	144.0	149.0	80.0	117.0	108.0	97.0	154.0	102.0	171.0	120.0	145.0	118.0	146.0	130.0	129.0	109.0	160.0	130.0	193.0	145.0	130.0	107.0	98.0	139.0	136.0	169.0	146.0	103.0	106.0	89.0	67.0	132.0	120.0	127.0	107.0	95.0	115.0	97.0	120.0	93.0	87.0	87.0	130.0	278.0	341.0	328.0	315.0	101.0	115.0	111.0	86.0	119.0	80.0	127.0	136.0	142.0	136.0	137.0
95	20150911 10:03:09.996	491.0	186.0	161.0	115.0	104.0	125.0	162.0	110.0	147.0	150.0	143.0	147.0	105.0	124.0	164.0	151.0	145.0	139.0	145.0	157.0	122.0	135.0	195.0	159.0	171.0	150.0	96.0	138.0	172.0	103.0	129.0	136.0	143.0	139.0	128.0	114.0	106.0	148.0	95.0	155.0	136.0	109.0	132.0	102.0	120.0	124.0	132.0	143.0	120.0	114.0	125.0	111.0	124.0	103.0	110.0	117.0	100.0	113.0	85.0	234.0	295.0	292.0	305.0	128.0	115.0	83.0	121.0	149.0	106.0	127.0	73.0	122.0	139.0	116.0
96	20150911 10:03:09.996	489.0	187.0	195.0	98.0	142.0	125.0	162.0	110.0	143.0	188.0	154.0	137.0	121.0	127.0	104.0	132.0	144.0	103.0	133.0	148.0	102.0	130.0	195.0	119.0	171.0	150.0	145.0	103.0	146.0	130.0	129.0	123.0	111.0	139.0	128.0	111.0	82.0	94.0	128.0	130.0	136.0	169.0	135.0	101.0	160.0	116.0	92.0	132.0	120.0	127.0	107.0	95.0	109.0	97.0	137.0	90.0	100.0	107.0	85.0	236.0	295.0	328.0	305.0	119.0	115.0	111.0	86.0	119.0	92.0	127.0	136.0	89.0	136.0	115.0
97	20150911 11:13:27.455	549.0	129.0	132.0	140.0	152.0	199.0	176.0	159.0	175.0	198.0	138.0	134.0	215.0	169.0	195.0	210.0	166.0	254.0	197.0	168.0	113.0	146.0	186.0	188.0	154.0	170.0	138.0	155.0	200.0	184.0	169.0	164.0	159.0	138.0	165.0	188.0	144.0	167.0	164.0	198.0	230.0	221.0	132.0	246.0	153.0	216.0	226.0	236.0	210.0	227.0	222.0	228.0	230.0	231.0	217.0	209.0	218.0	222.0	246.0	291.0	352.0	465.0	516.0	403.0	402.0	402.0	391.0	398.0	440.0	414.0	422.0	391.0	388.0	394.0
98	20150911 10:03:09.996	551.0	128.0	122.0	184.0	190.0	169.0	144.0	170.0	163.0	198.0	188.0	145.0	148.0	198.0	168.0	210.0	128.0	181.0	159.0	181.0	138.0	168.0	220.0	188.0	234.0	194.0	174.0	136.0	202.0	187.0	193.0	198.0	167.0	153.0	167.0	192.0	142.0	167.0	164.0	198.0	230.0	238.0	152.0	219.0	210.0	268.0	211.0	215.0	210.0	227.0	231.0	228.0	236.0	231.0	216.0	251.0	244.0	212.0	301.0	341.0	479.0	513.0	553.0	466.0	438.0	404.0	510.0	477.0	509.0	459.0	459.0	540.0	384.0	504.0
99	20150911 11:13:27.455	548.0	127.0	154.0	177.0	152.0	199.0	169.0	203.0	186.0	215.0	188.0	153.0	215.0	198.0	195.0	210.0	211.0	254.0	189.0	168.0	187.0	177.0	220.0	156.0	228.0	170.0	174.0	132.0	252.0	184.0	193.0	151.0	170.0	219.0	181.0	192.0	173.0	192.0	236.0	158.0	230.0	221.0	221.0	246.0	227.0	282.0	226.0	236.0	210.0	245.0	261.0	251.0	323.0	267.0	304.0	282.0	312.0	291.0	384.0	392.0	615.0	591.0	693.0	544.0	454.0	404.0	598.0	477.0	545.0	553.0	519.0	689.0	508.0	683.0
100	20150911 08:53:44.31	550.0	125.0	135.0	184.0	181.0	221.0	151.0	246.0	252.0	251.0	188.0	189.0	174.0	198.0	170.0	147.0	251.0	188.0	203.0	181.0	151.0	181.0	220.0	178.0	234.0	178.0	174.0	165.0	252.0	156.0	193.0	143.0	178.0	136.0	152.0	192.0	178.0	189.0	165.0	152.0	217.0	241.0	229.0	226.0	229.0	268.0	236.0	242.0	289.0	236.0	242.0	290.0	323.0	262.0	331.0	282.0	335.0	291.0	455.0	411.0	659.0	652.0	749.0	553.0	506.0	443.0	598.0	477.0	581.0	569.0	546.0	725.0	512.0	695.0
101	20150911 10:03:09.996	546.0	124.0	110.0	148.0	188.0	149.0	190.0	183.0	248.0	215.0	154.0	134.0	134.0	161.0	162.0	177.0	169.0	220.0	176.0	156.0	187.0	197.0	218.0	201.0	167.0	143.0	141.0	188.0	200.0	173.0	178.0	191.0	170.0	219.0	216.0	187.0	167.0	192.0	180.0	191.0	260.0	191.0	192.0	217.0	226.0	282.0	194.0	226.0	250.0	245.0	261.0	251.0	293.0	267.0	351.0	276.0	275.0	255.0	325.0	429.0	543.0	583.0	635.0	509.0	474.0	391.0	522.0	406.0	503.0	536.0	514.0	733.0	550.0	668.0
102	20150911 08:53:44.31	548.0	122.0	243.0	183.0	190.0	133.0	151.0	179.0	248.0	251.0	154.0	158.0	133.0	147.0	172.0	177.0	196.0	188.0	195.0	138.0	147.0	161.0	148.0	201.0	128.0	208.0	142.0	122.0	185.0	148.0	123.0	204.0	162.0	184.0	166.0	187.0	164.0	184.0	149.0	145.0	260.0	158.0	169.0	200.0	224.0	209.0	236.0	242.0	250.0	227.0	242.0	252.0	269.0	229.0	306.0	276.0	262.0	262.0	399.0	429.0	594.0	610.0	675.0	539.0	427.0	371.0	524.0	374.0	507.0	484.0	485.0	656.0	527.0	568.0
103	20150910 22:33:41.815	1324.0	113.0	0.0	0.0	0.0	0.0	0.0	0.0	0.0	0.0	0.0	0.0	0.0	0.0	0.0	0.0	0.0	0.0	0.0	0.0	0.0	0.0	0.0	0.0	0.0	0.0	0.0	0.0	0.0	149.0	198.0	170.0	187.0	194.0	200.0	206.0	240.0	258.0	0.0	0.0	0.0	0.0	0.0	0.0	0.0	0.0	0.0	0.0	0.0	580.0	566.0	534.0	517.0	460.0	536.0	404.0	422.0	433.0	0.0	0.0	0.0	0.0	0.0	0.0	0.0	0.0	0.0	0.0	0.0	0.0	0.0	0.0	0.0	0.0
104	20150910 22:33:41.815	1322.0	113.0	0.0	0.0	0.0	0.0	0.0	0.0	0.0	0.0	0.0	0.0	0.0	0.0	0.0	0.0	0.0	0.0	0.0	0.0	0.0	0.0	0.0	0.0	0.0	0.0	0.0	0.0	0.0	128.0	176.0	158.0	207.0	168.0	174.0	206.0	240.0	258.0	0.0	0.0	0.0	0.0	0.0	0.0	0.0	0.0	0.0	0.0	0.0	580.0	566.0	534.0	517.0	460.0	536.0	404.0	405.0	391.0	0.0	0.0	0.0	0.0	0.0	0.0	0.0	0.0	0.0	0.0	0.0	0.0	0.0	0.0	0.0	0.0
105	20150910 22:33:41.815	1324.0	111.0	0.0	0.0	0.0	0.0	0.0	0.0	0.0	0.0	0.0	0.0	0.0	0.0	0.0	0.0	0.0	0.0	0.0	0.0	0.0	0.0	0.0	0.0	0.0	0.0	0.0	0.0	0.0	149.0	198.0	186.0	231.0	194.0	200.0	251.0	260.0	258.0	0.0	0.0	0.0	0.0	0.0	0.0	0.0	0.0	0.0	0.0	0.0	580.0	566.0	534.0	517.0	460.0	536.0	404.0	422.0	433.0	0.0	0.0	0.0	0.0	0.0	0.0	0.0	0.0	0.0	0.0	0.0	0.0	0.0	0.0	0.0	0.0
106	20150910 22:33:41.815	1322.0	111.0	0.0	0.0	0.0	0.0	0.0	0.0	0.0	0.0	0.0	0.0	0.0	0.0	0.0	0.0	0.0	0.0	0.0	0.0	0.0	0.0	0.0	0.0	0.0	0.0	0.0	0.0	0.0	128.0	176.0	158.0	207.0	168.0	193.0	251.0	260.0	258.0	0.0	0.0	0.0	0.0	0.0	0.0	0.0	0.0	0.0	0.0	0.0	580.0	566.0	534.0	517.0	460.0	536.0	404.0	405.0	391.0	0.0	0.0	0.0	0.0	0.0	0.0	0.0	0.0	0.0	0.0	0.0	0.0	0.0	0.0	0.0	0.0
107	20150910 06:24:29.71	1322.0	109.0	0.0	0.0	0.0	0.0	0.0	0.0	0.0	0.0	0.0	0.0	0.0	0.0	0.0	0.0	0.0	0.0	0.0	0.0	0.0	0.0	0.0	0.0	0.0	0.0	0.0	0.0	0.0	123.0	147.0	167.0	136.0	168.0	193.0	251.0	260.0	220.0	0.0	0.0	0.0	0.0	0.0	0.0	0.0	0.0	0.0	0.0	0.0	438.0	398.0	406.0	413.0	383.0	470.0	350.0	346.0	327.0	0.0	0.0	0.0	0.0	0.0	0.0	0.0	0.0	0.0	0.0	0.0	0.0	0.0	0.0	0.0	0.0
108	20150911 17:07:42.858	370.0	98.0	142.0	127.0	130.0	117.0	144.0	162.0	213.0	157.0	129.0	166.0	133.0	204.0	134.0	103.0	167.0	179.0	130.0	202.0	141.0	128.0	200.0	100.0	199.0	131.0	109.0	104.0	145.0	151.0	120.0	138.0	158.0	153.0	119.0	159.0	115.0	83.0	141.0	110.0	93.0	155.0	128.0	113.0	93.0	92.0	115.0	142.0	80.0	119.0	157.0	114.0	94.0	144.0	84.0	86.0	138.0	95.0	124.0	127.0	124.0	123.0	117.0	341.0	277.0	273.0	84.0	130.0	122.0	100.0	78.0	118.0	122.0	103.0
109	20150911 17:07:42.858	372.0	97.0	135.0	153.0	114.0	145.0	102.0	162.0	163.0	169.0	147.0	160.0	110.0	132.0	136.0	158.0	167.0	179.0	151.0	160.0	128.0	128.0	211.0	121.0	199.0	172.0	129.0	106.0	168.0	110.0	115.0	138.0	158.0	107.0	139.0	92.0	93.0	136.0	152.0	102.0	110.0	155.0	128.0	94.0	93.0	133.0	110.0	125.0	82.0	118.0	123.0	127.0	137.0	112.0	86.0	94.0	106.0	106.0	124.0	104.0	124.0	87.0	121.0	316.0	261.0	273.0	81.0	151.0	122.0	104.0	71.0	106.0	110.0	113.0
110	20150911 17:07:42.858	368.0	97.0	162.0	142.0	112.0	112.0	144.0	129.0	213.0	140.0	137.0	161.0	158.0	204.0	134.0	130.0	164.0	117.0	128.0	202.0	141.0	163.0	130.0	143.0	125.0	123.0	109.0	117.0	143.0	151.0	124.0	168.0	113.0	153.0	119.0	159.0	80.0	83.0	136.0	130.0	83.0	142.0	141.0	124.0	144.0	140.0	106.0	136.0	107.0	115.0	157.0	85.0	128.0	144.0	121.0	118.0	138.0	103.0	69.0	175.0	120.0	115.0	117.0	341.0	277.0	242.0	135.0	130.0	127.0	147.0	90.0	87.0	168.0	103.0
111	20150910 04:03:59.140	364.0	97.0	115.0	124.0	140.0	169.0	111.0	176.0	134.0	192.0	120.0	165.0	161.0	127.0	114.0	153.0	183.0	163.0	131.0	149.0	96.0	167.0	198.0	128.0	77.0	154.0	117.0	167.0	161.0	159.0	86.0	147.0	118.0	192.0	154.0	105.0	112.0	128.0	147.0	136.0	110.0	137.0	162.0	128.0	127.0	104.0	106.0	141.0	118.0	140.0	100.0	105.0	115.0	78.0	134.0	136.0	101.0	126.0	123.0	128.0	162.0	106.0	93.0	290.0	270.0	190.0	120.0	117.0	130.0	99.0	118.0	141.0	126.0	135.0
112	20150911 17:07:42.858	370.0	96.0	142.0	127.0	112.0	90.0	142.0	162.0	157.0	147.0	154.0	163.0	177.0	204.0	126.0	90.0	167.0	117.0	151.0	160.0	121.0	163.0	200.0	121.0	115.0	131.0	109.0	117.0	142.0	151.0	120.0	130.0	158.0	153.0	121.0	137.0	93.0	91.0	145.0	123.0	139.0	113.0	123.0	113.0	93.0	140.0	128.0	136.0	100.0	115.0	157.0	129.0	91.0	144.0	119.0	100.0	131.0	95.0	124.0	127.0	109.0	115.0	123.0	341.0	277.0	214.0	96.0	130.0	122.0	147.0	106.0	106.0	122.0	109.0
113	20150911 17:07:42.858	366.0	96.0	127.0	142.0	121.0	153.0	121.0	176.0	112.0	115.0	120.0	161.0	161.0	181.0	109.0	153.0	176.0	163.0	131.0	163.0	134.0	147.0	194.0	143.0	125.0	139.0	124.0	167.0	143.0	159.0	124.0	168.0	118.0	121.0	93.0	116.0	88.0	125.0	114.0	128.0	110.0	142.0	162.0	124.0	144.0	114.0	63.0	134.0	107.0	121.0	100.0	97.0	123.0	118.0	134.0	136.0	139.0	103.0	71.0	175.0	149.0	131.0	87.0	299.0	270.0	236.0	122.0	117.0	116.0	99.0	108.0	103.0	168.0	128.0
114	20150911 17:07:42.858	375.0	94.0	192.0	124.0	156.0	164.0	151.0	179.0	126.0	151.0	167.0	108.0	156.0	107.0	133.0	106.0	162.0	137.0	169.0	101.0	139.0	139.0	149.0	153.0	124.0	129.0	150.0	102.0	182.0	153.0	134.0	97.0	130.0	168.0	100.0	161.0	107.0	87.0	128.0	105.0	107.0	158.0	171.0	123.0	121.0	114.0	131.0	143.0	86.0	102.0	112.0	125.0	115.0	128.0	114.0	101.0	95.0	106.0	85.0	87.0	86.0	88.0	107.0	290.0	237.0	200.0	120.0	116.0	159.0	114.0	98.0	84.0	130.0	99.0
115	20150911 17:07:42.858	368.0	95.0	140.0	142.0	187.0	112.0	124.0	109.0	133.0	140.0	135.0	163.0	158.0	181.0	126.0	171.0	145.0	119.0	128.0	163.0	134.0	163.0	194.0	143.0	111.0	120.0	95.0	117.0	143.0	157.0	139.0	139.0	113.0	175.0	119.0	130.0	135.0	141.0	129.0	128.0	134.0	142.0	123.0	135.0	94.0	140.0	128.0	136.0	108.0	115.0	102.0	97.0	123.0	118.0	106.0	97.0	139.0	103.0	122.0	175.0	132.0	131.0	126.0	341.0	249.0	214.0	111.0	128.0	109.0	147.0	84.0	111.0	168.0	104.0
116	20150911 17:07:42.858	372.0	94.0	135.0	90.0	124.0	145.0	142.0	138.0	122.0	175.0	163.0	155.0	177.0	117.0	133.0	170.0	124.0	137.0	169.0	160.0	112.0	139.0	138.0	168.0	110.0	157.0	118.0	95.0	168.0	153.0	118.0	175.0	146.0	132.0	121.0	161.0	95.0	124.0	152.0	112.0	139.0	158.0	160.0	97.0	121.0	103.0	112.0	120.0	113.0	105.0	114.0	129.0	137.0	128.0	132.0	100.0	95.0	109.0	148.0	104.0	144.0	100.0	123.0	316.0	251.0	200.0	86.0	138.0	122.0	98.0	137.0	93.0	141.0	127.0
117	20150911 17:07:42.858	370.0	94.0	135.0	110.0	149.0	103.0	142.0	171.0	173.0	175.0	154.0	163.0	177.0	95.0	126.0	171.0	145.0	119.0	151.0	160.0	112.0	163.0	126.0	168.0	110.0	124.0	118.0	117.0	99.0	157.0	139.0	175.0	146.0	143.0	121.0	137.0	107.0	141.0	145.0	123.0	139.0	118.0	112.0	121.0	92.0	140.0	128.0	120.0	108.0	115.0	102.0	129.0	84.0	104.0	119.0	100.0	131.0	86.0	148.0	104.0	144.0	100.0	126.0	326.0	251.0	193.0	96.0	128.0	122.0	147.0	128.0	72.0	107.0	127.0
118	20150908 22:43:39.635	1282.0	70.0	0.0	0.0	0.0	0.0	0.0	108.0	219.0	186.0	253.0	110.0	150.0	195.0	78.0	0.0	0.0	0.0	236.0	130.0	146.0	199.0	181.0	151.0	183.0	213.0	0.0	0.0	164.0	136.0	201.0	212.0	195.0	213.0	195.0	166.0	157.0	180.0	195.0	173.0	148.0	149.0	0.0	0.0	0.0	0.0	0.0	180.0	249.0	264.0	250.0	260.0	249.0	333.0	279.0	288.0	251.0	307.0	0.0	0.0	0.0	0.0	0.0	0.0	0.0	0.0	0.0	0.0	0.0	0.0	0.0	0.0	0.0	0.0
119	20150908 22:43:39.635	1282.0	68.0	0.0	0.0	0.0	0.0	0.0	108.0	227.0	160.0	253.0	110.0	150.0	201.0	92.0	0.0	0.0	0.0	224.0	210.0	149.0	190.0	185.0	151.0	183.0	176.0	0.0	0.0	164.0	136.0	193.0	212.0	195.0	198.0	195.0	166.0	154.0	180.0	195.0	173.0	186.0	149.0	0.0	0.0	0.0	0.0	0.0	197.0	255.0	276.0	260.0	260.0	276.0	333.0	279.0	288.0	251.0	307.0	0.0	0.0	0.0	0.0	0.0	0.0	0.0	0.0	0.0	0.0	0.0	0.0	0.0	0.0	0.0	0.0
120	20150908 22:43:39.635	1284.0	67.0	0.0	0.0	0.0	0.0	0.0	0.0	219.0	203.0	253.0	126.0	182.0	151.0	0.0	0.0	0.0	0.0	181.0	210.0	143.0	172.0	185.0	99.0	155.0	176.0	0.0	0.0	158.0	152.0	193.0	203.0	193.0	185.0	195.0	144.0	170.0	123.0	175.0	130.0	126.0	128.0	0.0	0.0	0.0	0.0	0.0	190.0	255.0	272.0	245.0	260.0	276.0	333.0	310.0	232.0	249.0	307.0	0.0	0.0	0.0	0.0	0.0	0.0	0.0	0.0	0.0	0.0	0.0	0.0	0.0	0.0	0.0	0.0
121	20150908 22:43:39.635	1282.0	66.0	0.0	0.0	0.0	0.0	0.0	122.0	227.0	172.0	216.0	155.0	139.0	201.0	92.0	0.0	0.0	0.0	224.0	210.0	149.0	154.0	185.0	135.0	216.0	176.0	0.0	0.0	148.0	132.0	186.0	150.0	156.0	185.0	167.0	146.0	122.0	171.0	169.0	130.0	228.0	151.0	0.0	0.0	0.0	0.0	0.0	197.0	255.0	276.0	260.0	250.0	276.0	288.0	256.0	242.0	249.0	277.0	0.0	0.0	0.0	0.0	0.0	0.0	0.0	0.0	0.0	0.0	0.0	0.0	0.0	0.0	0.0	0.0
122	20150908 22:43:39.635	1269.0	63.0	0.0	0.0	0.0	0.0	0.0	99.0	115.0	138.0	188.0	160.0	97.0	122.0	118.0	215.0	138.0	136.0	153.0	192.0	110.0	192.0	154.0	111.0	141.0	204.0	74.0	127.0	144.0	138.0	117.0	148.0	104.0	140.0	132.0	99.0	105.0	157.0	146.0	116.0	114.0	127.0	162.0	133.0	64.0	0.0	0.0	129.0	122.0	116.0	128.0	137.0	113.0	81.0	117.0	101.0	137.0	124.0	144.0	0.0	0.0	0.0	0.0	88.0	110.0	0.0	150.0	170.0	133.0	221.0	211.0	196.0	160.0	196.0
123	20150910 09:54:46.73	961.0	61.0	135.0	153.0	175.0	157.0	126.0	161.0	193.0	165.0	188.0	175.0	148.0	136.0	151.0	179.0	194.0	185.0	180.0	220.0	111.0	132.0	184.0	171.0	141.0	171.0	134.0	124.0	184.0	102.0	165.0	149.0	149.0	174.0	153.0	117.0	160.0	169.0	228.0	275.0	250.0	306.0	191.0	304.0	282.0	223.0	251.0	255.0	308.0	287.0	288.0	212.0	222.0	250.0	270.0	235.0	237.0	267.0	167.0	239.0	245.0	213.0	290.0	250.0	244.0	236.0	203.0	235.0	201.0	298.0	263.0	249.0	281.0	186.0
124	20150910 09:54:46.73	953.0	59.0	151.0	194.0	186.0	201.0	180.0	186.0	217.0	195.0	134.0	179.0	158.0	213.0	142.0	201.0	194.0	199.0	201.0	201.0	213.0	197.0	179.0	165.0	183.0	237.0	188.0	152.0	203.0	190.0	217.0	191.0	223.0	334.0	207.0	263.0	341.0	303.0	477.0	450.0	456.0	699.0	349.0	495.0	516.0	744.0	489.0	540.0	556.0	657.0	628.0	595.0	568.0	499.0	584.0	535.0	541.0	469.0	524.0	509.0	656.0	480.0	565.0	546.0	491.0	399.0	591.0	477.0	606.0	585.0	547.0	609.0	565.0	698.0
125	20150910 09:54:46.73	955.0	57.0	150.0	197.0	186.0	247.0	192.0	199.0	217.0	195.0	155.0	171.0	138.0	226.0	175.0	247.0	218.0	234.0	208.0	201.0	172.0	151.0	290.0	122.0	193.0	237.0	168.0	116.0	212.0	220.0	217.0	248.0	251.0	334.0	254.0	263.0	341.0	304.0	477.0	484.0	520.0	699.0	372.0	495.0	527.0	744.0	489.0	540.0	556.0	657.0	628.0	595.0	568.0	499.0	584.0	535.0	567.0	469.0	524.0	558.0	656.0	483.0	565.0	556.0	491.0	399.0	591.0	477.0	606.0	585.0	547.0	609.0	574.0	698.0
126	20150910 12:12:50.955	951.0	58.0	118.0	202.0	178.0	201.0	158.0	186.0	188.0	220.0	134.0	179.0	158.0	213.0	220.0	184.0	161.0	166.0	176.0	170.0	213.0	197.0	227.0	139.0	183.0	227.0	144.0	135.0	203.0	151.0	216.0	168.0	209.0	194.0	237.0	151.0	211.0	216.0	379.0	369.0	394.0	533.0	346.0	429.0	443.0	662.0	375.0	448.0	412.0	483.0	430.0	464.0	448.0	344.0	419.0	418.0	485.0	320.0	492.0	382.0	473.0	407.0	471.0	444.0	415.0	378.0	512.0	429.0	478.0	388.0	415.0	522.0	414.0	521.0
127	20150910 09:54:46.73	954.0	55.0	150.0	197.0	177.0	247.0	161.0	129.0	225.0	246.0	190.0	171.0	188.0	226.0	220.0	162.0	218.0	197.0	177.0	218.0	140.0	138.0	227.0	176.0	191.0	189.0	165.0	91.0	212.0	220.0	215.0	168.0	221.0	214.0	254.0	200.0	321.0	235.0	397.0	408.0	400.0	613.0	335.0	400.0	527.0	646.0	453.0	534.0	499.0	605.0	570.0	509.0	558.0	463.0	495.0	461.0	567.0	382.0	481.0	558.0	592.0	407.0	524.0	556.0	443.0	337.0	565.0	474.0	562.0	556.0	441.0	573.0	574.0	578.0
128	20150910 08:45:05.100	592.0	50.0	126.0	213.0	163.0	165.0	269.0	238.0	208.0	183.0	170.0	189.0	189.0	151.0	153.0	198.0	234.0	174.0	148.0	170.0	165.0	173.0	167.0	169.0	190.0	208.0	134.0	188.0	151.0	148.0	205.0	178.0	171.0	181.0	190.0	188.0	311.0	329.0	339.0	329.0	345.0	337.0	294.0	349.0	357.0	322.0	310.0	384.0	470.0	351.0	413.0	423.0	456.0	389.0	366.0	368.0	336.0	350.0	437.0	418.0	403.0	502.0	429.0	431.0	393.0	412.0	417.0	434.0	439.0	415.0	399.0	405.0	404.0	412.0
129	20150910 07:34:45.744	589.0	46.0	142.0	220.0	189.0	193.0	197.0	220.0	257.0	251.0	247.0	221.0	184.0	198.0	235.0	199.0	194.0	297.0	219.0	237.0	248.0	236.0	228.0	152.0	195.0	193.0	145.0	167.0	165.0	179.0	187.0	212.0	152.0	210.0	235.0	334.0	500.0	560.0	449.0	401.0	481.0	593.0	354.0	498.0	518.0	590.0	425.0	594.0	680.0	626.0	629.0	568.0	595.0	467.0	560.0	467.0	533.0	445.0	592.0	493.0	597.0	528.0	540.0	555.0	533.0	445.0	583.0	552.0	515.0	482.0	488.0	541.0	520.0	519.0
130	20150911 08:53:44.31	957.0	19.0	173.0	205.0	199.0	198.0	214.0	158.0	182.0	153.0	188.0	229.0	197.0	204.0	193.0	167.0	154.0	241.0	166.0	199.0	198.0	161.0	199.0	157.0	148.0	136.0	123.0	187.0	146.0	173.0	194.0	175.0	153.0	135.0	126.0	144.0	128.0	157.0	139.0	159.0	139.0	160.0	168.0	230.0	163.0	213.0	189.0	211.0	241.0	245.0	228.0	218.0	260.0	232.0	275.0	318.0	275.0	299.0	358.0	523.0	533.0	527.0	477.0	490.0	447.0	433.0	501.0	516.0	583.0	461.0	447.0	567.0	556.0	537.0
131	20150911 08:53:44.31	958.0	17.0	173.0	205.0	199.0	189.0	263.0	191.0	168.0	156.0	217.0	247.0	210.0	232.0	193.0	184.0	221.0	198.0	126.0	163.0	198.0	161.0	199.0	157.0	275.0	174.0	123.0	159.0	192.0	147.0	168.0	175.0	142.0	208.0	143.0	167.0	170.0	139.0	191.0	190.0	172.0	216.0	156.0	230.0	182.0	225.0	198.0	256.0	249.0	268.0	329.0	269.0	318.0	269.0	303.0	266.0	319.0	309.0	408.0	587.0	583.0	529.0	500.0	492.0	457.0	433.0	538.0	527.0	563.0	547.0	541.0	648.0	643.0	667.0
132	20150911 08:53:44.31	954.0	17.0	161.0	201.0	153.0	227.0	198.0	182.0	255.0	211.0	303.0	177.0	194.0	174.0	191.0	167.0	178.0	184.0	148.0	177.0	171.0	168.0	183.0	187.0	195.0	164.0	84.0	187.0	129.0	91.0	194.0	158.0	140.0	137.0	126.0	155.0	149.0	159.0	185.0	193.0	181.0	175.0	205.0	193.0	208.0	213.0	170.0	197.0	190.0	245.0	295.0	278.0	245.0	229.0	308.0	318.0	267.0	236.0	386.0	494.0	595.0	513.0	469.0	552.0	452.0	420.0	510.0	428.0	640.0	491.0	460.0	587.0	545.0	535.0
133	20150911 08:53:44.31	955.0	15.0	161.0	196.0	207.0	251.0	198.0	191.0	161.0	211.0	303.0	247.0	208.0	222.0	191.0	184.0	221.0	188.0	139.0	177.0	171.0	151.0	183.0	160.0	195.0	188.0	148.0	111.0	205.0	119.0	185.0	158.0	142.0	155.0	158.0	164.0	170.0	159.0	191.0	193.0	181.0	216.0	205.0	178.0	205.0	236.0	198.0	197.0	249.0	268.0	335.0	278.0	318.0	252.0	308.0	306.0	334.0	301.0	408.0	587.0	595.0	529.0	500.0	552.0	457.0	420.0	510.0	527.0	640.0	547.0	541.0	648.0	643.0	667.0
134	20150910 23:42:30.868	957.0	13.0	141.0	163.0	207.0	182.0	185.0	158.0	195.0	190.0	194.0	185.0	182.0	190.0	183.0	139.0	158.0	188.0	182.0	174.0	175.0	141.0	155.0	165.0	193.0	188.0	105.0	105.0	169.0	164.0	142.0	103.0	134.0	169.0	158.0	138.0	184.0	130.0	141.0	148.0	191.0	171.0	150.0	139.0	205.0	236.0	164.0	221.0	202.0	286.0	335.0	255.0	301.0	261.0	226.0	264.0	334.0	283.0	337.0	438.0	503.0	447.0	463.0	449.0	405.0	330.0	417.0	421.0	471.0	434.0	429.0	470.0	422.0	453.0
135	20150909 23:22:31.12	1327.0	1.0	0.0	0.0	0.0	0.0	0.0	0.0	0.0	0.0	0.0	0.0	0.0	0.0	0.0	0.0	0.0	0.0	0.0	0.0	0.0	0.0	0.0	0.0	0.0	0.0	0.0	0.0	0.0	150.0	179.0	226.0	172.0	193.0	185.0	171.0	154.0	184.0	0.0	0.0	0.0	0.0	0.0	0.0	0.0	0.0	0.0	0.0	0.0	126.0	187.0	176.0	178.0	126.0	195.0	181.0	250.0	123.0	0.0	0.0	0.0	0.0	0.0	0.0	0.0	0.0	0.0	0.0	0.0	0.0	0.0	0.0	0.0	0.0
