index	mortality	x	y	20181101 15:07:14.326	20181101 16:19:43.568	20181101 17:29:50.379	20181101 19:56:20.45	20181101 22:26:21.306	20181101 23:41:08.884	20181102 00:56:26.735	20181102 03:27:13.724	20181102 04:42:08.31	20181102 05:56:39.570	20181102 07:11:26.393	20181102 08:26:31.684	20181102 09:41:04.926	20181102 10:55:44.789	20181102 12:10:55.58	20181102 13:24:35.614	20181102 14:37:35.576	20181102 15:51:52.503	20181102 18:19:05.778	20181102 19:33:53.962	20181102 20:48:41.767	20181102 22:03:04.748	20181102 23:17:58.387	20181103 01:47:37.444	20181103 03:02:10.480	20181103 04:16:22.802	20181103 05:30:27.616	20181103 06:45:19.03	20181103 08:00:47.233	20181103 09:14:37.420	20181103 10:29:04.615	20181103 11:44:00.229	20181103 14:14:11.458	20181103 15:30:57.917	20181103 16:48:23.192	20181103 18:04:42.557	20181103 19:19:26.966	20181103 20:34:23.77	20181103 21:49:26.675	20181103 23:04:31.712	20181104 00:19:19.301	20181104 01:47:53.167	20181104 03:03:03.182	20181104 04:18:30.556	20181104 05:32:37.694	20181104 06:46:11.910	20181104 07:59:54.786	20181104 09:14:50.969	20181104 11:44:26.804	20181104 12:59:48.30	20181104 15:29:50.837	20181104 16:44:47.29	20181104 17:59:15.991	20181104 19:14:24.166	20181104 20:28:12.913	20181104 21:44:12.310	20181105 00:12:30.22	20181105 01:26:25.476	20181105 02:40:42.882	20181105 03:56:29.630	20181105 08:51:14.362	20181105 10:07:02.896	20181105 11:21:27.360	20181105 13:51:11.315	20181105 15:05:58.342	20181105 16:20:24.899	20181105 21:18:50.962	20181105 22:33:02.160	20181106 01:02:12.617	20181106 06:01:35.140	20181106 13:27:35.897	20181106 14:42:42.694	20181106 15:58:12.108	20181106 18:28:45.127	20181106 19:42:59.675	20181106 20:57:52.866	20181106 22:12:10.988	20181107 01:55:47.427	20181107 08:43:53.36	20181107 11:14:16.529	20181107 12:29:51.294
1	20181107 11:14:16.529	952.0	1032.0	0.0	0.0	0.0	0.0	0.0	0.0	0.0	0.0	0.0	0.0	0.0	0.0	0.0	0.0	0.0	0.0	0.0	0.0	0.0	0.0	0.0	0.0	0.0	0.0	0.0	0.0	0.0	0.0	0.0	0.0	0.0	0.0	0.0	0.0	0.0	0.0	0.0	0.0	0.0	0.0	0.0	0.0	0.0	0.0	0.0	0.0	0.0	0.0	0.0	0.0	0.0	0.0	0.0	0.0	0.0	0.0	0.0	0.0	0.0	0.0	0.0	0.0	0.0	0.0	0.0	0.0	0.0	0.0	0.0	0.0	0.0	0.0	0.0	0.0	0.0	0.0	0.0	0.0	180.0	423.0	361.0
2	20181107 08:43:53.36	1073.0	1027.0	0.0	0.0	0.0	0.0	0.0	0.0	0.0	0.0	0.0	0.0	0.0	0.0	0.0	0.0	0.0	0.0	0.0	0.0	0.0	0.0	0.0	0.0	0.0	0.0	0.0	0.0	0.0	0.0	0.0	0.0	0.0	0.0	0.0	0.0	0.0	0.0	0.0	0.0	0.0	0.0	0.0	0.0	0.0	0.0	0.0	0.0	0.0	0.0	0.0	0.0	0.0	0.0	0.0	0.0	0.0	0.0	0.0	0.0	0.0	0.0	0.0	0.0	0.0	0.0	0.0	0.0	0.0	0.0	0.0	0.0	0.0	0.0	0.0	0.0	0.0	0.0	0.0	0.0	679.0	204.0	133.0
3	20181106 20:57:52.866	870.0	997.0	127.0	135.0	137.0	0.0	0.0	0.0	0.0	0.0	0.0	0.0	0.0	0.0	0.0	0.0	0.0	0.0	0.0	0.0	0.0	0.0	0.0	0.0	0.0	0.0	0.0	0.0	0.0	0.0	0.0	0.0	0.0	0.0	0.0	0.0	0.0	0.0	0.0	0.0	0.0	0.0	0.0	0.0	0.0	0.0	0.0	0.0	0.0	0.0	0.0	0.0	0.0	0.0	0.0	0.0	0.0	0.0	0.0	0.0	0.0	0.0	0.0	0.0	0.0	0.0	0.0	1.0	8.0	21.0	59.0	3.0	191.0	194.0	122.0	278.0	313.0	339.0	422.0	447.0	148.0	656.0	492.0
4	20181104 06:46:11.910	1125.0	983.0	132.0	107.0	163.0	131.0	115.0	75.0	66.0	0.0	0.0	0.0	0.0	0.0	0.0	0.0	0.0	0.0	0.0	0.0	0.0	1.0	82.0	114.0	95.0	124.0	147.0	121.0	65.0	107.0	100.0	89.0	136.0	144.0	0.0	0.0	0.0	0.0	0.0	0.0	1.0	2.0	2.0	0.0	2.0	3.0	130.0	183.0	126.0	124.0	108.0	78.0	130.0	119.0	95.0	159.0	95.0	98.0	134.0	118.0	108.0	102.0	127.0	85.0	125.0	75.0	149.0	101.0	95.0	95.0	143.0	320.0	157.0	109.0	104.0	102.0	98.0	136.0	120.0	122.0	154.0	152.0	125.0
5	20181105 13:51:11.315	632.0	971.0	102.0	142.0	138.0	120.0	107.0	94.0	152.0	124.0	82.0	156.0	114.0	154.0	105.0	195.0	107.0	133.0	95.0	118.0	141.0	122.0	109.0	135.0	159.0	156.0	104.0	129.0	155.0	122.0	126.0	130.0	157.0	147.0	158.0	106.0	129.0	156.0	156.0	199.0	137.0	209.0	137.0	160.0	195.0	132.0	153.0	146.0	151.0	139.0	138.0	148.0	156.0	150.0	178.0	174.0	122.0	143.0	171.0	153.0	145.0	120.0	245.0	247.0	448.0	657.0	526.0	587.0	889.0	1058.0	1020.0	898.0	1124.0	813.0	633.0	991.0	773.0	1166.0	779.0	985.0	375.0	281.0	240.0
6	20181106 06:01:35.140	907.0	956.0	166.0	120.0	224.0	136.0	219.0	105.0	121.0	174.0	137.0	137.0	130.0	142.0	123.0	134.0	136.0	193.0	172.0	137.0	99.0	133.0	111.0	216.0	127.0	156.0	126.0	183.0	144.0	169.0	131.0	189.0	180.0	199.0	128.0	187.0	148.0	185.0	151.0	152.0	161.0	161.0	149.0	135.0	184.0	116.0	135.0	137.0	174.0	188.0	156.0	93.0	165.0	157.0	180.0	163.0	129.0	137.0	194.0	192.0	127.0	166.0	158.0	158.0	135.0	154.0	139.0	170.0	166.0	247.0	386.0	466.0	594.0	674.0	801.0	585.0	757.0	540.0	697.0	468.0	110.0	340.0	329.0
7	20181105 22:33:02.160	1023.0	948.0	148.0	145.0	142.0	140.0	130.0	117.0	139.0	87.0	152.0	110.0	103.0	167.0	135.0	106.0	107.0	137.0	123.0	138.0	204.0	152.0	150.0	175.0	132.0	150.0	112.0	175.0	153.0	154.0	114.0	159.0	130.0	148.0	152.0	135.0	135.0	150.0	169.0	154.0	125.0	127.0	120.0	134.0	185.0	222.0	202.0	167.0	133.0	161.0	122.0	181.0	224.0	178.0	132.0	192.0	135.0	198.0	174.0	202.0	241.0	193.0	210.0	166.0	197.0	153.0	253.0	209.0	188.0	1188.0	445.0	438.0	224.0	352.0	190.0	284.0	199.0	184.0	282.0	157.0	211.0	192.0	160.0
8	20181106 20:57:52.866	552.0	935.0	150.0	86.0	129.0	111.0	99.0	138.0	104.0	168.0	108.0	156.0	123.0	165.0	122.0	152.0	133.0	157.0	112.0	187.0	87.0	122.0	173.0	184.0	165.0	163.0	164.0	201.0	177.0	124.0	115.0	142.0	168.0	164.0	117.0	153.0	168.0	139.0	181.0	159.0	206.0	117.0	153.0	128.0	181.0	153.0	157.0	124.0	133.0	143.0	175.0	155.0	174.0	102.0	139.0	166.0	139.0	160.0	167.0	197.0	124.0	110.0	204.0	140.0	182.0	118.0	148.0	151.0	127.0	128.0	180.0	122.0	195.0	211.0	441.0	704.0	641.0	942.0	1002.0	1365.0	959.0	370.0	323.0
9	20181106 18:28:45.127	626.0	931.0	158.0	84.0	97.0	132.0	168.0	101.0	140.0	139.0	102.0	144.0	120.0	118.0	140.0	103.0	178.0	132.0	153.0	125.0	123.0	122.0	183.0	114.0	133.0	176.0	170.0	87.0	188.0	119.0	126.0	93.0	167.0	150.0	173.0	148.0	153.0	178.0	148.0	125.0	153.0	165.0	132.0	109.0	178.0	142.0	147.0	176.0	152.0	105.0	119.0	113.0	129.0	119.0	98.0	119.0	144.0	158.0	197.0	172.0	187.0	230.0	144.0	149.0	123.0	181.0	144.0	124.0	160.0	125.0	194.0	156.0	211.0	208.0	192.0	902.0	751.0	1056.0	1428.0	1284.0	119.0	164.0	195.0
10	20181107 08:43:53.36	668.0	929.0	148.0	139.0	119.0	133.0	129.0	192.0	156.0	112.0	158.0	120.0	125.0	130.0	131.0	106.0	84.0	122.0	148.0	135.0	156.0	92.0	106.0	152.0	155.0	155.0	218.0	213.0	207.0	76.0	116.0	160.0	160.0	144.0	139.0	209.0	188.0	220.0	147.0	136.0	146.0	172.0	115.0	168.0	121.0	146.0	165.0	153.0	115.0	155.0	219.0	141.0	143.0	225.0	185.0	186.0	130.0	205.0	162.0	189.0	166.0	189.0	186.0	193.0	175.0	159.0	182.0	236.0	208.0	163.0	143.0	165.0	176.0	226.0	162.0	227.0	174.0	149.0	222.0	162.0	242.0	345.0	399.0
11	20181103 05:30:27.616	903.0	913.0	116.0	142.0	120.0	155.0	152.0	130.0	159.0	146.0	129.0	118.0	158.0	140.0	162.0	115.0	135.0	126.0	120.0	173.0	158.0	151.0	187.0	187.0	201.0	315.0	295.0	301.0	981.0	414.0	364.0	403.0	712.0	822.0	506.0	747.0	462.0	507.0	514.0	464.0	369.0	755.0	592.0	473.0	698.0	873.0	920.0	527.0	740.0	1030.0	1041.0	438.0	880.0	403.0	434.0	462.0	312.0	432.0	342.0	315.0	354.0	598.0	682.0	320.0	289.0	362.0	698.0	601.0	349.0	345.0	326.0	311.0	269.0	584.0	226.0	517.0	225.0	202.0	517.0	264.0	179.0	156.0	172.0
12	20181105 11:21:27.360	1141.0	903.0	107.0	131.0	104.0	151.0	120.0	136.0	138.0	123.0	164.0	211.0	96.0	114.0	145.0	117.0	135.0	152.0	80.0	165.0	163.0	171.0	102.0	181.0	158.0	141.0	179.0	202.0	180.0	186.0	120.0	147.0	177.0	136.0	154.0	145.0	151.0	181.0	154.0	154.0	103.0	163.0	191.0	162.0	131.0	149.0	160.0	166.0	161.0	150.0	203.0	141.0	195.0	217.0	161.0	193.0	145.0	193.0	149.0	225.0	206.0	373.0	510.0	425.0	705.0	542.0	640.0	663.0	444.0	835.0	602.0	703.0	638.0	833.0	402.0	953.0	309.0	758.0	714.0	798.0	336.0	198.0	243.0
13	20181106 13:27:35.897	849.0	876.0	126.0	106.0	120.0	181.0	145.0	174.0	124.0	186.0	172.0	141.0	156.0	113.0	158.0	142.0	186.0	217.0	128.0	139.0	161.0	138.0	141.0	123.0	170.0	158.0	180.0	117.0	142.0	150.0	149.0	232.0	130.0	178.0	131.0	152.0	136.0	133.0	142.0	114.0	151.0	162.0	128.0	152.0	127.0	137.0	137.0	115.0	130.0	114.0	187.0	237.0	145.0	149.0	141.0	102.0	185.0	166.0	148.0	106.0	126.0	136.0	177.0	145.0	173.0	213.0	169.0	162.0	204.0	174.0	231.0	557.0	1514.0	942.0	1933.0	769.0	1667.0	1205.0	640.0	1474.0	975.0	217.0	217.0
14	20181106 06:01:35.140	979.0	870.0	137.0	96.0	142.0	175.0	117.0	152.0	97.0	116.0	189.0	135.0	114.0	214.0	114.0	155.0	124.0	133.0	82.0	116.0	119.0	124.0	148.0	185.0	105.0	115.0	155.0	193.0	124.0	152.0	168.0	129.0	181.0	176.0	135.0	170.0	184.0	204.0	139.0	154.0	156.0	109.0	136.0	149.0	191.0	149.0	122.0	111.0	129.0	145.0	190.0	158.0	209.0	133.0	124.0	216.0	188.0	180.0	133.0	191.0	142.0	182.0	198.0	134.0	208.0	233.0	194.0	186.0	203.0	256.0	278.0	1331.0	436.0	1062.0	337.0	647.0	289.0	506.0	565.0	606.0	240.0	138.0	157.0
15	20181106 13:27:35.897	880.0	865.0	121.0	137.0	136.0	185.0	112.0	139.0	171.0	173.0	134.0	150.0	137.0	134.0	179.0	127.0	133.0	121.0	143.0	155.0	150.0	134.0	115.0	107.0	138.0	180.0	174.0	101.0	172.0	123.0	109.0	123.0	146.0	146.0	128.0	101.0	140.0	123.0	148.0	138.0	93.0	117.0	131.0	119.0	98.0	102.0	139.0	175.0	96.0	197.0	98.0	124.0	157.0	117.0	177.0	115.0	112.0	100.0	153.0	157.0	161.0	119.0	156.0	142.0	127.0	193.0	133.0	134.0	144.0	128.0	148.0	264.0	425.0	213.0	504.0	259.0	531.0	359.0	231.0	237.0	156.0	174.0	157.0
16	20181107 11:14:16.529	546.0	854.0	168.0	172.0	107.0	120.0	101.0	147.0	192.0	112.0	183.0	82.0	170.0	119.0	94.0	139.0	170.0	129.0	121.0	161.0	114.0	147.0	173.0	214.0	192.0	134.0	159.0	163.0	146.0	133.0	136.0	157.0	173.0	157.0	161.0	211.0	131.0	107.0	206.0	169.0	149.0	200.0	175.0	142.0	152.0	145.0	130.0	228.0	134.0	129.0	163.0	209.0	215.0	174.0	192.0	186.0	134.0	216.0	235.0	204.0	163.0	170.0	203.0	137.0	174.0	171.0	167.0	204.0	220.0	183.0	167.0	185.0	229.0	166.0	164.0	207.0	157.0	179.0	201.0	179.0	160.0	503.0	506.0
17	20181107 08:43:53.36	820.0	844.0	126.0	178.0	145.0	111.0	158.0	133.0	148.0	143.0	128.0	141.0	126.0	116.0	135.0	119.0	135.0	129.0	128.0	124.0	177.0	147.0	137.0	147.0	133.0	146.0	183.0	129.0	187.0	172.0	166.0	158.0	147.0	161.0	175.0	113.0	119.0	159.0	162.0	95.0	189.0	147.0	144.0	157.0	171.0	201.0	175.0	124.0	173.0	164.0	145.0	142.0	175.0	164.0	169.0	226.0	179.0	226.0	266.0	220.0	184.0	240.0	148.0	132.0	131.0	141.0	187.0	164.0	154.0	163.0	180.0	332.0	253.0	262.0	217.0	249.0	192.0	198.0	270.0	304.0	382.0	627.0	524.0
18	20181107 11:14:16.529	741.0	845.0	137.0	199.0	214.0	112.0	113.0	183.0	107.0	196.0	143.0	118.0	126.0	214.0	172.0	104.0	154.0	185.0	132.0	113.0	133.0	148.0	167.0	126.0	154.0	121.0	141.0	149.0	169.0	152.0	146.0	137.0	117.0	139.0	166.0	170.0	172.0	163.0	113.0	131.0	181.0	168.0	163.0	120.0	142.0	193.0	155.0	146.0	135.0	170.0	191.0	116.0	199.0	181.0	111.0	183.0	153.0	202.0	243.0	154.0	187.0	192.0	190.0	186.0	173.0	159.0	170.0	165.0	170.0	202.0	163.0	173.0	201.0	238.0	183.0	247.0	240.0	261.0	208.0	193.0	193.0	425.0	341.0
19	20181106 18:28:45.127	982.0	822.0	149.0	124.0	122.0	114.0	155.0	213.0	150.0	126.0	210.0	160.0	145.0	181.0	112.0	121.0	190.0	126.0	133.0	155.0	164.0	113.0	137.0	139.0	149.0	90.0	193.0	124.0	164.0	117.0	86.0	139.0	104.0	125.0	128.0	114.0	130.0	123.0	128.0	128.0	192.0	126.0	155.0	146.0	120.0	152.0	219.0	174.0	158.0	146.0	137.0	151.0	149.0	131.0	111.0	128.0	99.0	178.0	161.0	125.0	117.0	149.0	122.0	164.0	107.0	110.0	138.0	113.0	91.0	114.0	132.0	84.0	100.0	189.0	161.0	514.0	394.0	411.0	474.0	148.0	108.0	118.0	177.0
20	20181107 11:14:16.529	937.0	797.0	116.0	225.0	133.0	159.0	109.0	129.0	100.0	128.0	87.0	163.0	171.0	134.0	151.0	173.0	143.0	131.0	118.0	134.0	149.0	105.0	140.0	137.0	124.0	145.0	103.0	166.0	126.0	107.0	165.0	138.0	158.0	203.0	150.0	158.0	159.0	144.0	133.0	165.0	151.0	155.0	123.0	107.0	169.0	157.0	211.0	153.0	108.0	128.0	156.0	111.0	121.0	139.0	127.0	167.0	108.0	181.0	157.0	98.0	162.0	144.0	152.0	102.0	129.0	164.0	145.0	140.0	154.0	131.0	77.0	212.0	156.0	135.0	128.0	183.0	184.0	117.0	149.0	162.0	164.0	367.0	311.0
21	20181105 00:12:30.22	581.0	780.0	96.0	113.0	127.0	174.0	127.0	129.0	159.0	131.0	149.0	97.0	139.0	118.0	103.0	161.0	147.0	142.0	163.0	93.0	169.0	132.0	153.0	143.0	190.0	131.0	188.0	143.0	107.0	95.0	158.0	122.0	138.0	156.0	147.0	135.0	195.0	117.0	137.0	145.0	127.0	171.0	131.0	140.0	146.0	138.0	151.0	113.0	150.0	189.0	127.0	162.0	172.0	124.0	105.0	180.0	140.0	143.0	689.0	542.0	771.0	873.0	956.0	657.0	739.0	614.0	727.0	675.0	517.0	585.0	517.0	368.0	567.0	530.0	489.0	803.0	488.0	521.0	645.0	525.0	450.0	185.0	173.0
22	20181104 15:29:50.837	617.0	773.0	97.0	84.0	128.0	115.0	144.0	175.0	104.0	119.0	142.0	136.0	132.0	121.0	187.0	141.0	131.0	162.0	127.0	175.0	113.0	120.0	137.0	186.0	165.0	142.0	118.0	120.0	159.0	136.0	195.0	145.0	206.0	222.0	179.0	214.0	223.0	172.0	202.0	217.0	175.0	201.0	178.0	238.0	175.0	195.0	204.0	222.0	240.0	191.0	572.0	896.0	1167.0	879.0	847.0	769.0	138.0	203.0	116.0	213.0	87.0	162.0	161.0	116.0	183.0	159.0	173.0	186.0	357.0	623.0	726.0	1357.0	1336.0	1243.0	809.0	1778.0	842.0	1543.0	1662.0	1671.0	406.0	220.0	277.0
23	20181106 06:01:35.140	970.0	753.0	109.0	167.0	136.0	128.0	112.0	115.0	133.0	113.0	154.0	129.0	105.0	162.0	178.0	205.0	147.0	142.0	125.0	109.0	161.0	183.0	173.0	181.0	144.0	152.0	136.0	179.0	144.0	126.0	205.0	150.0	152.0	133.0	157.0	188.0	171.0	83.0	153.0	139.0	126.0	145.0	139.0	162.0	133.0	123.0	147.0	125.0	155.0	175.0	144.0	195.0	191.0	201.0	241.0	258.0	178.0	227.0	139.0	181.0	179.0	231.0	210.0	141.0	181.0	153.0	230.0	192.0	207.0	241.0	277.0	950.0	279.0	712.0	235.0	340.0	292.0	347.0	415.0	495.0	249.0	263.0	284.0
24	20181104 15:29:50.837	575.0	735.0	130.0	134.0	124.0	110.0	139.0	139.0	147.0	143.0	133.0	78.0	135.0	130.0	136.0	222.0	133.0	176.0	105.0	165.0	142.0	115.0	113.0	223.0	160.0	142.0	168.0	123.0	133.0	115.0	124.0	177.0	152.0	167.0	112.0	179.0	173.0	166.0	152.0	178.0	166.0	173.0	128.0	95.0	155.0	111.0	154.0	175.0	139.0	117.0	552.0	618.0	780.0	1020.0	913.0	1127.0	603.0	1202.0	657.0	1268.0	753.0	1019.0	983.0	679.0	1349.0	1090.0	907.0	848.0	654.0	911.0	822.0	849.0	803.0	753.0	298.0	717.0	358.0	635.0	594.0	584.0	250.0	221.0	242.0
25	20181102 13:24:35.614	497.0	739.0	127.0	128.0	138.0	162.0	181.0	138.0	158.0	166.0	122.0	136.0	135.0	101.0	141.0	169.0	102.0	194.0	103.0	178.0	163.0	113.0	197.0	206.0	194.0	188.0	209.0	267.0	275.0	198.0	173.0	206.0	182.0	190.0	205.0	251.0	184.0	168.0	205.0	152.0	226.0	245.0	261.0	220.0	244.0	212.0	198.0	178.0	252.0	159.0	187.0	170.0	181.0	197.0	175.0	192.0	147.0	206.0	156.0	221.0	162.0	253.0	209.0	179.0	196.0	226.0	213.0	189.0	147.0	170.0	191.0	189.0	205.0	260.0	164.0	252.0	195.0	237.0	271.0	230.0	128.0	221.0	260.0
26	20181107 01:55:47.427	729.0	732.0	150.0	139.0	147.0	147.0	149.0	155.0	111.0	143.0	192.0	181.0	137.0	145.0	129.0	186.0	164.0	175.0	208.0	146.0	146.0	192.0	128.0	179.0	179.0	143.0	146.0	141.0	176.0	141.0	178.0	169.0	116.0	201.0	134.0	171.0	170.0	201.0	157.0	140.0	200.0	187.0	165.0	202.0	160.0	165.0	150.0	151.0	176.0	169.0	202.0	163.0	181.0	129.0	203.0	183.0	150.0	212.0	173.0	178.0	201.0	208.0	258.0	225.0	264.0	186.0	255.0	268.0	219.0	255.0	206.0	305.0	302.0	363.0	295.0	510.0	339.0	415.0	575.0	952.0	1614.0	270.0	283.0
27	20181107 11:14:16.529	22.0	725.0	116.0	171.0	163.0	134.0	183.0	101.0	137.0	124.0	120.0	138.0	92.0	86.0	122.0	131.0	141.0	148.0	125.0	146.0	163.0	148.0	124.0	140.0	155.0	142.0	144.0	105.0	168.0	110.0	125.0	157.0	194.0	155.0	110.0	178.0	144.0	165.0	142.0	155.0	100.0	124.0	182.0	98.0	146.0	177.0	188.0	174.0	117.0	233.0	134.0	166.0	140.0	141.0	134.0	120.0	110.0	125.0	109.0	170.0	126.0	117.0	154.0	86.0	174.0	127.0	133.0	180.0	158.0	99.0	186.0	176.0	193.0	182.0	154.0	167.0	127.0	204.0	156.0	121.0	147.0	439.0	382.0
28	20181106 14:42:42.694	851.0	721.0	124.0	91.0	108.0	93.0	144.0	152.0	149.0	136.0	172.0	114.0	91.0	137.0	110.0	105.0	153.0	170.0	132.0	131.0	159.0	159.0	166.0	167.0	172.0	181.0	122.0	166.0	135.0	124.0	154.0	122.0	193.0	156.0	121.0	171.0	141.0	209.0	119.0	107.0	133.0	145.0	141.0	117.0	146.0	115.0	181.0	119.0	132.0	128.0	263.0	201.0	184.0	159.0	205.0	210.0	156.0	218.0	131.0	227.0	170.0	210.0	295.0	153.0	233.0	224.0	242.0	186.0	212.0	183.0	186.0	249.0	176.0	323.0	204.0	273.0	197.0	198.0	265.0	205.0	154.0	510.0	330.0
29	20181107 11:14:16.529	218.0	674.0	85.0	127.0	122.0	141.0	106.0	126.0	168.0	106.0	198.0	99.0	159.0	105.0	150.0	185.0	125.0	137.0	139.0	147.0	128.0	102.0	124.0	144.0	174.0	111.0	143.0	141.0	127.0	120.0	118.0	145.0	136.0	153.0	234.0	208.0	180.0	113.0	157.0	122.0	120.0	159.0	193.0	147.0	147.0	115.0	168.0	164.0	192.0	216.0	158.0	131.0	164.0	124.0	113.0	132.0	127.0	177.0	100.0	137.0	130.0	154.0	157.0	138.0	138.0	146.0	134.0	111.0	136.0	193.0	98.0	101.0	146.0	237.0	182.0	135.0	166.0	165.0	166.0	218.0	152.0	646.0	441.0
30	20181104 09:14:50.969	1245.0	664.0	134.0	111.0	143.0	120.0	102.0	120.0	115.0	142.0	130.0	131.0	162.0	180.0	140.0	135.0	99.0	104.0	135.0	103.0	173.0	110.0	154.0	139.0	102.0	113.0	159.0	151.0	116.0	148.0	116.0	114.0	152.0	112.0	210.0	143.0	123.0	190.0	195.0	87.0	140.0	160.0	153.0	176.0	140.0	158.0	137.0	115.0	110.0	225.0	212.0	103.0	183.0	175.0	105.0	183.0	165.0	168.0	178.0	111.0	130.0	146.0	117.0	170.0	137.0	148.0	149.0	150.0	156.0	164.0	142.0	160.0	114.0	148.0	100.0	182.0	173.0	111.0	147.0	151.0	173.0	333.0	324.0
31	20181102 13:24:35.614	451.0	624.0	102.0	112.0	157.0	150.0	169.0	157.0	97.0	133.0	94.0	98.0	133.0	181.0	110.0	120.0	120.0	264.0	170.0	137.0	125.0	96.0	124.0	149.0	132.0	143.0	197.0	132.0	179.0	133.0	188.0	123.0	187.0	183.0	187.0	139.0	153.0	122.0	130.0	135.0	128.0	147.0	203.0	192.0	169.0	157.0	174.0	138.0	177.0	146.0	156.0	105.0	154.0	144.0	177.0	202.0	138.0	155.0	131.0	197.0	145.0	177.0	163.0	104.0	147.0	129.0	156.0	168.0	129.0	150.0	174.0	123.0	167.0	198.0	140.0	172.0	189.0	148.0	173.0	154.0	167.0	269.0	305.0
32	20181107 11:14:16.529	569.0	619.0	100.0	120.0	139.0	133.0	185.0	132.0	93.0	103.0	120.0	161.0	118.0	124.0	73.0	163.0	135.0	159.0	131.0	187.0	140.0	170.0	151.0	132.0	157.0	134.0	121.0	121.0	153.0	174.0	77.0	145.0	235.0	169.0	182.0	152.0	173.0	156.0	174.0	168.0	171.0	167.0	228.0	202.0	148.0	224.0	159.0	200.0	149.0	141.0	144.0	167.0	179.0	174.0	250.0	166.0	127.0	185.0	195.0	176.0	190.0	188.0	234.0	225.0	233.0	150.0	196.0	156.0	195.0	171.0	200.0	195.0	141.0	160.0	128.0	179.0	187.0	227.0	190.0	170.0	231.0	644.0	502.0
33	20181107 11:14:16.529	845.0	603.0	118.0	140.0	193.0	189.0	131.0	113.0	98.0	153.0	153.0	124.0	177.0	173.0	136.0	137.0	107.0	126.0	154.0	140.0	216.0	118.0	160.0	184.0	136.0	142.0	161.0	133.0	150.0	218.0	166.0	156.0	170.0	126.0	164.0	165.0	142.0	184.0	136.0	178.0	137.0	153.0	152.0	138.0	176.0	175.0	196.0	139.0	153.0	126.0	192.0	154.0	216.0	205.0	189.0	171.0	150.0	150.0	240.0	209.0	159.0	168.0	253.0	164.0	222.0	183.0	226.0	227.0	199.0	207.0	173.0	218.0	211.0	212.0	201.0	179.0	202.0	190.0	280.0	194.0	170.0	587.0	435.0
34	20181107 11:14:16.529	327.0	550.0	102.0	119.0	142.0	164.0	135.0	176.0	136.0	136.0	153.0	141.0	118.0	196.0	191.0	162.0	137.0	108.0	147.0	112.0	158.0	112.0	159.0	147.0	184.0	228.0	140.0	115.0	187.0	147.0	160.0	113.0	184.0	166.0	134.0	146.0	167.0	149.0	167.0	154.0	114.0	140.0	147.0	158.0	219.0	159.0	156.0	109.0	173.0	141.0	141.0	123.0	169.0	128.0	136.0	136.0	95.0	176.0	139.0	162.0	115.0	197.0	147.0	185.0	108.0	182.0	154.0	175.0	154.0	212.0	143.0	151.0	144.0	156.0	155.0	157.0	128.0	195.0	147.0	159.0	186.0	601.0	444.0
35	20181107 11:14:16.529	561.0	500.0	139.0	184.0	150.0	103.0	152.0	182.0	88.0	107.0	105.0	137.0	97.0	90.0	131.0	148.0	123.0	123.0	98.0	153.0	149.0	170.0	137.0	138.0	221.0	114.0	152.0	91.0	154.0	194.0	127.0	161.0	131.0	151.0	145.0	149.0	148.0	132.0	192.0	137.0	158.0	199.0	130.0	142.0	156.0	182.0	127.0	125.0	170.0	146.0	186.0	150.0	208.0	149.0	173.0	188.0	147.0	192.0	238.0	260.0	192.0	188.0	209.0	247.0	190.0	222.0	158.0	254.0	202.0	184.0	204.0	200.0	165.0	200.0	223.0	235.0	190.0	213.0	210.0	194.0	202.0	604.0	470.0
36	20181105 08:51:14.362	1351.0	498.0	130.0	135.0	181.0	118.0	122.0	171.0	171.0	0.0	0.0	0.0	0.0	0.0	0.0	0.0	0.0	153.0	184.0	171.0	104.0	143.0	155.0	152.0	165.0	135.0	142.0	144.0	191.0	130.0	3.0	0.0	82.0	174.0	153.0	159.0	156.0	94.0	123.0	149.0	157.0	193.0	102.0	172.0	149.0	209.0	172.0	140.0	149.0	162.0	227.0	155.0	198.0	161.0	175.0	205.0	137.0	230.0	191.0	215.0	143.0	210.0	821.0	413.0	613.0	421.0	900.0	1033.0	378.0	449.0	417.0	1091.0	318.0	818.0	305.0	538.0	220.0	446.0	582.0	379.0	260.0	154.0	187.0
37	20181107 11:14:16.529	204.0	476.0	118.0	138.0	129.0	108.0	164.0	185.0	135.0	142.0	157.0	138.0	135.0	140.0	163.0	114.0	161.0	171.0	172.0	104.0	138.0	131.0	151.0	215.0	152.0	120.0	146.0	132.0	109.0	138.0	164.0	118.0	228.0	160.0	201.0	127.0	174.0	129.0	145.0	128.0	153.0	135.0	180.0	137.0	125.0	162.0	160.0	183.0	124.0	188.0	139.0	157.0	144.0	142.0	206.0	131.0	119.0	153.0	127.0	148.0	93.0	156.0	130.0	178.0	181.0	171.0	165.0	136.0	109.0	136.0	175.0	157.0	230.0	190.0	173.0	199.0	204.0	171.0	186.0	185.0	159.0	446.0	362.0
38	20181106 14:42:42.694	716.0	451.0	141.0	88.0	157.0	183.0	143.0	139.0	154.0	172.0	122.0	121.0	148.0	141.0	144.0	117.0	121.0	146.0	123.0	149.0	137.0	123.0	167.0	129.0	157.0	164.0	112.0	124.0	167.0	167.0	134.0	168.0	178.0	187.0	141.0	156.0	183.0	111.0	122.0	128.0	195.0	161.0	121.0	120.0	150.0	157.0	153.0	180.0	132.0	169.0	274.0	174.0	261.0	181.0	213.0	221.0	185.0	209.0	248.0	214.0	176.0	259.0	218.0	174.0	221.0	200.0	304.0	223.0	162.0	181.0	175.0	238.0	559.0	1261.0	532.0	1009.0	515.0	737.0	1221.0	789.0	468.0	368.0	275.0
39	20181105 21:18:50.962	40.0	447.0	109.0	149.0	113.0	155.0	122.0	98.0	93.0	185.0	132.0	169.0	172.0	121.0	140.0	118.0	121.0	150.0	154.0	158.0	160.0	146.0	191.0	149.0	154.0	108.0	171.0	191.0	144.0	169.0	109.0	140.0	194.0	173.0	125.0	151.0	143.0	171.0	139.0	131.0	128.0	154.0	138.0	153.0	139.0	137.0	155.0	120.0	213.0	196.0	160.0	126.0	160.0	135.0	185.0	112.0	144.0	131.0	132.0	129.0	118.0	164.0	138.0	90.0	117.0	125.0	270.0	156.0	1115.0	1151.0	1080.0	1108.0	921.0	956.0	427.0	809.0	443.0	521.0	401.0	496.0	410.0	146.0	194.0
40	20181106 06:01:35.140	753.0	450.0	141.0	137.0	144.0	171.0	131.0	167.0	167.0	112.0	166.0	156.0	122.0	150.0	129.0	145.0	169.0	129.0	149.0	175.0	177.0	133.0	155.0	203.0	155.0	141.0	134.0	162.0	182.0	127.0	181.0	145.0	169.0	151.0	116.0	148.0	125.0	89.0	152.0	144.0	142.0	191.0	158.0	137.0	119.0	177.0	171.0	130.0	140.0	204.0	201.0	109.0	178.0	149.0	197.0	162.0	121.0	223.0	165.0	183.0	189.0	198.0	196.0	174.0	186.0	205.0	230.0	225.0	217.0	381.0	376.0	1177.0	521.0	1094.0	375.0	683.0	417.0	552.0	734.0	610.0	369.0	401.0	393.0
41	20181107 11:14:16.529	161.0	442.0	129.0	118.0	123.0	157.0	116.0	120.0	125.0	129.0	139.0	115.0	137.0	158.0	134.0	114.0	151.0	166.0	148.0	122.0	146.0	177.0	186.0	145.0	210.0	145.0	180.0	153.0	205.0	133.0	141.0	136.0	133.0	109.0	149.0	179.0	157.0	139.0	133.0	135.0	222.0	126.0	127.0	133.0	142.0	210.0	110.0	150.0	118.0	162.0	167.0	179.0	121.0	148.0	148.0	146.0	121.0	126.0	123.0	156.0	119.0	133.0	159.0	122.0	110.0	151.0	106.0	176.0	207.0	158.0	199.0	155.0	214.0	193.0	212.0	227.0	167.0	225.0	191.0	236.0	157.0	488.0	365.0
42	20181105 22:33:02.160	123.0	444.0	121.0	137.0	118.0	104.0	162.0	167.0	136.0	135.0	192.0	140.0	116.0	88.0	137.0	169.0	123.0	138.0	128.0	175.0	168.0	113.0	145.0	147.0	162.0	137.0	130.0	181.0	121.0	164.0	178.0	160.0	115.0	146.0	202.0	175.0	164.0	162.0	154.0	166.0	151.0	132.0	153.0	151.0	153.0	164.0	174.0	178.0	141.0	186.0	160.0	151.0	115.0	111.0	142.0	127.0	146.0	170.0	163.0	115.0	157.0	184.0	158.0	134.0	174.0	167.0	98.0	141.0	103.0	256.0	147.0	142.0	154.0	115.0	132.0	138.0	141.0	141.0	178.0	108.0	206.0	328.0	258.0
43	20181107 11:14:16.529	202.0	440.0	137.0	132.0	147.0	102.0	127.0	145.0	128.0	123.0	124.0	91.0	85.0	129.0	160.0	108.0	134.0	142.0	140.0	187.0	189.0	178.0	150.0	166.0	156.0	116.0	224.0	164.0	176.0	121.0	164.0	149.0	131.0	146.0	207.0	170.0	161.0	123.0	217.0	182.0	186.0	173.0	171.0	164.0	163.0	188.0	176.0	121.0	134.0	152.0	179.0	124.0	182.0	161.0	173.0	115.0	136.0	167.0	117.0	168.0	127.0	134.0	123.0	174.0	165.0	132.0	142.0	128.0	120.0	128.0	132.0	195.0	132.0	127.0	110.0	153.0	231.0	178.0	159.0	145.0	173.0	434.0	394.0
44	20181107 11:14:16.529	278.0	431.0	160.0	117.0	103.0	125.0	136.0	142.0	170.0	119.0	152.0	128.0	129.0	113.0	158.0	118.0	131.0	192.0	149.0	225.0	135.0	153.0	151.0	160.0	134.0	113.0	136.0	155.0	163.0	176.0	165.0	144.0	162.0	171.0	146.0	172.0	138.0	138.0	134.0	136.0	118.0	147.0	127.0	156.0	162.0	148.0	119.0	122.0	165.0	168.0	124.0	116.0	172.0	166.0	160.0	148.0	101.0	201.0	119.0	185.0	145.0	96.0	138.0	119.0	130.0	184.0	164.0	120.0	155.0	163.0	173.0	178.0	162.0	151.0	192.0	178.0	168.0	147.0	197.0	175.0	202.0	526.0	396.0
45	20181106 06:01:35.140	435.0	424.0	142.0	111.0	97.0	99.0	165.0	120.0	130.0	107.0	87.0	160.0	133.0	166.0	107.0	106.0	104.0	163.0	165.0	155.0	171.0	160.0	151.0	212.0	163.0	180.0	188.0	149.0	162.0	127.0	190.0	120.0	173.0	175.0	183.0	194.0	136.0	168.0	132.0	150.0	173.0	145.0	157.0	141.0	132.0	189.0	195.0	111.0	180.0	112.0	143.0	146.0	126.0	80.0	153.0	187.0	193.0	145.0	124.0	111.0	166.0	158.0	131.0	126.0	121.0	180.0	154.0	183.0	231.0	369.0	384.0	554.0	653.0	555.0	733.0	173.0	112.0	163.0	174.0	142.0	222.0	313.0	285.0
46	20181103 10:29:04.615	1264.0	423.0	173.0	124.0	148.0	110.0	134.0	98.0	169.0	162.0	137.0	123.0	167.0	184.0	127.0	131.0	138.0	130.0	100.0	153.0	151.0	135.0	167.0	145.0	168.0	148.0	149.0	124.0	137.0	124.0	185.0	202.0	243.0	189.0	173.0	168.0	161.0	155.0	207.0	154.0	157.0	204.0	156.0	191.0	187.0	213.0	182.0	154.0	193.0	212.0	231.0	187.0	259.0	205.0	159.0	316.0	156.0	300.0	173.0	249.0	205.0	273.0	361.0	320.0	365.0	293.0	365.0	387.0	374.0	367.0	323.0	123.0	132.0	154.0	133.0	157.0	129.0	124.0	149.0	147.0	127.0	186.0	134.0
47	20181107 11:14:16.529	199.0	400.0	90.0	150.0	210.0	112.0	164.0	100.0	146.0	132.0	203.0	132.0	200.0	148.0	155.0	159.0	157.0	136.0	131.0	171.0	154.0	131.0	146.0	159.0	144.0	125.0	132.0	178.0	146.0	150.0	176.0	112.0	151.0	136.0	175.0	174.0	183.0	149.0	156.0	116.0	139.0	111.0	139.0	180.0	192.0	176.0	193.0	117.0	159.0	174.0	134.0	100.0	143.0	227.0	150.0	139.0	133.0	192.0	117.0	170.0	204.0	166.0	146.0	155.0	198.0	133.0	118.0	153.0	119.0	161.0	153.0	117.0	156.0	245.0	178.0	210.0	162.0	184.0	150.0	172.0	220.0	522.0	466.0
48	20181103 14:14:11.458	158.0	403.0	151.0	77.0	149.0	71.0	100.0	141.0	136.0	110.0	133.0	124.0	148.0	146.0	135.0	164.0	96.0	190.0	132.0	161.0	113.0	184.0	195.0	124.0	141.0	180.0	193.0	158.0	145.0	119.0	169.0	187.0	140.0	137.0	222.0	193.0	195.0	126.0	106.0	118.0	155.0	193.0	109.0	137.0	177.0	195.0	129.0	200.0	164.0	163.0	177.0	143.0	191.0	180.0	209.0	109.0	108.0	117.0	144.0	148.0	165.0	210.0	135.0	126.0	124.0	120.0	137.0	123.0	178.0	142.0	174.0	161.0	104.0	149.0	110.0	138.0	115.0	135.0	205.0	128.0	152.0	335.0	328.0
49	20181106 22:12:10.988	474.0	387.0	115.0	127.0	145.0	109.0	127.0	226.0	149.0	124.0	163.0	151.0	180.0	133.0	141.0	155.0	181.0	138.0	140.0	135.0	144.0	107.0	137.0	161.0	175.0	140.0	179.0	166.0	169.0	151.0	153.0	140.0	128.0	138.0	187.0	141.0	184.0	135.0	158.0	130.0	199.0	177.0	203.0	113.0	182.0	201.0	183.0	178.0	181.0	183.0	159.0	196.0	252.0	219.0	169.0	226.0	155.0	237.0	187.0	245.0	257.0	248.0	262.0	238.0	247.0	249.0	262.0	257.0	229.0	225.0	210.0	277.0	332.0	322.0	338.0	411.0	314.0	352.0	489.0	351.0	289.0	804.0	528.0
50	20181107 11:14:16.529	593.0	380.0	130.0	182.0	170.0	167.0	133.0	150.0	121.0	95.0	166.0	122.0	112.0	134.0	130.0	178.0	184.0	172.0	135.0	138.0	228.0	154.0	118.0	183.0	147.0	203.0	96.0	158.0	165.0	127.0	210.0	148.0	173.0	121.0	186.0	181.0	177.0	200.0	150.0	177.0	182.0	182.0	188.0	125.0	127.0	178.0	157.0	186.0	198.0	196.0	199.0	152.0	196.0	237.0	200.0	161.0	177.0	182.0	153.0	201.0	183.0	228.0	201.0	193.0	187.0	193.0	237.0	176.0	171.0	196.0	230.0	161.0	192.0	243.0	209.0	231.0	222.0	215.0	209.0	224.0	204.0	609.0	555.0
51	20181105 08:51:14.362	1223.0	379.0	157.0	162.0	165.0	144.0	186.0	169.0	131.0	142.0	87.0	145.0	128.0	164.0	114.0	102.0	134.0	270.0	136.0	165.0	121.0	164.0	113.0	155.0	143.0	103.0	152.0	179.0	159.0	103.0	161.0	140.0	139.0	190.0	179.0	129.0	174.0	106.0	140.0	125.0	170.0	173.0	162.0	161.0	167.0	95.0	144.0	82.0	162.0	151.0	122.0	112.0	123.0	152.0	114.0	136.0	143.0	166.0	109.0	107.0	117.0	149.0	516.0	101.0	132.0	79.0	113.0	137.0	115.0	103.0	187.0	144.0	143.0	143.0	147.0	160.0	170.0	105.0	102.0	133.0	82.0	187.0	166.0
52	20181105 08:51:14.362	1199.0	366.0	173.0	124.0	128.0	140.0	142.0	114.0	163.0	102.0	120.0	102.0	180.0	184.0	128.0	164.0	133.0	126.0	148.0	94.0	123.0	102.0	92.0	110.0	128.0	108.0	128.0	110.0	113.0	132.0	115.0	111.0	170.0	134.0	121.0	103.0	86.0	155.0	123.0	111.0	157.0	109.0	170.0	131.0	114.0	117.0	161.0	153.0	135.0	136.0	127.0	141.0	137.0	121.0	111.0	152.0	127.0	138.0	150.0	129.0	144.0	156.0	519.0	113.0	158.0	126.0	149.0	165.0	104.0	147.0	115.0	102.0	98.0	143.0	132.0	133.0	132.0	125.0	171.0	193.0	115.0	164.0	186.0
53	20181105 08:51:14.362	1220.0	350.0	125.0	134.0	142.0	135.0	117.0	157.0	131.0	132.0	129.0	136.0	143.0	128.0	118.0	179.0	139.0	143.0	167.0	154.0	147.0	153.0	121.0	175.0	157.0	152.0	134.0	160.0	236.0	159.0	201.0	156.0	187.0	168.0	202.0	265.0	198.0	190.0	161.0	244.0	179.0	241.0	178.0	247.0	237.0	187.0	255.0	219.0	289.0	271.0	331.0	262.0	392.0	335.0	326.0	358.0	328.0	398.0	405.0	419.0	416.0	441.0	9806.0	121.0	165.0	104.0	109.0	125.0	155.0	179.0	117.0	145.0	166.0	123.0	149.0	198.0	153.0	176.0	136.0	129.0	139.0	132.0	145.0
54	20181104 21:44:12.310	548.0	341.0	106.0	109.0	213.0	166.0	143.0	121.0	128.0	78.0	161.0	136.0	156.0	136.0	221.0	103.0	155.0	125.0	110.0	167.0	152.0	149.0	131.0	163.0	180.0	148.0	139.0	138.0	166.0	119.0	152.0	150.0	176.0	159.0	135.0	127.0	148.0	147.0	121.0	161.0	182.0	127.0	133.0	155.0	136.0	154.0	154.0	177.0	193.0	184.0	203.0	141.0	308.0	389.0	416.0	447.0	314.0	554.0	397.0	746.0	436.0	583.0	721.0	434.0	874.0	851.0	626.0	590.0	661.0	648.0	648.0	539.0	493.0	406.0	328.0	426.0	359.0	478.0	392.0	408.0	251.0	188.0	189.0
55	20181107 11:14:16.529	76.0	328.0	161.0	156.0	133.0	120.0	135.0	153.0	162.0	135.0	122.0	149.0	165.0	151.0	108.0	133.0	195.0	138.0	188.0	159.0	111.0	172.0	131.0	143.0	182.0	191.0	147.0	126.0	132.0	144.0	130.0	188.0	193.0	135.0	88.0	144.0	157.0	163.0	140.0	136.0	144.0	151.0	172.0	157.0	187.0	146.0	196.0	117.0	148.0	173.0	163.0	169.0	126.0	145.0	133.0	167.0	147.0	123.0	98.0	131.0	123.0	189.0	139.0	153.0	120.0	168.0	130.0	130.0	123.0	117.0	153.0	125.0	118.0	167.0	130.0	198.0	152.0	112.0	137.0	133.0	163.0	445.0	281.0
56	20181106 01:02:12.617	270.0	317.0	127.0	140.0	198.0	116.0	185.0	128.0	165.0	138.0	167.0	115.0	161.0	130.0	90.0	148.0	103.0	118.0	173.0	174.0	159.0	112.0	188.0	177.0	145.0	224.0	174.0	194.0	248.0	170.0	203.0	203.0	241.0	229.0	242.0	237.0	191.0	239.0	237.0	205.0	238.0	250.0	183.0	238.0	226.0	215.0	201.0	163.0	194.0	218.0	188.0	143.0	269.0	252.0	222.0	240.0	180.0	253.0	286.0	232.0	225.0	270.0	245.0	241.0	200.0	270.0	271.0	236.0	507.0	1130.0	1693.0	2186.0	1204.0	1610.0	835.0	1803.0	244.0	387.0	560.0	453.0	245.0	236.0	217.0
57	20181105 02:40:42.882	230.0	318.0	150.0	104.0	160.0	115.0	166.0	148.0	139.0	117.0	108.0	134.0	158.0	174.0	137.0	175.0	171.0	171.0	106.0	156.0	127.0	118.0	156.0	116.0	148.0	162.0	144.0	111.0	186.0	164.0	148.0	124.0	219.0	238.0	189.0	233.0	219.0	215.0	174.0	221.0	254.0	207.0	240.0	201.0	179.0	140.0	203.0	159.0	150.0	188.0	178.0	164.0	248.0	215.0	296.0	469.0	411.0	632.0	713.0	546.0	934.0	654.0	1243.0	1272.0	1138.0	1337.0	1653.0	1549.0	1305.0	1135.0	1255.0	1324.0	726.0	1298.0	775.0	1178.0	642.0	595.0	953.0	519.0	395.0	212.0	233.0
58	20181107 11:14:16.529	307.0	318.0	178.0	133.0	142.0	133.0	144.0	127.0	134.0	156.0	113.0	120.0	101.0	134.0	129.0	147.0	163.0	127.0	131.0	151.0	145.0	102.0	129.0	154.0	148.0	142.0	104.0	160.0	209.0	113.0	115.0	120.0	185.0	163.0	145.0	161.0	167.0	118.0	128.0	102.0	167.0	218.0	149.0	152.0	102.0	104.0	193.0	121.0	171.0	127.0	172.0	114.0	190.0	148.0	101.0	182.0	160.0	148.0	158.0	147.0	128.0	133.0	126.0	160.0	149.0	158.0	127.0	173.0	96.0	149.0	173.0	144.0	182.0	177.0	140.0	174.0	81.0	137.0	90.0	116.0	125.0	290.0	243.0
59	20181107 11:14:16.529	627.0	300.0	169.0	159.0	132.0	132.0	152.0	115.0	138.0	122.0	152.0	70.0	167.0	139.0	86.0	112.0	122.0	122.0	116.0	186.0	170.0	123.0	147.0	171.0	139.0	98.0	110.0	148.0	192.0	108.0	163.0	162.0	187.0	160.0	113.0	154.0	166.0	214.0	197.0	113.0	146.0	144.0	142.0	146.0	193.0	160.0	147.0	184.0	92.0	113.0	130.0	127.0	220.0	142.0	167.0	136.0	145.0	228.0	128.0	172.0	200.0	202.0	178.0	114.0	187.0	185.0	159.0	210.0	124.0	175.0	174.0	142.0	188.0	215.0	223.0	222.0	197.0	201.0	239.0	258.0	134.0	523.0	405.0
60	20181107 11:14:16.529	824.0	289.0	116.0	158.0	80.0	202.0	149.0	95.0	153.0	111.0	114.0	116.0	88.0	166.0	151.0	103.0	121.0	113.0	142.0	147.0	192.0	102.0	144.0	192.0	242.0	144.0	170.0	129.0	169.0	173.0	183.0	171.0	175.0	215.0	178.0	172.0	189.0	172.0	231.0	221.0	251.0	249.0	198.0	227.0	299.0	246.0	211.0	256.0	250.0	263.0	269.0	225.0	245.0	191.0	202.0	247.0	186.0	241.0	189.0	232.0	270.0	244.0	240.0	159.0	191.0	207.0	189.0	250.0	231.0	182.0	172.0	213.0	222.0	172.0	161.0	223.0	129.0	176.0	227.0	142.0	239.0	711.0	545.0
61	20181106 14:42:42.694	306.0	275.0	167.0	188.0	113.0	81.0	138.0	180.0	125.0	107.0	141.0	125.0	98.0	95.0	123.0	136.0	134.0	172.0	110.0	193.0	161.0	154.0	273.0	305.0	301.0	368.0	324.0	259.0	376.0	253.0	256.0	222.0	280.0	296.0	283.0	366.0	258.0	307.0	275.0	307.0	295.0	323.0	358.0	286.0	348.0	297.0	350.0	254.0	294.0	272.0	300.0	223.0	305.0	229.0	269.0	395.0	304.0	357.0	278.0	390.0	324.0	497.0	682.0	479.0	529.0	528.0	920.0	924.0	441.0	542.0	546.0	959.0	860.0	2093.0	633.0	1467.0	781.0	932.0	1263.0	799.0	416.0	362.0	281.0
62	20181106 14:42:42.694	662.0	257.0	138.0	129.0	114.0	128.0	150.0	150.0	118.0	138.0	108.0	137.0	123.0	151.0	114.0	162.0	144.0	156.0	135.0	143.0	123.0	159.0	176.0	156.0	161.0	103.0	128.0	140.0	171.0	141.0	146.0	183.0	185.0	159.0	115.0	133.0	126.0	174.0	119.0	136.0	163.0	158.0	120.0	137.0	200.0	174.0	172.0	160.0	181.0	176.0	188.0	165.0	168.0	199.0	146.0	192.0	159.0	175.0	224.0	233.0	172.0	227.0	277.0	177.0	218.0	210.0	202.0	284.0	213.0	205.0	143.0	376.0	595.0	1157.0	684.0	1287.0	703.0	934.0	1377.0	1078.0	648.0	351.0	400.0
63	20181105 22:33:02.160	1292.0	225.0	121.0	176.0	153.0	166.0	147.0	141.0	179.0	140.0	149.0	144.0	134.0	116.0	117.0	143.0	162.0	134.0	113.0	123.0	193.0	144.0	152.0	183.0	127.0	148.0	156.0	142.0	124.0	94.0	152.0	193.0	129.0	213.0	171.0	157.0	181.0	151.0	104.0	161.0	127.0	130.0	119.0	185.0	190.0	169.0	168.0	102.0	126.0	155.0	212.0	154.0	209.0	183.0	184.0	224.0	207.0	176.0	190.0	222.0	168.0	236.0	280.0	153.0	220.0	251.0	502.0	764.0	920.0	1475.0	1470.0	2148.0	1633.0	2359.0	1132.0	2196.0	1078.0	1833.0	2079.0	1932.0	780.0	237.0	251.0
64	20181104 11:44:26.804	1371.0	221.0	85.0	0.0	0.0	0.0	0.0	0.0	0.0	0.0	0.0	0.0	0.0	0.0	0.0	0.0	0.0	0.0	0.0	0.0	0.0	0.0	0.0	0.0	0.0	0.0	0.0	0.0	0.0	0.0	0.0	0.0	0.0	0.0	0.0	0.0	24.0	3.0	112.0	123.0	82.0	142.0	126.0	162.0	176.0	128.0	135.0	167.0	173.0	113.0	1650.0	2199.0	2019.0	1451.0	930.0	1398.0	854.0	1173.0	859.0	1533.0	754.0	1958.0	1914.0	757.0	977.0	655.0	1226.0	1060.0	553.0	812.0	626.0	846.0	538.0	921.0	557.0	1352.0	591.0	814.0	1289.0	838.0	523.0	132.0	193.0
65	20181104 19:14:24.166	619.0	220.0	91.0	177.0	116.0	124.0	149.0	174.0	129.0	164.0	118.0	120.0	188.0	150.0	155.0	179.0	132.0	104.0	117.0	169.0	130.0	134.0	134.0	104.0	118.0	114.0	144.0	144.0	99.0	168.0	157.0	118.0	189.0	163.0	159.0	191.0	181.0	196.0	172.0	194.0	214.0	175.0	214.0	163.0	170.0	162.0	159.0	176.0	204.0	153.0	206.0	173.0	232.0	201.0	184.0	261.0	169.0	244.0	172.0	262.0	234.0	281.0	371.0	249.0	224.0	269.0	323.0	375.0	288.0	267.0	278.0	315.0	318.0	287.0	275.0	303.0	218.0	220.0	338.0	220.0	226.0	412.0	262.0
66	20181107 11:14:16.529	1017.0	201.0	141.0	141.0	153.0	133.0	137.0	159.0	113.0	143.0	128.0	240.0	137.0	121.0	166.0	145.0	172.0	217.0	137.0	145.0	173.0	127.0	144.0	162.0	164.0	174.0	143.0	159.0	149.0	121.0	144.0	129.0	146.0	218.0	169.0	162.0	152.0	154.0	157.0	171.0	149.0	209.0	131.0	102.0	233.0	176.0	111.0	138.0	199.0	136.0	206.0	184.0	193.0	194.0	202.0	206.0	167.0	162.0	170.0	224.0	208.0	182.0	184.0	157.0	206.0	165.0	201.0	226.0	166.0	212.0	151.0	210.0	173.0	191.0	156.0	187.0	134.0	191.0	225.0	178.0	217.0	966.0	625.0
67	20181107 11:14:16.529	1055.0	199.0	128.0	130.0	136.0	144.0	165.0	117.0	171.0	152.0	125.0	88.0	114.0	110.0	144.0	116.0	183.0	122.0	131.0	158.0	136.0	126.0	124.0	145.0	148.0	162.0	182.0	117.0	124.0	145.0	113.0	165.0	190.0	165.0	148.0	115.0	201.0	202.0	132.0	172.0	147.0	153.0	190.0	125.0	154.0	153.0	164.0	142.0	185.0	145.0	156.0	126.0	147.0	171.0	165.0	156.0	120.0	133.0	153.0	126.0	154.0	148.0	161.0	139.0	86.0	93.0	149.0	133.0	174.0	143.0	119.0	119.0	233.0	177.0	170.0	150.0	149.0	177.0	211.0	293.0	292.0	712.0	528.0
68	20181107 08:43:53.36	304.0	199.0	146.0	144.0	169.0	151.0	119.0	120.0	148.0	167.0	153.0	171.0	148.0	142.0	192.0	201.0	122.0	122.0	141.0	167.0	113.0	155.0	117.0	146.0	161.0	136.0	147.0	186.0	130.0	137.0	134.0	158.0	165.0	122.0	167.0	154.0	180.0	137.0	205.0	189.0	139.0	133.0	173.0	153.0	136.0	163.0	165.0	133.0	188.0	149.0	105.0	117.0	141.0	101.0	141.0	160.0	166.0	119.0	175.0	150.0	148.0	142.0	133.0	178.0	169.0	128.0	237.0	92.0	124.0	134.0	125.0	111.0	127.0	149.0	188.0	160.0	163.0	96.0	159.0	177.0	277.0	329.0	347.0
69	20181107 08:43:53.36	419.0	155.0	120.0	170.0	207.0	146.0	153.0	127.0	146.0	149.0	145.0	143.0	169.0	123.0	138.0	85.0	142.0	112.0	171.0	118.0	165.0	136.0	162.0	161.0	169.0	102.0	139.0	149.0	227.0	136.0	145.0	168.0	145.0	131.0	153.0	155.0	185.0	188.0	137.0	143.0	181.0	181.0	175.0	128.0	171.0	171.0	135.0	122.0	168.0	148.0	234.0	119.0	203.0	184.0	123.0	156.0	172.0	203.0	141.0	138.0	101.0	158.0	171.0	150.0	90.0	131.0	161.0	156.0	173.0	141.0	178.0	169.0	159.0	211.0	180.0	177.0	186.0	164.0	188.0	179.0	548.0	262.0	346.0
70	20181105 13:51:11.315	1280.0	147.0	201.0	118.0	134.0	98.0	146.0	196.0	139.0	118.0	143.0	114.0	123.0	131.0	153.0	102.0	127.0	120.0	110.0	127.0	137.0	127.0	123.0	92.0	134.0	178.0	141.0	136.0	151.0	144.0	129.0	151.0	144.0	120.0	142.0	190.0	88.0	147.0	121.0	145.0	97.0	137.0	126.0	144.0	176.0	158.0	126.0	125.0	146.0	135.0	128.0	134.0	163.0	179.0	81.0	165.0	108.0	129.0	113.0	129.0	109.0	155.0	139.0	139.0	120.0	175.0	176.0	215.0	141.0	153.0	189.0	167.0	174.0	132.0	108.0	114.0	166.0	141.0	114.0	131.0	260.0	143.0	191.0
71	20181104 15:29:50.837	300.0	119.0	96.0	120.0	138.0	212.0	120.0	161.0	105.0	138.0	114.0	157.0	113.0	132.0	136.0	129.0	144.0	129.0	114.0	102.0	151.0	167.0	129.0	164.0	117.0	154.0	107.0	174.0	148.0	146.0	133.0	147.0	165.0	209.0	134.0	160.0	188.0	214.0	189.0	161.0	140.0	196.0	216.0	206.0	178.0	213.0	218.0	211.0	215.0	222.0	254.0	346.0	492.0	493.0	629.0	619.0	760.0	572.0	171.0	218.0	231.0	192.0	200.0	215.0	173.0	183.0	204.0	148.0	142.0	221.0	184.0	163.0	193.0	180.0	220.0	241.0	169.0	209.0	215.0	194.0	214.0	605.0	499.0
72	20181104 17:59:15.991	1011.0	122.0	110.0	131.0	151.0	123.0	118.0	134.0	186.0	134.0	156.0	132.0	170.0	133.0	112.0	104.0	226.0	116.0	151.0	139.0	121.0	143.0	137.0	229.0	136.0	147.0	149.0	159.0	158.0	222.0	151.0	149.0	177.0	184.0	138.0	189.0	115.0	154.0	158.0	173.0	161.0	182.0	166.0	205.0	143.0	174.0	142.0	113.0	164.0	165.0	185.0	105.0	185.0	146.0	262.0	155.0	135.0	135.0	155.0	141.0	146.0	127.0	161.0	146.0	166.0	127.0	115.0	149.0	156.0	135.0	105.0	166.0	140.0	156.0	146.0	132.0	148.0	143.0	136.0	125.0	131.0	278.0	399.0
73	20181107 11:14:16.529	1090.0	118.0	118.0	108.0	175.0	113.0	136.0	132.0	111.0	138.0	146.0	144.0	168.0	116.0	145.0	109.0	143.0	117.0	100.0	145.0	122.0	134.0	133.0	159.0	131.0	150.0	132.0	132.0	155.0	116.0	134.0	134.0	173.0	199.0	139.0	154.0	159.0	149.0	128.0	86.0	173.0	195.0	128.0	139.0	146.0	154.0	195.0	121.0	202.0	198.0	195.0	134.0	151.0	173.0	120.0	206.0	112.0	135.0	131.0	155.0	128.0	122.0	157.0	129.0	136.0	122.0	123.0	135.0	143.0	138.0	106.0	158.0	217.0	152.0	129.0	199.0	167.0	169.0	161.0	183.0	151.0	388.0	388.0
74	20181107 11:14:16.529	496.0	109.0	149.0	165.0	188.0	194.0	190.0	157.0	150.0	133.0	148.0	94.0	126.0	169.0	136.0	162.0	129.0	133.0	160.0	149.0	196.0	140.0	165.0	145.0	149.0	126.0	156.0	177.0	193.0	145.0	175.0	109.0	116.0	144.0	154.0	171.0	170.0	158.0	158.0	160.0	145.0	217.0	170.0	173.0	180.0	138.0	216.0	138.0	154.0	161.0	200.0	131.0	154.0	185.0	133.0	180.0	114.0	123.0	199.0	107.0	128.0	145.0	118.0	95.0	181.0	106.0	159.0	132.0	182.0	155.0	161.0	192.0	208.0	244.0	228.0	271.0	192.0	231.0	258.0	216.0	266.0	1025.0	714.0
75	20181107 11:14:16.529	731.0	98.0	91.0	166.0	168.0	114.0	124.0	145.0	161.0	122.0	112.0	152.0	167.0	114.0	107.0	129.0	160.0	141.0	119.0	121.0	143.0	105.0	157.0	112.0	179.0	129.0	161.0	140.0	192.0	123.0	117.0	133.0	140.0	164.0	112.0	119.0	188.0	166.0	128.0	164.0	147.0	183.0	123.0	136.0	161.0	157.0	148.0	151.0	107.0	136.0	157.0	117.0	122.0	131.0	138.0	187.0	125.0	171.0	134.0	122.0	213.0	152.0	178.0	116.0	180.0	161.0	173.0	180.0	194.0	201.0	195.0	236.0	257.0	294.0	234.0	314.0	246.0	217.0	233.0	287.0	251.0	1062.0	623.0
76	20181107 11:14:16.529	335.0	84.0	164.0	187.0	131.0	118.0	157.0	124.0	137.0	120.0	147.0	116.0	139.0	152.0	150.0	168.0	159.0	95.0	181.0	146.0	186.0	136.0	154.0	228.0	172.0	120.0	132.0	138.0	191.0	105.0	132.0	199.0	134.0	154.0	207.0	165.0	113.0	147.0	118.0	146.0	173.0	214.0	150.0	171.0	148.0	150.0	174.0	124.0	169.0	90.0	195.0	141.0	199.0	148.0	116.0	140.0	145.0	144.0	161.0	215.0	178.0	188.0	173.0	189.0	157.0	204.0	241.0	151.0	168.0	157.0	159.0	234.0	280.0	260.0	186.0	187.0	208.0	190.0	171.0	235.0	212.0	737.0	459.0
77	20181106 06:01:35.140	1085.0	79.0	118.0	118.0	152.0	166.0	162.0	127.0	119.0	146.0	180.0	126.0	112.0	159.0	158.0	176.0	253.0	166.0	137.0	184.0	155.0	192.0	189.0	108.0	173.0	159.0	186.0	150.0	193.0	136.0	136.0	172.0	236.0	186.0	198.0	263.0	176.0	150.0	219.0	186.0	174.0	226.0	218.0	253.0	208.0	225.0	167.0	159.0	277.0	224.0	226.0	179.0	232.0	251.0	174.0	267.0	169.0	271.0	191.0	268.0	229.0	204.0	240.0	207.0	279.0	231.0	217.0	225.0	207.0	377.0	464.0	646.0	1104.0	797.0	702.0	644.0	430.0	857.0	571.0	825.0	375.0	225.0	241.0
78	20181104 15:29:50.837	1164.0	74.0	132.0	126.0	139.0	150.0	143.0	148.0	187.0	131.0	171.0	107.0	158.0	152.0	126.0	219.0	140.0	130.0	121.0	132.0	137.0	133.0	160.0	158.0	152.0	114.0	202.0	131.0	213.0	115.0	125.0	137.0	172.0	175.0	163.0	191.0	149.0	173.0	176.0	162.0	194.0	171.0	171.0	191.0	218.0	228.0	208.0	204.0	171.0	211.0	199.0	152.0	266.0	187.0	153.0	175.0	153.0	225.0	133.0	153.0	170.0	196.0	180.0	141.0	153.0	218.0	198.0	185.0	136.0	169.0	148.0	219.0	176.0	240.0	181.0	322.0	167.0	226.0	300.0	359.0	368.0	205.0	197.0
79	20181105 03:56:29.630	374.0	77.0	115.0	101.0	201.0	176.0	147.0	119.0	128.0	135.0	125.0	121.0	96.0	133.0	98.0	119.0	110.0	137.0	171.0	128.0	203.0	168.0	129.0	139.0	132.0	157.0	140.0	139.0	168.0	115.0	123.0	132.0	146.0	172.0	142.0	197.0	165.0	112.0	122.0	170.0	123.0	157.0	151.0	102.0	175.0	167.0	158.0	140.0	133.0	131.0	131.0	185.0	140.0	160.0	160.0	163.0	182.0	130.0	156.0	176.0	95.0	225.0	138.0	124.0	186.0	149.0	169.0	141.0	135.0	175.0	182.0	136.0	191.0	164.0	115.0	188.0	153.0	144.0	212.0	147.0	137.0	288.0	258.0
80	20181104 05:32:37.694	1381.0	68.0	221.0	0.0	0.0	0.0	0.0	0.0	0.0	0.0	0.0	0.0	0.0	0.0	0.0	0.0	0.0	0.0	0.0	0.0	0.0	0.0	0.0	0.0	0.0	0.0	0.0	0.0	0.0	0.0	0.0	0.0	0.0	0.0	0.0	0.0	0.0	0.0	0.0	0.0	0.0	0.0	0.0	0.0	98.0	119.0	143.0	171.0	133.0	150.0	138.0	98.0	120.0	109.0	173.0	112.0	72.0	109.0	93.0	113.0	104.0	87.0	142.0	101.0	142.0	147.0	147.0	93.0	86.0	151.0	102.0	133.0	279.0	187.0	234.0	244.0	112.0	255.0	189.0	280.0	243.0	141.0	148.0
81	20181107 11:14:16.529	532.0	68.0	159.0	159.0	197.0	111.0	149.0	141.0	131.0	128.0	157.0	133.0	113.0	145.0	131.0	180.0	103.0	98.0	172.0	131.0	161.0	193.0	127.0	157.0	159.0	118.0	136.0	194.0	216.0	125.0	163.0	209.0	196.0	181.0	154.0	141.0	131.0	190.0	175.0	112.0	157.0	133.0	165.0	198.0	165.0	155.0	108.0	172.0	165.0	148.0	168.0	138.0	126.0	125.0	100.0	193.0	120.0	192.0	195.0	111.0	108.0	128.0	123.0	110.0	192.0	117.0	123.0	166.0	155.0	140.0	137.0	106.0	140.0	145.0	153.0	190.0	167.0	149.0	157.0	212.0	176.0	472.0	429.0
82	20181107 11:14:16.529	492.0	69.0	124.0	135.0	186.0	95.0	200.0	166.0	196.0	119.0	125.0	156.0	151.0	114.0	137.0	102.0	137.0	140.0	141.0	150.0	168.0	138.0	163.0	128.0	138.0	148.0	115.0	149.0	148.0	142.0	178.0	212.0	135.0	203.0	153.0	164.0	140.0	189.0	146.0	101.0	210.0	146.0	110.0	148.0	193.0	138.0	172.0	124.0	166.0	150.0	133.0	161.0	164.0	147.0	152.0	219.0	148.0	192.0	213.0	119.0	142.0	138.0	159.0	112.0	158.0	155.0	178.0	157.0	153.0	122.0	120.0	130.0	186.0	124.0	157.0	161.0	138.0	138.0	161.0	132.0	150.0	428.0	367.0
83	20181106 14:42:42.694	649.0	63.0	135.0	126.0	139.0	147.0	109.0	98.0	148.0	122.0	131.0	149.0	191.0	122.0	126.0	126.0	156.0	103.0	121.0	140.0	152.0	119.0	145.0	191.0	148.0	144.0	159.0	123.0	147.0	118.0	150.0	120.0	138.0	203.0	179.0	181.0	132.0	112.0	137.0	146.0	158.0	180.0	114.0	143.0	177.0	85.0	146.0	196.0	195.0	160.0	184.0	170.0	119.0	154.0	151.0	144.0	123.0	167.0	127.0	132.0	141.0	116.0	167.0	101.0	150.0	111.0	163.0	159.0	169.0	125.0	163.0	222.0	364.0	525.0	363.0	395.0	243.0	325.0	372.0	261.0	293.0	873.0	605.0
84	20181105 22:33:02.160	606.0	62.0	116.0	139.0	151.0	120.0	160.0	180.0	116.0	141.0	142.0	92.0	113.0	130.0	136.0	111.0	138.0	122.0	129.0	197.0	137.0	200.0	207.0	302.0	235.0	217.0	335.0	229.0	249.0	226.0	208.0	184.0	224.0	208.0	223.0	256.0	173.0	137.0	204.0	168.0	220.0	277.0	191.0	195.0	238.0	224.0	275.0	223.0	213.0	204.0	254.0	163.0	276.0	215.0	228.0	283.0	194.0	210.0	204.0	226.0	237.0	284.0	261.0	218.0	228.0	265.0	309.0	278.0	377.0	579.0	798.0	625.0	692.0	751.0	577.0	689.0	516.0	578.0	573.0	531.0	352.0	552.0	485.0
85	20181106 19:42:59.675	702.0	52.0	169.0	162.0	143.0	95.0	145.0	167.0	156.0	111.0	142.0	171.0	154.0	123.0	181.0	118.0	136.0	93.0	121.0	144.0	146.0	113.0	150.0	151.0	202.0	146.0	160.0	173.0	159.0	112.0	142.0	130.0	110.0	148.0	135.0	91.0	134.0	153.0	109.0	118.0	156.0	104.0	120.0	125.0	120.0	126.0	148.0	131.0	144.0	157.0	180.0	163.0	170.0	100.0	129.0	101.0	116.0	124.0	93.0	126.0	131.0	142.0	125.0	126.0	136.0	175.0	145.0	176.0	122.0	103.0	117.0	100.0	125.0	151.0	117.0	266.0	593.0	452.0	304.0	578.0	672.0	202.0	222.0
86	20181106 13:27:35.897	733.0	54.0	115.0	168.0	162.0	172.0	172.0	160.0	118.0	162.0	188.0	151.0	156.0	159.0	108.0	135.0	199.0	141.0	138.0	150.0	113.0	187.0	128.0	150.0	152.0	178.0	123.0	149.0	195.0	185.0	163.0	140.0	131.0	108.0	159.0	118.0	161.0	119.0	165.0	128.0	111.0	133.0	145.0	129.0	107.0	123.0	175.0	162.0	195.0	178.0	138.0	131.0	135.0	152.0	151.0	170.0	178.0	145.0	109.0	190.0	118.0	140.0	176.0	121.0	162.0	180.0	132.0	180.0	160.0	142.0	89.0	150.0	521.0	560.0	768.0	632.0	479.0	552.0	548.0	387.0	329.0	566.0	305.0
87	20181106 06:01:35.140	885.0	51.0	163.0	156.0	165.0	124.0	146.0	135.0	124.0	101.0	131.0	162.0	157.0	140.0	163.0	128.0	164.0	156.0	128.0	144.0	159.0	124.0	174.0	107.0	147.0	222.0	170.0	142.0	182.0	141.0	171.0	156.0	162.0	162.0	164.0	169.0	196.0	155.0	179.0	199.0	199.0	225.0	191.0	218.0	242.0	187.0	287.0	218.0	224.0	296.0	255.0	184.0	237.0	227.0	221.0	228.0	178.0	217.0	227.0	226.0	265.0	243.0	358.0	206.0	316.0	253.0	468.0	525.0	285.0	417.0	304.0	1033.0	383.0	852.0	412.0	826.0	767.0	1062.0	1188.0	1486.0	1690.0	228.0	274.0
88	20181106 13:27:35.897	761.0	54.0	91.0	140.0	151.0	115.0	130.0	175.0	126.0	141.0	128.0	166.0	149.0	157.0	177.0	130.0	148.0	111.0	149.0	140.0	166.0	152.0	151.0	138.0	154.0	192.0	160.0	158.0	216.0	149.0	165.0	190.0	154.0	209.0	138.0	216.0	197.0	135.0	198.0	110.0	162.0	200.0	142.0	140.0	161.0	138.0	132.0	155.0	173.0	146.0	118.0	120.0	141.0	109.0	137.0	138.0	154.0	131.0	142.0	148.0	110.0	154.0	222.0	158.0	169.0	144.0	216.0	171.0	184.0	202.0	240.0	249.0	434.0	454.0	513.0	164.0	108.0	181.0	169.0	206.0	292.0	252.0	207.0
89	20181105 13:51:11.315	807.0	53.0	150.0	165.0	188.0	144.0	174.0	115.0	138.0	100.0	112.0	101.0	157.0	145.0	196.0	101.0	180.0	137.0	135.0	158.0	173.0	150.0	196.0	138.0	173.0	144.0	122.0	137.0	208.0	146.0	90.0	138.0	137.0	142.0	138.0	175.0	187.0	155.0	142.0	144.0	154.0	172.0	98.0	134.0	181.0	120.0	193.0	109.0	146.0	158.0	191.0	135.0	163.0	94.0	126.0	184.0	187.0	173.0	190.0	209.0	205.0	221.0	200.0	215.0	216.0	266.0	265.0	230.0	191.0	242.0	222.0	266.0	144.0	210.0	191.0	228.0	149.0	247.0	199.0	210.0	164.0	440.0	328.0
90	20181107 11:14:16.529	925.0	49.0	105.0	171.0	148.0	127.0	135.0	123.0	147.0	113.0	155.0	142.0	120.0	112.0	156.0	147.0	153.0	115.0	137.0	157.0	150.0	161.0	142.0	167.0	159.0	149.0	115.0	165.0	148.0	156.0	121.0	159.0	160.0	183.0	211.0	174.0	166.0	205.0	156.0	160.0	143.0	124.0	114.0	133.0	122.0	152.0	128.0	167.0	169.0	237.0	176.0	120.0	163.0	136.0	136.0	164.0	112.0	123.0	144.0	114.0	175.0	129.0	124.0	147.0	145.0	143.0	109.0	157.0	113.0	142.0	109.0	139.0	203.0	150.0	155.0	233.0	128.0	180.0	159.0	197.0	130.0	456.0	331.0
91	20181104 04:18:30.556	1381.0	50.0	137.0	0.0	0.0	0.0	0.0	0.0	0.0	0.0	0.0	0.0	0.0	0.0	0.0	0.0	0.0	0.0	0.0	0.0	0.0	0.0	0.0	0.0	0.0	0.0	0.0	0.0	0.0	0.0	0.0	0.0	0.0	0.0	0.0	0.0	0.0	0.0	0.0	0.0	0.0	0.0	0.0	0.0	74.0	164.0	140.0	126.0	166.0	143.0	146.0	96.0	80.0	84.0	142.0	120.0	139.0	166.0	139.0	111.0	121.0	96.0	98.0	110.0	104.0	131.0	117.0	153.0	124.0	148.0	132.0	128.0	267.0	193.0	197.0	258.0	67.0	228.0	79.0	230.0	270.0	120.0	175.0
92	20181107 01:55:47.427	964.0	46.0	110.0	122.0	173.0	148.0	148.0	140.0	137.0	148.0	142.0	168.0	80.0	146.0	88.0	151.0	125.0	170.0	91.0	171.0	115.0	121.0	139.0	108.0	115.0	115.0	156.0	185.0	197.0	140.0	126.0	140.0	155.0	177.0	161.0	159.0	197.0	147.0	145.0	123.0	121.0	149.0	165.0	135.0	150.0	228.0	176.0	212.0	154.0	149.0	162.0	123.0	137.0	108.0	119.0	162.0	139.0	159.0	156.0	127.0	137.0	190.0	132.0	95.0	160.0	177.0	150.0	140.0	138.0	159.0	143.0	176.0	194.0	203.0	171.0	147.0	159.0	248.0	252.0	509.0	420.0	242.0	209.0
93	20181107 11:14:16.529	175.0	46.0	149.0	143.0	122.0	129.0	100.0	144.0	104.0	164.0	173.0	131.0	160.0	121.0	139.0	134.0	154.0	147.0	154.0	187.0	153.0	128.0	142.0	167.0	114.0	160.0	134.0	160.0	132.0	167.0	150.0	145.0	157.0	173.0	141.0	148.0	145.0	133.0	136.0	167.0	164.0	166.0	207.0	125.0	130.0	116.0	158.0	148.0	144.0	184.0	156.0	119.0	148.0	172.0	155.0	160.0	93.0	152.0	135.0	157.0	161.0	134.0	206.0	143.0	178.0	159.0	186.0	206.0	129.0	179.0	142.0	166.0	124.0	106.0	162.0	164.0	138.0	132.0	165.0	184.0	116.0	524.0	408.0
94	20181104 21:44:12.310	250.0	41.0	141.0	125.0	93.0	99.0	135.0	146.0	75.0	107.0	112.0	106.0	112.0	137.0	109.0	169.0	197.0	175.0	125.0	158.0	157.0	138.0	167.0	172.0	164.0	154.0	133.0	117.0	266.0	247.0	185.0	196.0	265.0	209.0	250.0	225.0	215.0	201.0	233.0	243.0	216.0	193.0	208.0	180.0	247.0	203.0	186.0	150.0	180.0	235.0	174.0	166.0	621.0	701.0	919.0	777.0	901.0	1074.0	1068.0	1096.0	1519.0	1570.0	2034.0	1809.0	1556.0	1779.0	2046.0	1867.0	1984.0	1494.0	1784.0	1338.0	1121.0	1382.0	828.0	1528.0	656.0	636.0	1198.0	608.0	417.0	256.0	317.0
95	20181105 15:05:58.342	1161.0	34.0	143.0	148.0	145.0	94.0	166.0	150.0	127.0	104.0	197.0	135.0	169.0	122.0	157.0	82.0	176.0	137.0	161.0	136.0	117.0	97.0	162.0	140.0	128.0	168.0	113.0	146.0	174.0	141.0	145.0	135.0	188.0	160.0	135.0	147.0	184.0	102.0	173.0	125.0	153.0	167.0	131.0	155.0	214.0	140.0	177.0	155.0	153.0	152.0	165.0	165.0	131.0	125.0	102.0	154.0	124.0	212.0	133.0	159.0	155.0	181.0	367.0	365.0	581.0	577.0	880.0	852.0	655.0	1101.0	807.0	977.0	809.0	963.0	575.0	1017.0	600.0	798.0	1054.0	761.0	478.0	181.0	212.0
96	20181106 15:58:12.108	408.0	35.0	148.0	145.0	182.0	144.0	125.0	146.0	114.0	134.0	164.0	125.0	125.0	140.0	155.0	145.0	126.0	158.0	82.0	178.0	181.0	122.0	168.0	131.0	132.0	162.0	125.0	142.0	157.0	141.0	162.0	137.0	122.0	168.0	170.0	134.0	162.0	147.0	139.0	174.0	140.0	165.0	179.0	168.0	148.0	122.0	160.0	123.0	168.0	100.0	194.0	114.0	173.0	113.0	138.0	106.0	100.0	138.0	156.0	164.0	149.0	138.0	118.0	116.0	146.0	186.0	136.0	133.0	127.0	110.0	142.0	157.0	455.0	502.0	791.0	854.0	1024.0	1193.0	935.0	831.0	642.0	521.0	414.0
97	20181107 11:14:16.529	451.0	32.0	131.0	127.0	124.0	120.0	155.0	158.0	159.0	169.0	170.0	91.0	149.0	131.0	114.0	157.0	136.0	152.0	163.0	108.0	146.0	136.0	155.0	141.0	189.0	143.0	150.0	108.0	168.0	164.0	143.0	181.0	122.0	157.0	182.0	175.0	154.0	184.0	164.0	130.0	136.0	163.0	159.0	146.0	166.0	136.0	136.0	122.0	173.0	186.0	140.0	135.0	182.0	161.0	127.0	188.0	149.0	102.0	109.0	146.0	126.0	115.0	160.0	145.0	144.0	155.0	153.0	133.0	139.0	142.0	122.0	125.0	136.0	147.0	137.0	187.0	107.0	115.0	139.0	139.0	137.0	622.0	478.0
98	20181107 11:14:16.529	1281.0	30.0	158.0	131.0	161.0	163.0	120.0	152.0	135.0	133.0	127.0	116.0	114.0	161.0	118.0	136.0	164.0	98.0	124.0	133.0	143.0	151.0	168.0	139.0	129.0	149.0	142.0	176.0	142.0	130.0	154.0	151.0	186.0	157.0	135.0	205.0	140.0	125.0	176.0	117.0	90.0	184.0	154.0	157.0	134.0	160.0	167.0	149.0	236.0	178.0	159.0	126.0	156.0	145.0	138.0	187.0	135.0	164.0	141.0	159.0	112.0	128.0	96.0	120.0	118.0	172.0	138.0	113.0	160.0	131.0	101.0	157.0	178.0	272.0	160.0	241.0	133.0	178.0	219.0	218.0	170.0	633.0	499.0
99	20181107 11:14:16.529	1242.0	33.0	104.0	162.0	203.0	127.0	102.0	137.0	122.0	153.0	165.0	98.0	151.0	150.0	117.0	103.0	200.0	110.0	111.0	175.0	133.0	144.0	130.0	139.0	162.0	183.0	173.0	102.0	143.0	139.0	208.0	147.0	196.0	141.0	158.0	159.0	150.0	198.0	114.0	136.0	101.0	105.0	162.0	120.0	197.0	138.0	182.0	136.0	102.0	137.0	159.0	145.0	184.0	166.0	124.0	134.0	113.0	122.0	114.0	126.0	152.0	161.0	159.0	165.0	114.0	109.0	172.0	165.0	120.0	95.0	111.0	160.0	213.0	158.0	160.0	168.0	161.0	159.0	175.0	186.0	147.0	349.0	337.0
100	20181106 18:28:45.127	1319.0	27.0	136.0	131.0	162.0	122.0	169.0	113.0	193.0	152.0	112.0	92.0	167.0	171.0	108.0	109.0	70.0	139.0	146.0	129.0	138.0	140.0	147.0	146.0	135.0	99.0	166.0	158.0	198.0	178.0	138.0	134.0	146.0	117.0	113.0	142.0	162.0	155.0	87.0	112.0	159.0	163.0	123.0	139.0	154.0	178.0	139.0	158.0	176.0	134.0	165.0	171.0	147.0	140.0	161.0	115.0	204.0	200.0	137.0	228.0	156.0	181.0	187.0	140.0	207.0	229.0	247.0	209.0	224.0	206.0	207.0	311.0	178.0	237.0	192.0	591.0	308.0	701.0	749.0	1040.0	616.0	392.0	248.0
101	20181107 11:14:16.529	529.0	28.0	157.0	144.0	134.0	145.0	118.0	121.0	133.0	124.0	168.0	138.0	135.0	141.0	108.0	136.0	115.0	96.0	100.0	141.0	121.0	153.0	140.0	201.0	132.0	126.0	179.0	128.0	207.0	141.0	129.0	107.0	148.0	166.0	142.0	190.0	112.0	146.0	186.0	209.0	169.0	124.0	125.0	163.0	123.0	201.0	112.0	164.0	205.0	125.0	182.0	142.0	155.0	132.0	133.0	163.0	109.0	206.0	170.0	155.0	119.0	118.0	143.0	150.0	142.0	132.0	158.0	158.0	136.0	101.0	161.0	152.0	171.0	143.0	115.0	173.0	176.0	187.0	183.0	163.0	303.0	586.0	443.0
102	20181107 08:43:53.36	672.0	23.0	144.0	124.0	104.0	108.0	121.0	138.0	165.0	129.0	142.0	122.0	132.0	234.0	118.0	120.0	120.0	116.0	113.0	142.0	143.0	183.0	105.0	135.0	113.0	111.0	173.0	198.0	139.0	123.0	116.0	105.0	118.0	132.0	153.0	130.0	182.0	130.0	148.0	142.0	148.0	144.0	145.0	130.0	93.0	120.0	116.0	161.0	146.0	131.0	137.0	164.0	126.0	134.0	113.0	145.0	134.0	102.0	115.0	164.0	93.0	121.0	110.0	143.0	146.0	105.0	96.0	142.0	64.0	129.0	129.0	134.0	151.0	103.0	168.0	125.0	124.0	132.0	105.0	176.0	611.0	154.0	151.0
103	20181106 19:42:59.675	722.0	22.0	140.0	167.0	125.0	151.0	159.0	160.0	131.0	162.0	124.0	135.0	166.0	128.0	168.0	129.0	165.0	145.0	105.0	149.0	112.0	130.0	171.0	137.0	165.0	159.0	158.0	108.0	176.0	117.0	158.0	86.0	134.0	170.0	123.0	171.0	138.0	192.0	152.0	186.0	155.0	168.0	170.0	124.0	91.0	119.0	127.0	110.0	193.0	152.0	104.0	114.0	186.0	104.0	144.0	151.0	92.0	101.0	127.0	160.0	149.0	135.0	124.0	117.0	92.0	201.0	139.0	128.0	129.0	127.0	176.0	151.0	157.0	205.0	195.0	150.0	221.0	195.0	232.0	334.0	196.0	192.0	214.0
104	20181107 08:43:53.36	585.0	22.0	151.0	111.0	162.0	137.0	117.0	156.0	123.0	163.0	94.0	176.0	124.0	108.0	91.0	108.0	173.0	134.0	154.0	122.0	104.0	153.0	144.0	169.0	106.0	158.0	101.0	113.0	150.0	161.0	141.0	114.0	91.0	108.0	113.0	105.0	127.0	111.0	120.0	91.0	150.0	90.0	130.0	123.0	106.0	98.0	97.0	159.0	159.0	163.0	153.0	132.0	113.0	157.0	116.0	116.0	124.0	120.0	116.0	165.0	143.0	127.0	157.0	111.0	152.0	147.0	110.0	109.0	128.0	116.0	104.0	123.0	145.0	109.0	143.0	131.0	159.0	81.0	137.0	87.0	1148.0	148.0	224.0
105	20181107 08:43:53.36	646.0	23.0	135.0	106.0	147.0	139.0	107.0	121.0	132.0	111.0	135.0	169.0	104.0	151.0	172.0	137.0	131.0	124.0	112.0	116.0	123.0	108.0	196.0	155.0	149.0	169.0	180.0	136.0	145.0	167.0	159.0	147.0	198.0	165.0	114.0	155.0	179.0	186.0	161.0	179.0	121.0	213.0	141.0	134.0	262.0	170.0	117.0	160.0	175.0	179.0	110.0	164.0	181.0	131.0	169.0	164.0	130.0	158.0	96.0	148.0	133.0	172.0	149.0	137.0	87.0	125.0	161.0	205.0	95.0	146.0	149.0	177.0	183.0	214.0	189.0	227.0	204.0	229.0	211.0	210.0	453.0	458.0	387.0
106	20181107 11:14:16.529	766.0	17.0	130.0	181.0	133.0	128.0	171.0	147.0	112.0	145.0	110.0	158.0	85.0	114.0	9.0	2.0	11.0	73.0	126.0	126.0	144.0	121.0	120.0	196.0	172.0	121.0	151.0	125.0	152.0	127.0	189.0	145.0	162.0	162.0	158.0	178.0	141.0	164.0	165.0	169.0	107.0	152.0	119.0	133.0	114.0	107.0	167.0	168.0	168.0	194.0	153.0	116.0	153.0	141.0	124.0	150.0	116.0	152.0	153.0	179.0	131.0	155.0	161.0	94.0	146.0	165.0	124.0	174.0	114.0	136.0	112.0	159.0	140.0	181.0	98.0	150.0	196.0	164.0	124.0	160.0	164.0	580.0	431.0
107	20181107 11:14:16.529	806.0	14.0	139.0	124.0	144.0	123.0	35.0	80.0	57.0	14.0	3.0	2.0	2.0	4.0	0.0	0.0	0.0	0.0	0.0	119.0	88.0	108.0	132.0	149.0	135.0	141.0	125.0	150.0	160.0	138.0	127.0	201.0	146.0	165.0	140.0	136.0	169.0	111.0	93.0	144.0	140.0	108.0	177.0	175.0	167.0	142.0	159.0	124.0	194.0	173.0	178.0	117.0	155.0	167.0	104.0	174.0	132.0	201.0	132.0	150.0	154.0	153.0	173.0	166.0	118.0	162.0	143.0	130.0	144.0	127.0	208.0	157.0	161.0	148.0	156.0	226.0	131.0	190.0	197.0	167.0	182.0	477.0	367.0
108	20181105 00:12:30.22	395.0	11.0	209.0	0.0	1.0	0.0	0.0	0.0	0.0	0.0	0.0	0.0	0.0	0.0	0.0	0.0	0.0	0.0	0.0	2.0	0.0	2.0	86.0	82.0	56.0	83.0	128.0	136.0	55.0	134.0	98.0	103.0	137.0	106.0	183.0	124.0	84.0	123.0	139.0	141.0	161.0	107.0	110.0	180.0	104.0	155.0	107.0	97.0	117.0	102.0	122.0	139.0	152.0	105.0	117.0	124.0	138.0	123.0	763.0	1118.0	775.0	727.0	118.0	151.0	165.0	128.0	146.0	108.0	98.0	151.0	160.0	114.0	116.0	123.0	126.0	105.0	139.0	138.0	141.0	111.0	184.0	136.0	118.0
109	20181106 18:28:45.127	252.0	7.0	0.0	0.0	0.0	0.0	0.0	0.0	0.0	0.0	0.0	0.0	0.0	0.0	0.0	0.0	0.0	0.0	0.0	0.0	0.0	0.0	0.0	0.0	0.0	2.0	0.0	0.0	1.0	0.0	1.0	2.0	6.0	0.0	0.0	0.0	0.0	5.0	0.0	2.0	3.0	5.0	1.0	1.0	2.0	2.0	2.0	88.0	174.0	149.0	122.0	86.0	121.0	177.0	129.0	130.0	126.0	181.0	133.0	107.0	95.0	152.0	112.0	143.0	189.0	118.0	124.0	139.0	130.0	135.0	117.0	167.0	149.0	119.0	151.0	426.0	717.0	774.0	663.0	133.0	113.0	122.0	204.0
