index	mortality	x	y	20150313 18:03:35.717	20150315 14:15:07.803	20150315 15:23:13.790	20150315 16:31:21.899	20150315 17:39:27.139	20150315 18:47:35.958	20150315 19:55:39.893	20150315 21:03:43.256	20150315 22:11:46.936	20150315 23:19:48.774	20150316 00:27:57.801	20150316 01:35:59.17	20150316 02:44:01.60	20150316 03:52:04.465	20150316 06:08:03.430	20150316 07:16:02.463	20150316 08:23:57.839	20150316 09:31:57.460	20150316 10:40:02.588	20150316 23:51:25.363	20150317 00:59:22.720	20150317 02:07:19.274	20150317 03:15:09.920	20150317 04:23:09.641	20150317 05:31:09.37	20150317 06:39:06.730	20150317 07:47:14.793	20150317 11:11:18.378	20150317 12:19:20.479	20150317 13:27:13.820	20150317 14:35:16.899	20150317 15:43:16.315	20150317 16:51:21.208	20150317 17:59:18.462	20150317 19:07:03.95	20150317 20:15:09.115	20150317 21:23:06.535	20150317 22:31:10.557	20150317 23:39:11.647	20150318 00:47:08.396	20150318 01:54:59.836	20150318 03:02:54.428	20150318 04:10:57.952	20150318 05:19:02.830	20150318 06:27:02.288	20150318 07:35:02.109	20150318 08:43:08.318	20150318 09:51:07.955	20150318 10:59:15.485	20150318 12:06:58.79	20150318 13:14:48.246	20150318 14:22:42.75	20150318 15:30:36.962	20150318 16:49:18.626	20150318 17:57:16.940	20150318 23:36:58.957	20150319 00:44:56.674	20150319 01:52:55.936	20150319 03:00:55.723	20150319 04:08:59.552	20150319 05:17:00.696	20150319 06:24:57.680	20150319 07:33:03.470	20150319 08:41:07.472
1	20150316 06:08:03.430	775.0	1032.0	0.0	0.0	0.0	0.0	0.0	0.0	0.0	0.0	0.0	0.0	0.0	0.0	0.0	0.0	172.0	159.0	126.0	94.0	147.0	156.0	89.0	106.0	159.0	167.0	127.0	174.0	130.0	129.0	156.0	130.0	127.0	151.0	161.0	141.0	168.0	93.0	93.0	102.0	143.0	164.0	169.0	127.0	99.0	111.0	94.0	105.0	194.0	111.0	108.0	110.0	121.0	140.0	133.0	127.0	181.0	130.0	109.0	126.0	122.0	83.0	160.0	143.0	140.0	119.0
2	20150315 14:15:07.803	992.0	962.0	6.0	129.0	179.0	136.0	125.0	127.0	177.0	106.0	137.0	159.0	125.0	110.0	136.0	135.0	128.0	126.0	168.0	159.0	156.0	209.0	103.0	129.0	155.0	138.0	171.0	119.0	122.0	175.0	132.0	136.0	122.0	128.0	128.0	127.0	124.0	138.0	151.0	132.0	116.0	122.0	222.0	140.0	162.0	128.0	175.0	112.0	143.0	216.0	168.0	97.0	148.0	158.0	147.0	103.0	141.0	161.0	187.0	149.0	163.0	117.0	132.0	167.0	197.0	162.0
3	20150318 16:49:18.626	489.0	951.0	117.0	192.0	190.0	164.0	133.0	115.0	164.0	153.0	137.0	119.0	103.0	162.0	106.0	147.0	171.0	149.0	184.0	176.0	207.0	197.0	203.0	226.0	148.0	196.0	178.0	200.0	196.0	186.0	183.0	187.0	178.0	205.0	201.0	197.0	187.0	202.0	225.0	244.0	149.0	161.0	270.0	195.0	244.0	189.0	157.0	195.0	160.0	171.0	272.0	280.0	258.0	303.0	370.0	537.0	466.0	380.0	359.0	378.0	320.0	400.0	486.0	358.0	582.0	959.0
4	20150318 23:36:58.957	443.0	947.0	147.0	131.0	184.0	159.0	151.0	167.0	162.0	147.0	130.0	136.0	150.0	165.0	141.0	166.0	122.0	149.0	128.0	139.0	221.0	145.0	148.0	171.0	101.0	143.0	137.0	154.0	138.0	147.0	135.0	169.0	154.0	131.0	152.0	172.0	137.0	123.0	80.0	154.0	147.0	205.0	216.0	146.0	143.0	127.0	143.0	171.0	231.0	165.0	125.0	115.0	133.0	140.0	226.0	170.0	138.0	284.0	292.0	331.0	281.0	294.0	343.0	297.0	403.0	393.0
5	20150318 09:51:07.955	366.0	940.0	215.0	131.0	194.0	164.0	214.0	166.0	158.0	174.0	134.0	170.0	119.0	143.0	132.0	183.0	118.0	119.0	138.0	138.0	146.0	238.0	191.0	185.0	200.0	155.0	166.0	224.0	271.0	178.0	278.0	249.0	267.0	221.0	265.0	239.0	255.0	398.0	280.0	318.0	322.0	308.0	395.0	351.0	364.0	380.0	494.0	475.0	598.0	2090.0	1764.0	1707.0	1606.0	1685.0	1493.0	1301.0	1013.0	1001.0	1206.0	941.0	985.0	1028.0	1013.0	1083.0	926.0	811.0
6	20150318 23:36:58.957	604.0	931.0	171.0	90.0	125.0	134.0	109.0	104.0	130.0	199.0	111.0	169.0	133.0	169.0	139.0	173.0	103.0	159.0	139.0	178.0	173.0	164.0	130.0	140.0	127.0	95.0	113.0	121.0	113.0	152.0	141.0	137.0	115.0	160.0	153.0	130.0	135.0	188.0	116.0	117.0	158.0	173.0	128.0	153.0	138.0	150.0	120.0	128.0	159.0	156.0	101.0	100.0	182.0	115.0	117.0	142.0	141.0	1305.0	111.0	146.0	165.0	120.0	116.0	147.0	136.0	128.0
7	20150319 03:00:55.723	1383.0	929.0	0.0	129.0	150.0	162.0	96.0	163.0	142.0	112.0	94.0	72.0	141.0	95.0	135.0	121.0	0.0	0.0	0.0	0.0	0.0	127.0	132.0	131.0	110.0	108.0	117.0	165.0	96.0	136.0	79.0	141.0	140.0	107.0	132.0	159.0	97.0	172.0	90.0	146.0	108.0	127.0	150.0	171.0	99.0	166.0	193.0	143.0	117.0	154.0	123.0	127.0	181.0	98.0	121.0	110.0	107.0	93.0	162.0	298.0	1110.0	1252.0	166.0	138.0	135.0	118.0
8	20150319 00:44:56.674	1143.0	915.0	171.0	142.0	125.0	168.0	112.0	154.0	154.0	123.0	157.0	131.0	141.0	120.0	110.0	142.0	117.0	150.0	170.0	132.0	136.0	170.0	129.0	125.0	137.0	146.0	115.0	152.0	137.0	170.0	138.0	170.0	146.0	100.0	117.0	202.0	150.0	144.0	117.0	124.0	155.0	199.0	200.0	139.0	126.0	165.0	447.0	278.0	319.0	271.0	265.0	297.0	330.0	223.0	251.0	341.0	232.0	352.0	1403.0	447.0	366.0	347.0	419.0	441.0	462.0	418.0
9	20150317 05:31:09.37	327.0	896.0	180.0	156.0	190.0	159.0	171.0	120.0	241.0	166.0	131.0	130.0	163.0	136.0	167.0	137.0	181.0	185.0	116.0	141.0	137.0	197.0	163.0	158.0	113.0	136.0	211.0	199.0	166.0	149.0	156.0	178.0	234.0	208.0	208.0	206.0	190.0	195.0	239.0	207.0	214.0	198.0	200.0	242.0	205.0	239.0	143.0	172.0	255.0	189.0	205.0	184.0	154.0	202.0	234.0	216.0	246.0	181.0	197.0	182.0	244.0	158.0	171.0	221.0	189.0	161.0
10	20150318 15:30:36.962	248.0	890.0	184.0	147.0	170.0	160.0	161.0	137.0	147.0	214.0	178.0	218.0	143.0	150.0	211.0	117.0	201.0	198.0	120.0	149.0	209.0	202.0	216.0	287.0	220.0	150.0	210.0	215.0	193.0	209.0	233.0	171.0	333.0	269.0	249.0	280.0	180.0	204.0	228.0	259.0	265.0	277.0	207.0	217.0	206.0	233.0	291.0	189.0	294.0	339.0	313.0	335.0	378.0	430.0	443.0	540.0	578.0	572.0	598.0	532.0	508.0	562.0	588.0	573.0	756.0	729.0
11	20150316 02:44:01.60	247.0	872.0	190.0	159.0	102.0	149.0	210.0	117.0	156.0	110.0	186.0	191.0	86.0	158.0	177.0	145.0	188.0	120.0	98.0	127.0	152.0	199.0	151.0	121.0	149.0	132.0	243.0	124.0	128.0	131.0	141.0	161.0	246.0	176.0	130.0	165.0	207.0	176.0	159.0	190.0	170.0	199.0	164.0	107.0	162.0	137.0	225.0	196.0	155.0	101.0	166.0	159.0	175.0	177.0	162.0	226.0	172.0	171.0	105.0	141.0	129.0	162.0	132.0	171.0	136.0	225.0
12	20150317 00:59:22.720	240.0	870.0	146.0	185.0	159.0	155.0	184.0	129.0	129.0	110.0	152.0	115.0	216.0	137.0	110.0	115.0	131.0	145.0	229.0	88.0	163.0	137.0	199.0	188.0	141.0	110.0	163.0	128.0	170.0	148.0	135.0	239.0	131.0	139.0	147.0	187.0	118.0	133.0	107.0	133.0	181.0	177.0	245.0	134.0	153.0	194.0	98.0	210.0	210.0	127.0	114.0	146.0	148.0	142.0	135.0	274.0	147.0	191.0	114.0	116.0	126.0	104.0	152.0	144.0	194.0	213.0
13	20150319 04:08:59.552	1138.0	866.0	127.0	168.0	118.0	210.0	157.0	253.0	253.0	172.0	140.0	227.0	175.0	142.0	120.0	143.0	170.0	138.0	148.0	186.0	141.0	141.0	200.0	159.0	166.0	132.0	132.0	220.0	108.0	189.0	124.0	177.0	147.0	161.0	116.0	189.0	133.0	98.0	128.0	162.0	111.0	153.0	191.0	144.0	116.0	111.0	161.0	144.0	121.0	143.0	139.0	163.0	128.0	123.0	100.0	196.0	177.0	206.0	210.0	280.0	332.0	458.0	443.0	302.0	517.0	610.0
14	20150319 05:17:00.696	981.0	863.0	171.0	144.0	156.0	124.0	172.0	150.0	158.0	128.0	166.0	136.0	158.0	172.0	151.0	190.0	166.0	162.0	186.0	124.0	109.0	176.0	134.0	151.0	176.0	172.0	202.0	204.0	141.0	164.0	106.0	89.0	173.0	166.0	161.0	161.0	196.0	142.0	120.0	174.0	192.0	224.0	199.0	160.0	255.0	244.0	167.0	185.0	175.0	200.0	138.0	209.0	186.0	210.0	169.0	172.0	204.0	218.0	176.0	169.0	183.0	354.0	681.0	701.0	522.0	504.0
15	20150319 03:00:55.723	329.0	853.0	175.0	129.0	158.0	159.0	157.0	118.0	151.0	180.0	89.0	150.0	155.0	157.0	170.0	201.0	130.0	182.0	125.0	153.0	158.0	160.0	135.0	126.0	169.0	116.0	158.0	146.0	142.0	202.0	176.0	215.0	183.0	207.0	206.0	204.0	89.0	136.0	108.0	176.0	209.0	219.0	203.0	219.0	176.0	180.0	188.0	227.0	331.0	329.0	378.0	370.0	439.0	321.0	367.0	458.0	329.0	475.0	540.0	467.0	810.0	930.0	933.0	954.0	1319.0	1371.0
16	20150318 13:14:48.246	860.0	853.0	188.0	164.0	154.0	154.0	154.0	131.0	150.0	112.0	145.0	161.0	186.0	141.0	153.0	153.0	101.0	156.0	114.0	120.0	143.0	183.0	195.0	169.0	174.0	197.0	157.0	192.0	163.0	112.0	146.0	167.0	158.0	122.0	194.0	166.0	251.0	182.0	110.0	155.0	158.0	114.0	136.0	149.0	152.0	211.0	145.0	130.0	135.0	139.0	89.0	163.0	193.0	121.0	126.0	185.0	178.0	143.0	112.0	132.0	155.0	193.0	126.0	118.0	269.0	170.0
17	20150318 23:36:58.957	1227.0	841.0	150.0	185.0	190.0	120.0	145.0	196.0	88.0	156.0	138.0	122.0	151.0	137.0	188.0	166.0	167.0	135.0	112.0	176.0	126.0	149.0	150.0	131.0	129.0	179.0	123.0	165.0	150.0	164.0	134.0	136.0	150.0	165.0	145.0	194.0	153.0	127.0	131.0	197.0	174.0	175.0	241.0	189.0	810.0	935.0	647.0	554.0	499.0	581.0	632.0	637.0	642.0	710.0	708.0	738.0	539.0	1505.0	1819.0	2218.0	2291.0	1977.0	1671.0	1778.0	1462.0	1414.0
18	20150318 01:54:59.836	1382.0	818.0	0.0	131.0	101.0	157.0	135.0	127.0	196.0	126.0	144.0	128.0	148.0	98.0	115.0	106.0	0.0	0.0	0.0	0.0	0.0	134.0	171.0	138.0	146.0	118.0	165.0	146.0	161.0	191.0	138.0	160.0	169.0	122.0	175.0	160.0	119.0	88.0	138.0	133.0	108.0	124.0	329.0	166.0	171.0	154.0	150.0	157.0	262.0	222.0	261.0	259.0	317.0	340.0	368.0	413.0	456.0	125.0	168.0	151.0	144.0	204.0	131.0	181.0	133.0	122.0
19	20150315 19:55:39.893	1099.0	812.0	217.0	106.0	122.0	118.0	124.0	91.0	177.0	160.0	174.0	215.0	133.0	132.0	147.0	139.0	99.0	158.0	168.0	169.0	116.0	112.0	168.0	212.0	134.0	121.0	128.0	157.0	96.0	156.0	148.0	165.0	173.0	129.0	144.0	231.0	164.0	153.0	98.0	151.0	131.0	167.0	219.0	169.0	171.0	149.0	143.0	163.0	169.0	165.0	137.0	167.0	191.0	197.0	193.0	170.0	153.0	162.0	170.0	225.0	149.0	131.0	186.0	121.0	137.0	182.0
20	20150319 03:00:55.723	252.0	809.0	150.0	110.0	126.0	224.0	179.0	180.0	110.0	131.0	131.0	180.0	114.0	136.0	153.0	213.0	151.0	148.0	205.0	156.0	165.0	204.0	211.0	135.0	178.0	177.0	176.0	188.0	186.0	157.0	155.0	168.0	164.0	150.0	211.0	158.0	136.0	221.0	204.0	202.0	171.0	171.0	271.0	173.0	200.0	186.0	253.0	167.0	208.0	207.0	183.0	191.0	221.0	172.0	166.0	215.0	200.0	151.0	290.0	203.0	368.0	367.0	386.0	527.0	468.0	515.0
21	20150316 09:31:57.460	1222.0	789.0	210.0	174.0	133.0	141.0	118.0	123.0	138.0	91.0	129.0	111.0	153.0	120.0	124.0	128.0	125.0	82.0	101.0	179.0	117.0	175.0	105.0	159.0	118.0	151.0	135.0	95.0	151.0	132.0	166.0	172.0	200.0	138.0	126.0	158.0	129.0	152.0	147.0	181.0	123.0	151.0	172.0	173.0	150.0	149.0	260.0	180.0	207.0	153.0	219.0	187.0	211.0	199.0	220.0	229.0	230.0	169.0	114.0	135.0	141.0	145.0	149.0	145.0	164.0	146.0
22	20150318 00:47:08.396	1228.0	782.0	179.0	186.0	111.0	119.0	143.0	95.0	166.0	177.0	109.0	142.0	122.0	173.0	118.0	158.0	101.0	116.0	128.0	143.0	124.0	139.0	175.0	125.0	192.0	147.0	120.0	154.0	156.0	111.0	106.0	172.0	145.0	134.0	134.0	123.0	142.0	167.0	143.0	123.0	88.0	178.0	154.0	141.0	210.0	136.0	227.0	155.0	230.0	212.0	168.0	165.0	263.0	171.0	162.0	219.0	184.0	175.0	107.0	134.0	228.0	97.0	154.0	128.0	148.0	136.0
23	20150315 19:55:39.893	532.0	782.0	144.0	106.0	154.0	110.0	132.0	115.0	214.0	120.0	110.0	145.0	170.0	156.0	117.0	165.0	134.0	176.0	176.0	213.0	177.0	140.0	163.0	107.0	146.0	150.0	115.0	161.0	240.0	156.0	146.0	131.0	196.0	188.0	185.0	233.0	178.0	104.0	125.0	158.0	179.0	149.0	147.0	119.0	98.0	188.0	113.0	97.0	215.0	145.0	103.0	111.0	151.0	138.0	140.0	137.0	221.0	181.0	156.0	121.0	148.0	193.0	138.0	150.0	158.0	127.0
24	20150319 01:52:55.936	1260.0	762.0	250.0	121.0	102.0	141.0	126.0	144.0	153.0	137.0	116.0	167.0	90.0	118.0	156.0	143.0	177.0	114.0	151.0	153.0	138.0	139.0	130.0	113.0	125.0	155.0	120.0	133.0	126.0	112.0	104.0	140.0	140.0	112.0	130.0	119.0	169.0	109.0	139.0	159.0	185.0	160.0	134.0	125.0	142.0	172.0	138.0	118.0	150.0	120.0	127.0	191.0	105.0	159.0	133.0	188.0	173.0	177.0	133.0	862.0	812.0	944.0	142.0	107.0	88.0	131.0
25	20150317 06:39:06.730	307.0	761.0	168.0	104.0	146.0	173.0	144.0	121.0	148.0	206.0	205.0	114.0	143.0	197.0	122.0	158.0	142.0	132.0	110.0	146.0	171.0	166.0	131.0	161.0	90.0	127.0	159.0	205.0	172.0	190.0	187.0	140.0	167.0	115.0	140.0	167.0	287.0	289.0	221.0	279.0	95.0	149.0	170.0	172.0	123.0	132.0	193.0	167.0	147.0	186.0	141.0	117.0	204.0	203.0	186.0	170.0	134.0	94.0	112.0	143.0	144.0	139.0	129.0	145.0	127.0	121.0
26	20150318 23:36:58.957	1222.0	759.0	151.0	119.0	118.0	194.0	120.0	174.0	121.0	155.0	151.0	126.0	92.0	155.0	130.0	133.0	125.0	159.0	155.0	158.0	89.0	155.0	117.0	156.0	151.0	106.0	127.0	134.0	129.0	87.0	122.0	166.0	190.0	120.0	160.0	184.0	104.0	146.0	117.0	120.0	127.0	149.0	133.0	155.0	143.0	140.0	130.0	113.0	144.0	113.0	97.0	117.0	162.0	146.0	98.0	166.0	122.0	532.0	142.0	152.0	174.0	129.0	215.0	113.0	94.0	113.0
27	20150318 23:36:58.957	1214.0	757.0	172.0	114.0	161.0	175.0	147.0	87.0	141.0	93.0	106.0	168.0	137.0	137.0	161.0	183.0	112.0	143.0	168.0	137.0	166.0	126.0	75.0	115.0	148.0	168.0	130.0	229.0	105.0	137.0	139.0	116.0	127.0	158.0	151.0	151.0	120.0	141.0	114.0	146.0	138.0	176.0	229.0	155.0	105.0	188.0	101.0	119.0	94.0	155.0	101.0	160.0	128.0	130.0	109.0	118.0	138.0	670.0	165.0	219.0	128.0	138.0	193.0	112.0	145.0	148.0
28	20150318 04:10:57.952	1194.0	755.0	137.0	139.0	121.0	178.0	153.0	124.0	140.0	137.0	135.0	95.0	114.0	146.0	162.0	120.0	127.0	116.0	195.0	182.0	114.0	122.0	103.0	157.0	144.0	118.0	145.0	134.0	124.0	117.0	132.0	191.0	106.0	105.0	177.0	164.0	108.0	208.0	121.0	134.0	142.0	112.0	130.0	194.0	710.0	340.0	187.0	202.0	114.0	113.0	173.0	156.0	146.0	127.0	118.0	123.0	187.0	187.0	611.0	179.0	139.0	173.0	158.0	125.0	155.0	178.0
29	20150318 23:36:58.957	1028.0	745.0	143.0	140.0	132.0	169.0	135.0	119.0	169.0	129.0	167.0	146.0	136.0	114.0	171.0	174.0	154.0	177.0	100.0	126.0	157.0	178.0	151.0	290.0	198.0	185.0	222.0	263.0	174.0	236.0	189.0	240.0	259.0	203.0	237.0	162.0	276.0	247.0	191.0	194.0	273.0	180.0	269.0	203.0	202.0	233.0	221.0	182.0	168.0	239.0	303.0	359.0	285.0	355.0	310.0	340.0	306.0	2278.0	1478.0	1293.0	1410.0	1310.0	1200.0	1448.0	997.0	876.0
30	20150318 00:47:08.396	657.0	745.0	167.0	118.0	126.0	177.0	176.0	150.0	165.0	141.0	169.0	168.0	149.0	113.0	176.0	194.0	173.0	174.0	150.0	139.0	141.0	137.0	163.0	176.0	147.0	134.0	141.0	148.0	129.0	132.0	127.0	124.0	210.0	98.0	153.0	98.0	154.0	150.0	139.0	162.0	159.0	227.0	184.0	162.0	173.0	182.0	131.0	122.0	109.0	137.0	121.0	162.0	125.0	96.0	132.0	200.0	119.0	102.0	130.0	149.0	157.0	127.0	171.0	145.0	134.0	132.0
31	20150319 07:33:03.470	1358.0	730.0	209.0	133.0	159.0	134.0	126.0	154.0	141.0	150.0	131.0	170.0	152.0	162.0	179.0	181.0	106.0	122.0	130.0	136.0	137.0	122.0	145.0	136.0	145.0	182.0	170.0	179.0	116.0	164.0	171.0	157.0	161.0	115.0	121.0	156.0	174.0	146.0	129.0	115.0	144.0	146.0	165.0	148.0	169.0	186.0	125.0	131.0	125.0	119.0	122.0	173.0	174.0	146.0	136.0	128.0	124.0	222.0	193.0	304.0	300.0	356.0	271.0	240.0	1342.0	1056.0
32	20150319 07:33:03.470	1353.0	716.0	159.0	120.0	90.0	132.0	133.0	175.0	154.0	156.0	155.0	191.0	124.0	222.0	160.0	170.0	144.0	133.0	166.0	122.0	142.0	166.0	185.0	238.0	183.0	157.0	172.0	148.0	232.0	145.0	132.0	127.0	109.0	146.0	119.0	176.0	202.0	147.0	116.0	161.0	184.0	179.0	185.0	178.0	195.0	112.0	163.0	139.0	93.0	131.0	127.0	232.0	151.0	173.0	170.0	127.0	196.0	162.0	153.0	350.0	342.0	317.0	302.0	225.0	1175.0	931.0
33	20150317 11:11:18.378	1231.0	710.0	150.0	103.0	179.0	158.0	98.0	129.0	125.0	123.0	128.0	142.0	109.0	161.0	142.0	130.0	157.0	162.0	133.0	118.0	162.0	175.0	134.0	131.0	111.0	149.0	84.0	114.0	95.0	149.0	139.0	165.0	121.0	107.0	139.0	138.0	189.0	108.0	106.0	150.0	141.0	163.0	206.0	141.0	137.0	163.0	94.0	115.0	108.0	193.0	143.0	160.0	175.0	98.0	134.0	132.0	148.0	181.0	167.0	146.0	159.0	168.0	147.0	125.0	153.0	135.0
34	20150317 12:19:20.479	937.0	710.0	155.0	136.0	153.0	124.0	117.0	155.0	110.0	133.0	130.0	138.0	138.0	129.0	142.0	121.0	131.0	159.0	187.0	132.0	188.0	152.0	153.0	129.0	158.0	124.0	143.0	108.0	138.0	147.0	167.0	214.0	152.0	118.0	137.0	170.0	103.0	193.0	109.0	186.0	114.0	137.0	171.0	154.0	97.0	116.0	126.0	161.0	116.0	132.0	128.0	113.0	127.0	157.0	135.0	164.0	112.0	161.0	138.0	153.0	158.0	164.0	136.0	133.0	172.0	182.0
35	20150318 23:36:58.957	1239.0	694.0	156.0	111.0	168.0	175.0	123.0	113.0	142.0	112.0	119.0	150.0	147.0	139.0	169.0	174.0	137.0	98.0	170.0	148.0	152.0	131.0	167.0	124.0	161.0	142.0	147.0	88.0	128.0	148.0	150.0	210.0	134.0	76.0	154.0	127.0	138.0	119.0	137.0	133.0	119.0	151.0	158.0	135.0	150.0	131.0	171.0	116.0	144.0	136.0	137.0	114.0	157.0	174.0	128.0	133.0	113.0	689.0	140.0	174.0	204.0	149.0	154.0	165.0	130.0	137.0
36	20150319 01:52:55.936	1250.0	689.0	160.0	129.0	158.0	130.0	140.0	133.0	129.0	133.0	96.0	98.0	161.0	127.0	184.0	128.0	132.0	137.0	116.0	159.0	115.0	177.0	181.0	139.0	108.0	100.0	117.0	103.0	129.0	119.0	154.0	144.0	180.0	143.0	167.0	107.0	178.0	239.0	195.0	135.0	127.0	134.0	113.0	145.0	119.0	162.0	136.0	110.0	113.0	128.0	126.0	122.0	133.0	126.0	108.0	94.0	108.0	195.0	192.0	548.0	552.0	566.0	94.0	136.0	120.0	154.0
37	20150319 00:44:56.674	1230.0	682.0	180.0	107.0	174.0	227.0	164.0	143.0	151.0	124.0	104.0	161.0	198.0	103.0	109.0	162.0	107.0	141.0	136.0	162.0	134.0	104.0	157.0	141.0	124.0	122.0	163.0	128.0	120.0	126.0	93.0	113.0	157.0	142.0	129.0	100.0	110.0	127.0	98.0	141.0	129.0	60.0	219.0	122.0	114.0	90.0	142.0	108.0	105.0	141.0	101.0	131.0	161.0	74.0	125.0	119.0	158.0	152.0	679.0	159.0	177.0	169.0	142.0	158.0	109.0	200.0
38	20150319 00:44:56.674	1271.0	674.0	197.0	141.0	151.0	154.0	122.0	128.0	140.0	134.0	189.0	109.0	148.0	165.0	141.0	136.0	167.0	169.0	163.0	134.0	117.0	136.0	151.0	159.0	210.0	145.0	179.0	88.0	143.0	99.0	130.0	182.0	193.0	109.0	166.0	179.0	188.0	196.0	188.0	254.0	149.0	123.0	134.0	122.0	158.0	102.0	172.0	173.0	191.0	148.0	133.0	210.0	102.0	172.0	133.0	198.0	152.0	210.0	1159.0	273.0	283.0	291.0	127.0	142.0	156.0	149.0
39	20150318 23:36:58.957	1288.0	665.0	152.0	96.0	135.0	184.0	153.0	86.0	118.0	116.0	122.0	136.0	140.0	106.0	105.0	142.0	120.0	144.0	152.0	146.0	135.0	156.0	143.0	128.0	157.0	118.0	128.0	126.0	157.0	109.0	181.0	111.0	142.0	181.0	196.0	228.0	197.0	151.0	169.0	145.0	134.0	148.0	137.0	136.0	168.0	123.0	178.0	142.0	166.0	164.0	153.0	228.0	198.0	154.0	168.0	173.0	195.0	1270.0	232.0	256.0	248.0	208.0	148.0	205.0	117.0	220.0
40	20150315 15:23:13.790	499.0	666.0	135.0	98.0	184.0	129.0	139.0	120.0	134.0	110.0	106.0	196.0	220.0	163.0	173.0	171.0	185.0	142.0	157.0	178.0	155.0	171.0	135.0	101.0	124.0	130.0	165.0	177.0	145.0	146.0	109.0	155.0	147.0	91.0	206.0	182.0	162.0	126.0	94.0	121.0	180.0	219.0	124.0	131.0	209.0	181.0	134.0	148.0	162.0	106.0	144.0	138.0	136.0	110.0	139.0	150.0	123.0	165.0	116.0	89.0	184.0	118.0	153.0	109.0	141.0	78.0
41	20150317 22:31:10.557	377.0	659.0	177.0	158.0	177.0	159.0	124.0	153.0	118.0	122.0	141.0	159.0	110.0	143.0	102.0	123.0	121.0	122.0	159.0	120.0	125.0	165.0	144.0	149.0	143.0	183.0	143.0	160.0	122.0	163.0	115.0	170.0	138.0	111.0	179.0	127.0	94.0	132.0	123.0	170.0	200.0	182.0	191.0	135.0	132.0	189.0	181.0	116.0	128.0	150.0	103.0	117.0	116.0	127.0	127.0	177.0	148.0	128.0	162.0	144.0	167.0	152.0	184.0	188.0	216.0	137.0
42	20150318 07:35:02.109	995.0	657.0	225.0	93.0	146.0	131.0	98.0	151.0	194.0	116.0	124.0	105.0	169.0	124.0	105.0	211.0	134.0	115.0	104.0	106.0	134.0	116.0	138.0	129.0	134.0	113.0	140.0	137.0	121.0	147.0	128.0	150.0	142.0	129.0	167.0	137.0	126.0	151.0	208.0	157.0	120.0	159.0	171.0	148.0	142.0	149.0	317.0	390.0	342.0	305.0	302.0	355.0	384.0	343.0	336.0	412.0	355.0	545.0	123.0	120.0	154.0	134.0	117.0	97.0	123.0	122.0
43	20150319 03:00:55.723	1361.0	647.0	145.0	140.0	121.0	170.0	169.0	152.0	155.0	133.0	121.0	160.0	173.0	135.0	105.0	146.0	154.0	163.0	127.0	138.0	155.0	190.0	136.0	152.0	144.0	195.0	124.0	84.0	121.0	132.0	152.0	220.0	218.0	132.0	173.0	148.0	178.0	171.0	200.0	199.0	154.0	175.0	223.0	206.0	137.0	217.0	159.0	192.0	158.0	148.0	170.0	124.0	165.0	134.0	152.0	224.0	129.0	136.0	154.0	273.0	376.0	535.0	384.0	396.0	460.0	384.0
44	20150316 23:51:25.363	182.0	645.0	138.0	122.0	204.0	188.0	183.0	183.0	146.0	151.0	116.0	190.0	155.0	122.0	149.0	148.0	136.0	133.0	114.0	161.0	145.0	200.0	173.0	235.0	146.0	167.0	160.0	132.0	95.0	133.0	159.0	175.0	205.0	115.0	157.0	184.0	114.0	157.0	110.0	205.0	198.0	153.0	210.0	171.0	165.0	147.0	191.0	175.0	160.0	157.0	179.0	142.0	194.0	141.0	182.0	190.0	174.0	191.0	166.0	130.0	228.0	149.0	170.0	235.0	200.0	139.0
45	20150319 01:52:55.936	1258.0	640.0	155.0	151.0	124.0	158.0	143.0	123.0	139.0	101.0	122.0	141.0	102.0	133.0	74.0	166.0	137.0	134.0	193.0	123.0	143.0	168.0	130.0	181.0	155.0	143.0	157.0	165.0	139.0	155.0	155.0	191.0	153.0	185.0	196.0	178.0	131.0	129.0	149.0	194.0	217.0	124.0	104.0	162.0	131.0	164.0	158.0	183.0	110.0	155.0	142.0	112.0	134.0	167.0	171.0	175.0	132.0	109.0	118.0	722.0	627.0	656.0	137.0	143.0	130.0	118.0
46	20150316 01:35:59.17	630.0	634.0	248.0	124.0	147.0	149.0	172.0	163.0	156.0	104.0	171.0	147.0	150.0	179.0	157.0	144.0	153.0	170.0	164.0	154.0	194.0	171.0	177.0	138.0	125.0	135.0	151.0	182.0	183.0	135.0	210.0	161.0	191.0	128.0	154.0	122.0	222.0	115.0	135.0	227.0	184.0	192.0	183.0	120.0	124.0	163.0	139.0	139.0	176.0	172.0	114.0	128.0	147.0	157.0	143.0	158.0	215.0	222.0	132.0	251.0	168.0	218.0	203.0	179.0	202.0	234.0
47	20150319 07:33:03.470	1038.0	625.0	206.0	89.0	149.0	152.0	137.0	129.0	184.0	144.0	119.0	147.0	122.0	152.0	164.0	181.0	92.0	114.0	136.0	166.0	197.0	162.0	229.0	183.0	201.0	164.0	187.0	166.0	222.0	197.0	245.0	167.0	191.0	182.0	174.0	218.0	203.0	298.0	250.0	211.0	204.0	207.0	258.0	303.0	194.0	236.0	190.0	247.0	260.0	250.0	272.0	238.0	257.0	331.0	335.0	341.0	338.0	389.0	400.0	413.0	368.0	418.0	576.0	462.0	709.0	1155.0
48	20150316 00:27:57.801	1203.0	624.0	147.0	133.0	178.0	111.0	153.0	86.0	146.0	141.0	135.0	128.0	166.0	138.0	113.0	140.0	142.0	126.0	162.0	173.0	136.0	174.0	153.0	107.0	133.0	103.0	194.0	119.0	103.0	146.0	160.0	143.0	164.0	109.0	161.0	164.0	112.0	135.0	172.0	156.0	155.0	150.0	160.0	114.0	133.0	141.0	212.0	119.0	162.0	152.0	126.0	226.0	139.0	119.0	135.0	164.0	180.0	155.0	141.0	143.0	115.0	129.0	158.0	155.0	143.0	155.0
49	20150318 23:36:58.957	508.0	620.0	195.0	151.0	154.0	177.0	142.0	116.0	166.0	156.0	184.0	171.0	156.0	164.0	136.0	131.0	205.0	145.0	119.0	122.0	189.0	193.0	111.0	171.0	123.0	186.0	148.0	148.0	128.0	101.0	172.0	145.0	184.0	199.0	156.0	167.0	354.0	307.0	269.0	288.0	334.0	255.0	236.0	203.0	268.0	258.0	232.0	216.0	177.0	189.0	255.0	223.0	284.0	254.0	272.0	346.0	242.0	921.0	988.0	1235.0	1102.0	1274.0	1087.0	1005.0	1162.0	1132.0
50	20150319 04:08:59.552	956.0	618.0	174.0	126.0	172.0	121.0	175.0	154.0	230.0	224.0	122.0	149.0	165.0	147.0	140.0	209.0	122.0	177.0	124.0	99.0	162.0	199.0	136.0	187.0	154.0	152.0	178.0	140.0	128.0	175.0	142.0	142.0	149.0	137.0	135.0	138.0	185.0	122.0	126.0	126.0	186.0	187.0	213.0	194.0	232.0	258.0	193.0	197.0	241.0	227.0	254.0	250.0	235.0	214.0	164.0	213.0	309.0	333.0	438.0	480.0	624.0	990.0	968.0	1243.0	812.0	679.0
51	20150318 23:36:58.957	424.0	620.0	146.0	134.0	184.0	178.0	176.0	150.0	163.0	143.0	155.0	143.0	105.0	142.0	192.0	144.0	160.0	126.0	186.0	85.0	168.0	118.0	115.0	166.0	131.0	156.0	176.0	184.0	116.0	113.0	140.0	219.0	147.0	130.0	121.0	116.0	117.0	171.0	101.0	196.0	97.0	229.0	134.0	103.0	124.0	95.0	137.0	147.0	137.0	175.0	152.0	165.0	160.0	189.0	155.0	134.0	135.0	450.0	419.0	353.0	363.0	370.0	357.0	361.0	472.0	434.0
52	20150318 23:36:58.957	1173.0	618.0	167.0	136.0	107.0	121.0	110.0	131.0	176.0	169.0	159.0	156.0	115.0	158.0	106.0	166.0	136.0	135.0	145.0	100.0	141.0	154.0	159.0	91.0	103.0	180.0	151.0	90.0	88.0	159.0	115.0	176.0	179.0	176.0	117.0	162.0	140.0	121.0	177.0	144.0	144.0	138.0	178.0	159.0	131.0	145.0	181.0	138.0	148.0	152.0	161.0	135.0	140.0	137.0	100.0	189.0	153.0	362.0	370.0	206.0	175.0	130.0	172.0	166.0	148.0	140.0
53	20150319 01:52:55.936	1363.0	607.0	199.0	112.0	149.0	221.0	153.0	147.0	166.0	121.0	117.0	208.0	179.0	175.0	112.0	188.0	110.0	151.0	171.0	186.0	196.0	177.0	157.0	215.0	186.0	195.0	146.0	214.0	168.0	209.0	158.0	147.0	152.0	211.0	198.0	151.0	147.0	158.0	124.0	169.0	156.0	157.0	171.0	236.0	234.0	162.0	143.0	130.0	193.0	167.0	162.0	165.0	170.0	167.0	130.0	163.0	210.0	88.0	174.0	1277.0	985.0	1069.0	170.0	145.0	187.0	133.0
54	20150318 16:49:18.626	753.0	604.0	181.0	104.0	125.0	185.0	164.0	95.0	151.0	104.0	150.0	165.0	246.0	132.0	194.0	132.0	147.0	168.0	150.0	161.0	130.0	148.0	162.0	166.0	165.0	159.0	140.0	187.0	141.0	139.0	133.0	175.0	175.0	148.0	181.0	162.0	209.0	181.0	154.0	199.0	146.0	215.0	161.0	253.0	227.0	195.0	113.0	219.0	242.0	234.0	194.0	272.0	192.0	183.0	226.0	295.0	173.0	256.0	280.0	275.0	358.0	341.0	395.0	343.0	427.0	459.0
55	20150318 23:36:58.957	937.0	596.0	246.0	107.0	136.0	250.0	143.0	127.0	134.0	121.0	141.0	193.0	150.0	140.0	140.0	130.0	140.0	163.0	96.0	184.0	151.0	138.0	139.0	86.0	158.0	141.0	136.0	135.0	157.0	131.0	114.0	150.0	131.0	162.0	135.0	149.0	124.0	206.0	98.0	155.0	170.0	130.0	112.0	150.0	155.0	162.0	136.0	104.0	138.0	131.0	172.0	136.0	139.0	122.0	125.0	175.0	126.0	459.0	172.0	145.0	171.0	112.0	125.0	106.0	114.0	139.0
56	20150317 23:39:11.647	782.0	591.0	174.0	147.0	134.0	133.0	113.0	133.0	208.0	140.0	121.0	129.0	126.0	143.0	148.0	189.0	194.0	155.0	169.0	168.0	126.0	120.0	197.0	143.0	137.0	102.0	161.0	144.0	190.0	176.0	132.0	162.0	172.0	148.0	176.0	85.0	139.0	132.0	115.0	146.0	187.0	196.0	158.0	176.0	224.0	152.0	116.0	183.0	187.0	167.0	192.0	144.0	170.0	133.0	141.0	175.0	118.0	138.0	120.0	133.0	138.0	114.0	107.0	136.0	157.0	218.0
57	20150319 00:44:56.674	467.0	585.0	130.0	136.0	154.0	138.0	89.0	105.0	173.0	144.0	152.0	153.0	197.0	88.0	125.0	131.0	151.0	143.0	109.0	119.0	119.0	126.0	188.0	180.0	166.0	181.0	158.0	160.0	134.0	134.0	187.0	159.0	150.0	130.0	145.0	207.0	180.0	174.0	199.0	235.0	144.0	176.0	192.0	196.0	163.0	146.0	216.0	188.0	145.0	192.0	128.0	148.0	138.0	148.0	172.0	196.0	177.0	188.0	3056.0	83.0	111.0	215.0	122.0	108.0	103.0	154.0
59	20150318 12:06:58.79	714.0	559.0	147.0	135.0	172.0	136.0	153.0	169.0	176.0	154.0	128.0	151.0	170.0	142.0	184.0	142.0	130.0	182.0	145.0	142.0	140.0	133.0	165.0	134.0	124.0	148.0	121.0	183.0	281.0	216.0	231.0	279.0	251.0	177.0	213.0	237.0	245.0	304.0	325.0	301.0	356.0	447.0	477.0	527.0	458.0	467.0	467.0	515.0	524.0	537.0	761.0	1605.0	1756.0	1715.0	1408.0	1467.0	1263.0	1116.0	1100.0	930.0	872.0	974.0	1010.0	736.0	884.0	876.0
60	20150317 19:07:03.95	432.0	541.0	173.0	153.0	159.0	145.0	153.0	139.0	173.0	168.0	159.0	123.0	129.0	172.0	213.0	151.0	129.0	95.0	119.0	160.0	238.0	196.0	111.0	114.0	135.0	174.0	190.0	125.0	138.0	155.0	178.0	196.0	159.0	145.0	183.0	200.0	336.0	263.0	258.0	227.0	192.0	235.0	185.0	229.0	213.0	203.0	181.0	218.0	287.0	187.0	211.0	177.0	232.0	218.0	193.0	283.0	199.0	404.0	402.0	326.0	328.0	423.0	396.0	365.0	515.0	493.0
61	20150318 16:49:18.626	1322.0	519.0	183.0	135.0	147.0	150.0	128.0	158.0	190.0	127.0	182.0	84.0	138.0	169.0	124.0	180.0	139.0	152.0	177.0	143.0	167.0	202.0	129.0	140.0	128.0	151.0	137.0	136.0	166.0	111.0	163.0	180.0	204.0	182.0	156.0	172.0	211.0	209.0	181.0	230.0	132.0	258.0	217.0	238.0	307.0	423.0	286.0	351.0	315.0	322.0	346.0	305.0	364.0	472.0	679.0	1477.0	1492.0	964.0	912.0	1074.0	860.0	848.0	771.0	439.0	674.0	623.0
62	20150318 05:19:02.830	1297.0	520.0	170.0	121.0	129.0	125.0	123.0	154.0	187.0	125.0	147.0	199.0	89.0	107.0	129.0	191.0	130.0	111.0	166.0	128.0	154.0	132.0	127.0	183.0	161.0	157.0	111.0	171.0	142.0	170.0	131.0	181.0	115.0	151.0	202.0	131.0	115.0	170.0	175.0	162.0	143.0	144.0	154.0	142.0	177.0	731.0	332.0	300.0	314.0	267.0	278.0	309.0	305.0	316.0	318.0	386.0	378.0	123.0	119.0	156.0	166.0	157.0	125.0	116.0	152.0	142.0
63	20150316 02:44:01.60	352.0	520.0	180.0	134.0	166.0	134.0	109.0	147.0	162.0	153.0	165.0	179.0	148.0	105.0	166.0	145.0	141.0	149.0	158.0	178.0	218.0	210.0	162.0	132.0	146.0	122.0	114.0	193.0	131.0	141.0	92.0	143.0	150.0	178.0	182.0	165.0	188.0	148.0	163.0	203.0	145.0	135.0	152.0	135.0	154.0	139.0	128.0	208.0	130.0	108.0	112.0	187.0	130.0	174.0	161.0	142.0	152.0	187.0	160.0	157.0	137.0	119.0	143.0	143.0	149.0	140.0
64	20150319 01:52:55.936	516.0	506.0	217.0	145.0	111.0	143.0	199.0	182.0	210.0	103.0	137.0	198.0	168.0	109.0	154.0	172.0	136.0	145.0	203.0	141.0	185.0	258.0	184.0	176.0	193.0	227.0	199.0	274.0	170.0	229.0	212.0	252.0	258.0	248.0	279.0	279.0	258.0	276.0	160.0	225.0	197.0	314.0	245.0	285.0	327.0	349.0	340.0	423.0	436.0	494.0	405.0	466.0	425.0	492.0	443.0	459.0	445.0	870.0	999.0	1469.0	1737.0	2145.0	1996.0	2192.0	2008.0	1707.0
65	20150315 19:55:39.893	541.0	492.0	146.0	145.0	108.0	198.0	146.0	92.0	184.0	141.0	128.0	192.0	124.0	151.0	166.0	98.0	180.0	149.0	134.0	123.0	132.0	114.0	138.0	207.0	125.0	164.0	123.0	173.0	102.0	129.0	182.0	160.0	186.0	165.0	143.0	152.0	244.0	187.0	135.0	137.0	107.0	120.0	209.0	181.0	125.0	164.0	194.0	140.0	122.0	77.0	85.0	182.0	141.0	189.0	132.0	128.0	122.0	202.0	219.0	92.0	160.0	180.0	130.0	172.0	190.0	176.0
66	20150315 19:55:39.893	421.0	489.0	152.0	115.0	176.0	157.0	151.0	94.0	196.0	161.0	140.0	180.0	155.0	136.0	157.0	135.0	118.0	159.0	194.0	151.0	123.0	147.0	187.0	254.0	183.0	154.0	154.0	88.0	121.0	109.0	175.0	196.0	149.0	134.0	165.0	169.0	89.0	157.0	140.0	180.0	175.0	133.0	178.0	158.0	133.0	148.0	174.0	93.0	188.0	139.0	136.0	118.0	152.0	115.0	168.0	126.0	138.0	118.0	182.0	102.0	140.0	142.0	110.0	122.0	164.0	187.0
67	20150319 00:44:56.674	232.0	482.0	182.0	133.0	143.0	165.0	158.0	180.0	118.0	121.0	128.0	146.0	175.0	182.0	160.0	128.0	199.0	186.0	215.0	132.0	144.0	191.0	211.0	145.0	126.0	225.0	187.0	242.0	153.0	171.0	127.0	189.0	176.0	231.0	176.0	229.0	157.0	256.0	193.0	192.0	172.0	184.0	183.0	132.0	250.0	137.0	157.0	134.0	195.0	159.0	184.0	158.0	148.0	111.0	184.0	183.0	158.0	176.0	1534.0	1789.0	1688.0	1810.0	1591.0	1392.0	1665.0	1582.0
68	20150319 01:52:55.936	1330.0	481.0	176.0	120.0	137.0	217.0	143.0	138.0	188.0	115.0	121.0	179.0	117.0	163.0	145.0	178.0	125.0	126.0	149.0	183.0	164.0	155.0	159.0	163.0	116.0	167.0	157.0	278.0	124.0	168.0	163.0	168.0	166.0	157.0	145.0	168.0	181.0	162.0	111.0	152.0	149.0	189.0	144.0	199.0	216.0	181.0	148.0	219.0	249.0	183.0	138.0	177.0	136.0	142.0	152.0	159.0	201.0	217.0	199.0	391.0	410.0	468.0	349.0	307.0	299.0	327.0
69	20150319 04:08:59.552	1289.0	479.0	185.0	128.0	146.0	161.0	137.0	176.0	110.0	140.0	144.0	162.0	121.0	173.0	171.0	197.0	123.0	153.0	128.0	167.0	176.0	147.0	138.0	160.0	126.0	160.0	176.0	246.0	124.0	169.0	152.0	137.0	161.0	162.0	216.0	255.0	178.0	140.0	197.0	169.0	150.0	169.0	246.0	231.0	218.0	172.0	171.0	142.0	172.0	160.0	188.0	171.0	236.0	224.0	322.0	243.0	294.0	366.0	402.0	803.0	965.0	1316.0	1011.0	1023.0	1912.0	2204.0
70	20150319 04:08:59.552	425.0	478.0	201.0	164.0	138.0	156.0	144.0	148.0	123.0	209.0	137.0	161.0	169.0	144.0	181.0	149.0	156.0	178.0	161.0	174.0	137.0	163.0	161.0	197.0	157.0	156.0	164.0	132.0	181.0	106.0	116.0	174.0	141.0	156.0	186.0	133.0	160.0	178.0	130.0	156.0	175.0	107.0	138.0	155.0	195.0	204.0	171.0	165.0	114.0	129.0	153.0	130.0	100.0	138.0	93.0	163.0	147.0	150.0	160.0	78.0	146.0	193.0	116.0	109.0	131.0	220.0
71	20150317 00:59:22.720	441.0	465.0	124.0	126.0	158.0	192.0	168.0	137.0	181.0	172.0	126.0	148.0	137.0	151.0	150.0	133.0	100.0	114.0	106.0	107.0	173.0	87.0	191.0	151.0	158.0	142.0	162.0	156.0	157.0	141.0	128.0	145.0	158.0	135.0	147.0	186.0	144.0	157.0	205.0	200.0	129.0	122.0	94.0	150.0	162.0	139.0	133.0	139.0	181.0	127.0	112.0	148.0	194.0	146.0	151.0	132.0	153.0	124.0	109.0	131.0	83.0	114.0	178.0	153.0	92.0	160.0
72	20150317 00:59:22.720	565.0	452.0	161.0	127.0	146.0	179.0	178.0	126.0	149.0	152.0	128.0	212.0	136.0	142.0	151.0	181.0	90.0	89.0	101.0	110.0	136.0	132.0	156.0	150.0	135.0	158.0	101.0	175.0	157.0	216.0	93.0	123.0	165.0	126.0	134.0	139.0	154.0	105.0	120.0	147.0	185.0	140.0	182.0	190.0	150.0	136.0	93.0	122.0	134.0	104.0	175.0	148.0	122.0	122.0	124.0	172.0	128.0	152.0	134.0	167.0	138.0	200.0	196.0	103.0	175.0	166.0
73	20150316 03:52:04.465	572.0	447.0	202.0	154.0	137.0	138.0	123.0	163.0	132.0	165.0	123.0	141.0	126.0	156.0	111.0	181.0	137.0	155.0	138.0	136.0	156.0	122.0	174.0	144.0	128.0	129.0	114.0	143.0	154.0	134.0	178.0	147.0	243.0	119.0	117.0	130.0	138.0	91.0	148.0	190.0	157.0	117.0	177.0	154.0	151.0	187.0	150.0	112.0	118.0	151.0	155.0	131.0	124.0	100.0	160.0	106.0	208.0	126.0	144.0	176.0	208.0	103.0	201.0	118.0	145.0	130.0
74	20150318 12:06:58.79	1374.0	444.0	176.0	147.0	149.0	138.0	145.0	167.0	134.0	173.0	104.0	121.0	206.0	156.0	159.0	202.0	0.0	0.0	0.0	0.0	0.0	189.0	158.0	145.0	151.0	158.0	185.0	197.0	193.0	142.0	187.0	194.0	180.0	157.0	188.0	140.0	181.0	198.0	176.0	162.0	226.0	140.0	219.0	185.0	1063.0	873.0	1233.0	1229.0	1046.0	1154.0	1341.0	1818.0	2416.0	3075.0	3306.0	3038.0	2310.0	2456.0	1912.0	2219.0	1951.0	2045.0	1495.0	1474.0	1543.0	1535.0
75	20150318 23:36:58.957	1291.0	440.0	188.0	140.0	155.0	161.0	164.0	111.0	118.0	192.0	115.0	162.0	192.0	127.0	138.0	135.0	95.0	150.0	109.0	134.0	193.0	157.0	163.0	185.0	126.0	158.0	158.0	122.0	75.0	136.0	122.0	171.0	137.0	119.0	132.0	144.0	207.0	156.0	148.0	152.0	194.0	182.0	220.0	194.0	196.0	174.0	169.0	183.0	159.0	149.0	151.0	179.0	194.0	143.0	128.0	205.0	205.0	380.0	141.0	278.0	214.0	249.0	161.0	204.0	172.0	222.0
76	20150316 03:52:04.465	682.0	437.0	138.0	137.0	202.0	169.0	225.0	151.0	166.0	228.0	142.0	129.0	208.0	105.0	162.0	216.0	190.0	144.0	147.0	206.0	181.0	168.0	137.0	160.0	123.0	174.0	150.0	158.0	148.0	214.0	161.0	251.0	171.0	221.0	212.0	206.0	174.0	175.0	139.0	167.0	117.0	149.0	161.0	157.0	120.0	189.0	178.0	147.0	156.0	142.0	139.0	187.0	166.0	178.0	205.0	168.0	176.0	159.0	175.0	211.0	226.0	146.0	238.0	161.0	163.0	173.0
77	20150319 00:44:56.674	1251.0	436.0	151.0	151.0	148.0	123.0	112.0	177.0	118.0	161.0	128.0	124.0	102.0	145.0	81.0	180.0	181.0	126.0	158.0	140.0	154.0	207.0	95.0	129.0	156.0	95.0	121.0	138.0	151.0	112.0	149.0	125.0	148.0	134.0	154.0	139.0	151.0	87.0	128.0	120.0	197.0	136.0	158.0	154.0	152.0	113.0	159.0	140.0	187.0	121.0	83.0	134.0	126.0	138.0	153.0	233.0	119.0	138.0	338.0	456.0	493.0	428.0	124.0	210.0	99.0	174.0
78	20150319 00:44:56.674	774.0	431.0	125.0	184.0	109.0	185.0	120.0	110.0	150.0	178.0	146.0	156.0	139.0	144.0	107.0	169.0	135.0	102.0	128.0	113.0	157.0	142.0	138.0	169.0	159.0	182.0	160.0	170.0	111.0	127.0	113.0	155.0	118.0	148.0	181.0	173.0	134.0	110.0	133.0	173.0	150.0	188.0	145.0	210.0	164.0	145.0	144.0	134.0	126.0	170.0	161.0	165.0	173.0	165.0	210.0	150.0	157.0	137.0	1245.0	122.0	152.0	158.0	164.0	143.0	148.0	177.0
79	20150319 04:08:59.552	561.0	427.0	145.0	152.0	137.0	185.0	165.0	148.0	159.0	122.0	194.0	139.0	171.0	166.0	116.0	165.0	102.0	127.0	133.0	139.0	125.0	118.0	220.0	154.0	164.0	163.0	179.0	154.0	137.0	139.0	126.0	148.0	154.0	117.0	164.0	123.0	126.0	153.0	177.0	200.0	225.0	205.0	191.0	144.0	144.0	194.0	132.0	104.0	133.0	126.0	149.0	194.0	112.0	140.0	112.0	167.0	177.0	442.0	419.0	491.0	486.0	609.0	610.0	512.0	683.0	905.0
80	20150319 04:08:59.552	552.0	423.0	171.0	118.0	136.0	150.0	179.0	153.0	113.0	137.0	148.0	146.0	142.0	157.0	151.0	103.0	131.0	147.0	179.0	153.0	205.0	112.0	129.0	137.0	125.0	115.0	150.0	129.0	185.0	106.0	156.0	175.0	113.0	231.0	156.0	174.0	178.0	116.0	99.0	170.0	112.0	169.0	177.0	166.0	194.0	98.0	118.0	125.0	122.0	178.0	142.0	169.0	100.0	136.0	148.0	144.0	164.0	476.0	400.0	516.0	416.0	572.0	566.0	498.0	669.0	974.0
81	20150319 01:52:55.936	802.0	415.0	207.0	171.0	145.0	117.0	128.0	133.0	154.0	133.0	139.0	166.0	121.0	119.0	169.0	168.0	145.0	148.0	130.0	111.0	182.0	147.0	146.0	123.0	135.0	96.0	162.0	154.0	89.0	117.0	126.0	117.0	118.0	168.0	147.0	143.0	193.0	200.0	120.0	123.0	131.0	187.0	186.0	196.0	172.0	115.0	104.0	107.0	119.0	129.0	171.0	111.0	182.0	167.0	146.0	172.0	152.0	172.0	133.0	1307.0	1231.0	1394.0	1301.0	1037.0	1324.0	1218.0
82	20150315 22:11:46.936	358.0	414.0	103.0	151.0	205.0	154.0	194.0	127.0	92.0	138.0	218.0	175.0	162.0	162.0	214.0	125.0	153.0	105.0	134.0	126.0	170.0	151.0	165.0	252.0	137.0	170.0	141.0	158.0	170.0	237.0	183.0	161.0	262.0	147.0	127.0	211.0	161.0	182.0	119.0	179.0	164.0	155.0	151.0	167.0	165.0	95.0	126.0	139.0	169.0	140.0	112.0	198.0	187.0	138.0	128.0	183.0	214.0	186.0	171.0	190.0	147.0	198.0	219.0	244.0	205.0	198.0
83	20150318 23:36:58.957	1335.0	403.0	199.0	160.0	175.0	165.0	106.0	173.0	151.0	130.0	164.0	196.0	146.0	146.0	127.0	200.0	95.0	142.0	151.0	115.0	184.0	159.0	163.0	196.0	190.0	135.0	184.0	198.0	186.0	224.0	189.0	210.0	255.0	249.0	260.0	202.0	185.0	275.0	226.0	233.0	246.0	247.0	290.0	387.0	394.0	403.0	420.0	442.0	407.0	490.0	483.0	436.0	535.0	778.0	904.0	962.0	1144.0	1887.0	1671.0	2403.0	2228.0	2182.0	1377.0	1428.0	1278.0	1128.0
84	20150318 17:57:16.940	644.0	394.0	235.0	144.0	145.0	137.0	151.0	147.0	168.0	212.0	98.0	167.0	120.0	145.0	188.0	153.0	149.0	138.0	101.0	180.0	154.0	136.0	161.0	146.0	128.0	134.0	177.0	194.0	131.0	134.0	145.0	217.0	166.0	186.0	187.0	137.0	143.0	216.0	151.0	129.0	167.0	185.0	168.0	205.0	141.0	167.0	168.0	166.0	148.0	175.0	163.0	143.0	176.0	155.0	151.0	143.0	256.0	285.0	252.0	344.0	298.0	214.0	238.0	252.0	264.0	248.0
85	20150318 06:27:02.288	1170.0	389.0	173.0	177.0	159.0	162.0	120.0	144.0	184.0	114.0	164.0	180.0	124.0	143.0	146.0	125.0	154.0	129.0	125.0	145.0	160.0	121.0	159.0	165.0	136.0	95.0	151.0	140.0	128.0	117.0	120.0	221.0	166.0	161.0	164.0	111.0	155.0	114.0	167.0	169.0	199.0	209.0	211.0	131.0	204.0	109.0	300.0	296.0	278.0	246.0	287.0	250.0	304.0	277.0	341.0	401.0	441.0	158.0	107.0	154.0	157.0	141.0	122.0	137.0	145.0	148.0
86	20150318 04:10:57.952	563.0	388.0	161.0	130.0	183.0	157.0	203.0	157.0	151.0	137.0	186.0	138.0	163.0	161.0	123.0	147.0	116.0	137.0	140.0	155.0	219.0	171.0	167.0	194.0	178.0	143.0	193.0	144.0	164.0	180.0	193.0	155.0	193.0	220.0	147.0	148.0	166.0	161.0	154.0	85.0	143.0	98.0	156.0	144.0	205.0	127.0	136.0	156.0	191.0	153.0	198.0	148.0	99.0	159.0	163.0	133.0	168.0	131.0	186.0	129.0	154.0	148.0	226.0	156.0	229.0	156.0
87	20150315 19:55:39.893	902.0	382.0	110.0	137.0	204.0	149.0	84.0	143.0	172.0	114.0	162.0	209.0	178.0	120.0	164.0	146.0	130.0	100.0	128.0	143.0	180.0	110.0	203.0	107.0	139.0	123.0	220.0	130.0	136.0	152.0	123.0	199.0	129.0	167.0	143.0	123.0	186.0	123.0	115.0	124.0	123.0	214.0	198.0	123.0	137.0	170.0	189.0	82.0	140.0	119.0	99.0	104.0	165.0	114.0	121.0	140.0	132.0	141.0	107.0	155.0	173.0	175.0	129.0	199.0	177.0	109.0
88	20150316 07:16:02.463	753.0	372.0	119.0	113.0	186.0	118.0	136.0	100.0	178.0	149.0	174.0	148.0	121.0	128.0	119.0	180.0	96.0	181.0	204.0	175.0	164.0	171.0	149.0	201.0	152.0	184.0	165.0	155.0	155.0	145.0	151.0	127.0	129.0	158.0	160.0	128.0	121.0	149.0	138.0	193.0	164.0	197.0	189.0	132.0	132.0	134.0	123.0	153.0	133.0	131.0	193.0	110.0	150.0	132.0	124.0	110.0	149.0	100.0	121.0	137.0	160.0	175.0	137.0	130.0	146.0	133.0
89	20150318 23:36:58.957	320.0	368.0	163.0	138.0	165.0	189.0	156.0	124.0	137.0	122.0	160.0	168.0	212.0	162.0	208.0	194.0	146.0	153.0	153.0	131.0	180.0	189.0	155.0	219.0	149.0	185.0	198.0	222.0	166.0	224.0	183.0	187.0	226.0	194.0	184.0	153.0	178.0	197.0	196.0	191.0	221.0	186.0	315.0	214.0	200.0	131.0	136.0	191.0	148.0	131.0	113.0	196.0	234.0	147.0	217.0	166.0	208.0	506.0	418.0	471.0	526.0	515.0	490.0	504.0	668.0	576.0
90	20150316 08:23:57.839	647.0	362.0	148.0	138.0	150.0	128.0	102.0	114.0	189.0	110.0	155.0	109.0	128.0	138.0	185.0	133.0	113.0	91.0	189.0	133.0	182.0	150.0	208.0	141.0	136.0	114.0	114.0	182.0	179.0	112.0	118.0	203.0	230.0	176.0	177.0	169.0	151.0	138.0	105.0	141.0	104.0	170.0	178.0	180.0	143.0	139.0	126.0	165.0	146.0	193.0	161.0	125.0	274.0	131.0	203.0	180.0	119.0	89.0	173.0	135.0	149.0	125.0	138.0	88.0	124.0	140.0
91	20150318 23:36:58.957	1257.0	356.0	184.0	164.0	150.0	113.0	134.0	172.0	152.0	142.0	129.0	157.0	135.0	150.0	108.0	183.0	135.0	141.0	122.0	162.0	178.0	172.0	179.0	141.0	151.0	208.0	150.0	98.0	182.0	137.0	144.0	127.0	160.0	140.0	174.0	137.0	158.0	176.0	193.0	195.0	166.0	132.0	192.0	168.0	173.0	170.0	164.0	134.0	200.0	177.0	173.0	113.0	153.0	121.0	163.0	147.0	212.0	445.0	408.0	517.0	483.0	499.0	498.0	518.0	501.0	560.0
92	20150317 16:51:21.208	638.0	353.0	170.0	123.0	130.0	174.0	131.0	126.0	106.0	199.0	105.0	134.0	182.0	127.0	143.0	210.0	147.0	157.0	158.0	135.0	110.0	139.0	143.0	174.0	151.0	100.0	159.0	153.0	126.0	142.0	128.0	128.0	124.0	145.0	197.0	166.0	137.0	175.0	106.0	196.0	191.0	171.0	238.0	170.0	193.0	131.0	138.0	119.0	146.0	99.0	132.0	156.0	179.0	164.0	196.0	204.0	143.0	185.0	149.0	114.0	115.0	121.0	86.0	175.0	147.0	101.0
93	20150319 01:52:55.936	1176.0	351.0	250.0	104.0	144.0	120.0	123.0	142.0	131.0	135.0	150.0	96.0	135.0	124.0	149.0	135.0	158.0	123.0	118.0	139.0	134.0	161.0	187.0	216.0	183.0	131.0	199.0	154.0	139.0	157.0	141.0	166.0	159.0	117.0	148.0	202.0	197.0	116.0	125.0	148.0	137.0	145.0	180.0	182.0	180.0	182.0	166.0	244.0	317.0	404.0	429.0	485.0	492.0	529.0	577.0	460.0	372.0	710.0	739.0	1053.0	1426.0	1555.0	1637.0	1829.0	1670.0	1426.0
94	20150319 03:00:55.723	1135.0	343.0	182.0	225.0	192.0	201.0	175.0	181.0	177.0	186.0	189.0	151.0	156.0	152.0	200.0	180.0	183.0	192.0	158.0	119.0	164.0	137.0	117.0	189.0	205.0	133.0	110.0	143.0	190.0	164.0	177.0	239.0	153.0	170.0	156.0	143.0	171.0	196.0	134.0	177.0	189.0	175.0	209.0	198.0	224.0	248.0	186.0	161.0	209.0	174.0	212.0	249.0	156.0	194.0	206.0	216.0	168.0	409.0	628.0	870.0	1261.0	1647.0	1367.0	849.0	1315.0	1561.0
95	20150318 01:54:59.836	453.0	338.0	175.0	112.0	179.0	210.0	182.0	178.0	189.0	168.0	134.0	119.0	88.0	158.0	119.0	137.0	150.0	145.0	145.0	102.0	110.0	163.0	167.0	137.0	192.0	142.0	203.0	92.0	111.0	125.0	155.0	158.0	119.0	140.0	74.0	118.0	161.0	125.0	108.0	175.0	128.0	150.0	200.0	128.0	120.0	156.0	176.0	78.0	193.0	104.0	154.0	173.0	139.0	125.0	141.0	130.0	143.0	209.0	149.0	164.0	150.0	148.0	175.0	181.0	283.0	194.0
96	20150318 23:36:58.957	443.0	339.0	165.0	132.0	169.0	170.0	173.0	132.0	131.0	189.0	153.0	163.0	174.0	143.0	141.0	142.0	192.0	146.0	168.0	162.0	171.0	175.0	145.0	172.0	174.0	158.0	134.0	159.0	154.0	166.0	161.0	131.0	162.0	121.0	197.0	155.0	221.0	169.0	129.0	139.0	172.0	166.0	170.0	202.0	196.0	178.0	185.0	153.0	166.0	152.0	140.0	191.0	179.0	146.0	158.0	187.0	191.0	787.0	537.0	607.0	580.0	626.0	662.0	573.0	715.0	667.0
97	20150318 23:36:58.957	932.0	333.0	181.0	171.0	162.0	121.0	158.0	166.0	161.0	220.0	189.0	142.0	127.0	168.0	227.0	126.0	173.0	159.0	99.0	171.0	183.0	167.0	177.0	148.0	191.0	175.0	151.0	185.0	112.0	152.0	179.0	188.0	172.0	122.0	122.0	170.0	165.0	101.0	118.0	125.0	97.0	153.0	186.0	118.0	165.0	229.0	480.0	501.0	422.0	412.0	497.0	551.0	618.0	626.0	649.0	763.0	713.0	2005.0	1528.0	1470.0	1255.0	1465.0	1427.0	982.0	1336.0	1088.0
98	20150318 04:10:57.952	1096.0	333.0	171.0	154.0	162.0	179.0	76.0	128.0	154.0	126.0	121.0	164.0	128.0	115.0	166.0	149.0	171.0	90.0	150.0	103.0	136.0	195.0	144.0	164.0	121.0	125.0	116.0	217.0	125.0	176.0	90.0	107.0	165.0	146.0	215.0	101.0	114.0	156.0	79.0	202.0	176.0	189.0	199.0	115.0	264.0	232.0	205.0	161.0	169.0	144.0	113.0	119.0	106.0	138.0	166.0	129.0	122.0	141.0	138.0	291.0	333.0	425.0	374.0	277.0	378.0	415.0
99	20150319 00:44:56.674	600.0	305.0	159.0	174.0	142.0	133.0	132.0	143.0	161.0	212.0	151.0	106.0	132.0	155.0	127.0	140.0	119.0	133.0	157.0	202.0	208.0	136.0	190.0	128.0	124.0	149.0	104.0	139.0	93.0	149.0	114.0	179.0	129.0	122.0	159.0	159.0	175.0	125.0	126.0	133.0	121.0	166.0	210.0	108.0	153.0	152.0	126.0	72.0	163.0	133.0	122.0	128.0	143.0	131.0	141.0	145.0	134.0	407.0	673.0	680.0	794.0	1036.0	1041.0	775.0	958.0	962.0
100	20150316 08:23:57.839	529.0	304.0	204.0	129.0	186.0	136.0	137.0	150.0	170.0	149.0	132.0	160.0	138.0	176.0	146.0	170.0	129.0	156.0	200.0	171.0	203.0	188.0	221.0	152.0	160.0	156.0	186.0	172.0	144.0	220.0	199.0	187.0	144.0	205.0	163.0	220.0	196.0	237.0	151.0	137.0	169.0	251.0	131.0	189.0	144.0	145.0	162.0	190.0	180.0	192.0	168.0	147.0	133.0	170.0	130.0	113.0	145.0	198.0	192.0	173.0	157.0	175.0	230.0	131.0	128.0	193.0
101	20150318 23:36:58.957	1017.0	298.0	235.0	144.0	176.0	163.0	169.0	138.0	124.0	143.0	140.0	139.0	144.0	125.0	164.0	92.0	151.0	111.0	150.0	130.0	157.0	144.0	108.0	174.0	172.0	140.0	92.0	143.0	135.0	152.0	92.0	184.0	152.0	149.0	144.0	157.0	180.0	91.0	166.0	119.0	163.0	161.0	170.0	144.0	739.0	664.0	680.0	599.0	651.0	706.0	642.0	561.0	584.0	665.0	722.0	543.0	467.0	1429.0	1765.0	1642.0	1709.0	1432.0	1163.0	1533.0	1034.0	809.0
102	20150318 04:10:57.952	936.0	293.0	208.0	153.0	139.0	163.0	202.0	173.0	221.0	134.0	154.0	160.0	158.0	170.0	146.0	165.0	127.0	163.0	161.0	196.0	134.0	124.0	188.0	178.0	159.0	236.0	159.0	201.0	116.0	154.0	175.0	215.0	231.0	182.0	135.0	135.0	152.0	148.0	154.0	178.0	168.0	121.0	201.0	184.0	528.0	386.0	312.0	239.0	246.0	188.0	243.0	169.0	208.0	259.0	257.0	398.0	259.0	219.0	216.0	132.0	190.0	172.0	182.0	196.0	245.0	191.0
103	20150319 03:00:55.723	1384.0	283.0	0.0	133.0	169.0	166.0	145.0	181.0	142.0	114.0	164.0	177.0	141.0	100.0	103.0	138.0	0.0	0.0	0.0	0.0	0.0	158.0	183.0	138.0	116.0	146.0	188.0	176.0	142.0	175.0	173.0	170.0	146.0	150.0	142.0	194.0	153.0	196.0	167.0	158.0	198.0	138.0	240.0	168.0	188.0	136.0	195.0	181.0	177.0	152.0	161.0	144.0	113.0	91.0	158.0	150.0	144.0	166.0	144.0	253.0	1398.0	1668.0	1056.0	1002.0	1049.0	987.0
104	20150316 03:52:04.465	245.0	281.0	132.0	150.0	240.0	143.0	156.0	110.0	167.0	167.0	155.0	142.0	199.0	171.0	159.0	230.0	165.0	144.0	273.0	134.0	176.0	161.0	188.0	178.0	117.0	201.0	233.0	229.0	207.0	194.0	230.0	286.0	280.0	183.0	217.0	289.0	223.0	223.0	250.0	183.0	262.0	273.0	211.0	229.0	268.0	209.0	244.0	204.0	173.0	157.0	195.0	221.0	260.0	210.0	247.0	192.0	233.0	219.0	194.0	172.0	204.0	185.0	235.0	190.0	201.0	205.0
105	20150315 16:31:21.899	360.0	273.0	187.0	112.0	88.0	173.0	91.0	129.0	163.0	124.0	117.0	116.0	97.0	115.0	181.0	162.0	139.0	257.0	145.0	116.0	155.0	157.0	123.0	142.0	204.0	183.0	140.0	128.0	207.0	166.0	157.0	93.0	163.0	127.0	179.0	145.0	101.0	123.0	113.0	153.0	103.0	168.0	142.0	121.0	159.0	116.0	173.0	127.0	176.0	130.0	188.0	129.0	129.0	120.0	116.0	119.0	132.0	134.0	209.0	130.0	173.0	167.0	99.0	123.0	173.0	102.0
106	20150317 02:07:19.274	472.0	267.0	151.0	111.0	153.0	188.0	121.0	135.0	126.0	122.0	188.0	146.0	115.0	133.0	197.0	138.0	158.0	161.0	157.0	109.0	175.0	104.0	149.0	190.0	108.0	107.0	223.0	130.0	153.0	114.0	140.0	140.0	153.0	190.0	198.0	199.0	126.0	167.0	135.0	155.0	146.0	247.0	237.0	142.0	209.0	130.0	113.0	147.0	134.0	156.0	208.0	111.0	175.0	120.0	95.0	214.0	211.0	186.0	159.0	162.0	162.0	188.0	132.0	120.0	204.0	168.0
107	20150318 06:27:02.288	897.0	251.0	125.0	131.0	141.0	173.0	210.0	134.0	159.0	122.0	140.0	130.0	167.0	100.0	142.0	111.0	125.0	150.0	163.0	155.0	175.0	148.0	152.0	166.0	186.0	175.0	185.0	128.0	166.0	123.0	157.0	181.0	116.0	135.0	212.0	130.0	179.0	154.0	138.0	140.0	141.0	163.0	139.0	155.0	223.0	171.0	604.0	547.0	404.0	474.0	544.0	357.0	558.0	480.0	482.0	519.0	424.0	420.0	412.0	445.0	456.0	433.0	425.0	506.0	422.0	335.0
108	20150317 00:59:22.720	430.0	242.0	152.0	187.0	145.0	144.0	118.0	132.0	109.0	112.0	132.0	109.0	149.0	176.0	94.0	179.0	109.0	179.0	117.0	129.0	92.0	116.0	184.0	125.0	158.0	134.0	126.0	100.0	186.0	145.0	182.0	170.0	216.0	150.0	175.0	195.0	167.0	184.0	175.0	202.0	132.0	138.0	112.0	128.0	119.0	158.0	126.0	123.0	121.0	147.0	139.0	120.0	140.0	228.0	167.0	195.0	180.0	138.0	125.0	150.0	115.0	118.0	113.0	101.0	116.0	90.0
109	20150319 00:44:56.674	728.0	239.0	189.0	177.0	81.0	195.0	208.0	107.0	174.0	136.0	175.0	137.0	163.0	239.0	104.0	121.0	151.0	130.0	214.0	137.0	146.0	174.0	156.0	137.0	118.0	127.0	158.0	200.0	151.0	96.0	143.0	172.0	100.0	167.0	143.0	140.0	153.0	135.0	161.0	108.0	143.0	125.0	163.0	153.0	144.0	162.0	127.0	105.0	96.0	141.0	154.0	104.0	109.0	114.0	105.0	188.0	110.0	380.0	1502.0	119.0	160.0	142.0	156.0	105.0	172.0	141.0
110	20150319 00:44:56.674	695.0	236.0	205.0	152.0	141.0	198.0	189.0	176.0	110.0	129.0	110.0	140.0	165.0	188.0	131.0	186.0	151.0	196.0	152.0	107.0	150.0	155.0	159.0	161.0	153.0	138.0	179.0	222.0	134.0	196.0	100.0	183.0	243.0	182.0	191.0	174.0	182.0	156.0	159.0	180.0	121.0	151.0	155.0	132.0	149.0	189.0	126.0	155.0	158.0	142.0	171.0	116.0	147.0	112.0	85.0	159.0	128.0	149.0	263.0	226.0	166.0	194.0	182.0	209.0	219.0	182.0
111	20150318 23:36:58.957	421.0	224.0	171.0	142.0	142.0	186.0	163.0	132.0	139.0	138.0	127.0	227.0	146.0	129.0	167.0	137.0	140.0	125.0	109.0	164.0	161.0	124.0	163.0	160.0	221.0	153.0	195.0	127.0	160.0	246.0	93.0	164.0	174.0	164.0	175.0	186.0	183.0	125.0	164.0	149.0	159.0	173.0	141.0	166.0	195.0	282.0	145.0	135.0	138.0	158.0	141.0	166.0	118.0	231.0	163.0	154.0	163.0	904.0	204.0	123.0	168.0	155.0	179.0	133.0	177.0	170.0
112	20150319 00:44:56.674	402.0	215.0	166.0	139.0	110.0	146.0	195.0	149.0	159.0	204.0	182.0	144.0	113.0	132.0	152.0	121.0	136.0	147.0	110.0	126.0	122.0	169.0	120.0	200.0	123.0	119.0	128.0	139.0	160.0	150.0	121.0	180.0	168.0	151.0	163.0	156.0	158.0	151.0	177.0	156.0	202.0	169.0	239.0	162.0	150.0	150.0	141.0	157.0	159.0	139.0	145.0	159.0	228.0	170.0	135.0	143.0	137.0	301.0	795.0	691.0	695.0	848.0	779.0	617.0	708.0	708.0
113	20150316 10:40:02.588	590.0	211.0	137.0	99.0	157.0	151.0	118.0	104.0	127.0	138.0	155.0	118.0	221.0	150.0	90.0	151.0	170.0	117.0	130.0	132.0	191.0	161.0	122.0	166.0	175.0	168.0	90.0	113.0	173.0	133.0	194.0	175.0	154.0	147.0	118.0	108.0	119.0	151.0	112.0	146.0	167.0	137.0	220.0	118.0	177.0	152.0	139.0	122.0	191.0	115.0	140.0	147.0	191.0	216.0	128.0	214.0	136.0	117.0	157.0	130.0	197.0	222.0	192.0	121.0	265.0	161.0
114	20150318 23:36:58.957	490.0	209.0	224.0	122.0	147.0	146.0	117.0	134.0	120.0	111.0	99.0	105.0	153.0	171.0	134.0	130.0	147.0	136.0	184.0	166.0	137.0	100.0	188.0	107.0	116.0	123.0	109.0	167.0	126.0	151.0	171.0	151.0	162.0	132.0	140.0	168.0	113.0	180.0	141.0	140.0	178.0	138.0	160.0	120.0	117.0	144.0	170.0	122.0	157.0	132.0	142.0	184.0	110.0	119.0	217.0	196.0	180.0	1678.0	139.0	101.0	137.0	131.0	159.0	106.0	147.0	155.0
115	20150318 23:36:58.957	820.0	206.0	199.0	142.0	176.0	171.0	132.0	140.0	162.0	108.0	123.0	176.0	172.0	201.0	161.0	151.0	148.0	164.0	123.0	146.0	154.0	160.0	185.0	226.0	177.0	172.0	168.0	209.0	138.0	282.0	201.0	257.0	221.0	189.0	240.0	233.0	218.0	284.0	185.0	274.0	207.0	239.0	241.0	356.0	257.0	345.0	436.0	462.0	450.0	522.0	580.0	563.0	482.0	612.0	586.0	569.0	560.0	2012.0	2107.0	1839.0	1871.0	1720.0	1673.0	1761.0	1508.0	1473.0
116	20150317 02:07:19.274	593.0	203.0	138.0	142.0	108.0	175.0	112.0	152.0	147.0	139.0	119.0	198.0	144.0	197.0	172.0	98.0	126.0	114.0	129.0	185.0	137.0	109.0	77.0	188.0	125.0	114.0	81.0	106.0	110.0	196.0	140.0	219.0	155.0	155.0	138.0	125.0	144.0	152.0	182.0	134.0	195.0	158.0	202.0	123.0	146.0	215.0	183.0	134.0	139.0	153.0	98.0	128.0	165.0	157.0	149.0	112.0	148.0	149.0	138.0	164.0	193.0	145.0	161.0	135.0	192.0	141.0
117	20150318 12:06:58.79	576.0	187.0	244.0	111.0	161.0	208.0	154.0	166.0	208.0	150.0	158.0	203.0	137.0	137.0	176.0	189.0	130.0	159.0	149.0	197.0	158.0	165.0	187.0	151.0	178.0	160.0	167.0	184.0	136.0	180.0	212.0	206.0	202.0	193.0	190.0	124.0	176.0	145.0	129.0	156.0	150.0	181.0	201.0	148.0	167.0	253.0	192.0	170.0	145.0	132.0	90.0	181.0	234.0	173.0	114.0	235.0	214.0	145.0	149.0	191.0	194.0	211.0	195.0	215.0	257.0	179.0
118	20150319 03:00:55.723	537.0	184.0	190.0	110.0	144.0	203.0	120.0	134.0	126.0	153.0	171.0	166.0	154.0	165.0	152.0	140.0	181.0	159.0	221.0	194.0	145.0	193.0	189.0	162.0	156.0	130.0	115.0	172.0	141.0	184.0	273.0	189.0	185.0	145.0	183.0	149.0	207.0	171.0	132.0	166.0	188.0	191.0	180.0	166.0	158.0	157.0	150.0	165.0	147.0	158.0	160.0	179.0	170.0	116.0	145.0	137.0	137.0	222.0	203.0	273.0	417.0	326.0	358.0	388.0	437.0	458.0
119	20150318 14:22:42.75	903.0	170.0	203.0	140.0	137.0	127.0	215.0	124.0	122.0	155.0	195.0	139.0	132.0	156.0	172.0	190.0	124.0	153.0	135.0	162.0	165.0	146.0	179.0	152.0	161.0	150.0	153.0	255.0	167.0	237.0	196.0	225.0	231.0	239.0	216.0	243.0	254.0	288.0	225.0	265.0	258.0	350.0	324.0	348.0	344.0	419.0	391.0	329.0	374.0	472.0	553.0	640.0	731.0	1193.0	1545.0	1610.0	1543.0	1646.0	1679.0	1569.0	1483.0	1357.0	1213.0	1589.0	1208.0	1007.0
120	20150317 02:07:19.274	618.0	170.0	164.0	100.0	129.0	142.0	123.0	136.0	136.0	134.0	147.0	155.0	114.0	113.0	144.0	143.0	98.0	164.0	130.0	131.0	153.0	115.0	123.0	189.0	192.0	138.0	108.0	112.0	125.0	190.0	153.0	146.0	173.0	176.0	180.0	179.0	163.0	171.0	131.0	164.0	197.0	156.0	112.0	149.0	178.0	187.0	145.0	151.0	124.0	156.0	140.0	117.0	164.0	131.0	184.0	164.0	166.0	105.0	118.0	130.0	124.0	236.0	152.0	111.0	190.0	112.0
121	20150316 03:52:04.465	782.0	162.0	164.0	128.0	166.0	127.0	183.0	155.0	157.0	161.0	170.0	164.0	105.0	122.0	131.0	167.0	183.0	135.0	154.0	149.0	151.0	201.0	125.0	149.0	176.0	129.0	160.0	158.0	181.0	133.0	154.0	191.0	188.0	104.0	164.0	157.0	201.0	193.0	144.0	145.0	151.0	186.0	197.0	152.0	151.0	127.0	170.0	194.0	165.0	131.0	146.0	138.0	138.0	145.0	162.0	172.0	109.0	161.0	177.0	148.0	155.0	171.0	158.0	174.0	164.0	181.0
122	20150317 11:11:18.378	623.0	158.0	124.0	132.0	177.0	129.0	158.0	119.0	109.0	156.0	148.0	117.0	135.0	91.0	176.0	158.0	130.0	184.0	92.0	156.0	161.0	165.0	178.0	116.0	178.0	97.0	140.0	137.0	71.0	186.0	158.0	153.0	149.0	84.0	198.0	157.0	186.0	180.0	147.0	193.0	187.0	140.0	116.0	141.0	172.0	124.0	133.0	159.0	137.0	156.0	138.0	117.0	156.0	103.0	121.0	107.0	141.0	118.0	112.0	178.0	164.0	223.0	159.0	190.0	196.0	187.0
123	20150315 19:55:39.893	873.0	151.0	167.0	145.0	115.0	207.0	117.0	92.0	203.0	107.0	163.0	119.0	107.0	158.0	155.0	184.0	191.0	136.0	167.0	173.0	144.0	162.0	146.0	173.0	156.0	103.0	117.0	179.0	142.0	151.0	157.0	156.0	158.0	168.0	160.0	153.0	125.0	150.0	100.0	194.0	157.0	172.0	152.0	177.0	185.0	168.0	125.0	147.0	151.0	143.0	205.0	288.0	242.0	243.0	253.0	247.0	245.0	181.0	93.0	115.0	129.0	103.0	140.0	163.0	209.0	159.0
124	20150318 04:10:57.952	861.0	146.0	204.0	146.0	162.0	157.0	161.0	109.0	127.0	119.0	110.0	139.0	144.0	93.0	125.0	142.0	119.0	126.0	150.0	119.0	136.0	134.0	114.0	140.0	155.0	131.0	195.0	122.0	118.0	125.0	136.0	151.0	154.0	167.0	112.0	146.0	174.0	183.0	139.0	113.0	166.0	145.0	208.0	124.0	1218.0	636.0	116.0	120.0	115.0	172.0	207.0	202.0	262.0	248.0	186.0	250.0	213.0	138.0	219.0	163.0	178.0	145.0	179.0	175.0	166.0	200.0
125	20150317 19:07:03.95	539.0	142.0	156.0	135.0	149.0	129.0	164.0	135.0	114.0	169.0	185.0	163.0	201.0	203.0	138.0	168.0	168.0	132.0	145.0	214.0	154.0	143.0	139.0	200.0	194.0	127.0	104.0	111.0	142.0	206.0	134.0	187.0	141.0	160.0	142.0	184.0	276.0	239.0	204.0	203.0	203.0	243.0	211.0	292.0	220.0	288.0	201.0	188.0	193.0	218.0	202.0	216.0	209.0	135.0	199.0	229.0	253.0	178.0	165.0	238.0	311.0	275.0	257.0	249.0	444.0	406.0
126	20150317 16:51:21.208	779.0	140.0	172.0	111.0	108.0	149.0	116.0	164.0	167.0	153.0	189.0	164.0	173.0	112.0	153.0	196.0	116.0	127.0	138.0	202.0	138.0	149.0	130.0	124.0	171.0	133.0	154.0	172.0	137.0	196.0	200.0	196.0	133.0	93.0	166.0	157.0	136.0	167.0	108.0	132.0	153.0	179.0	109.0	205.0	160.0	227.0	135.0	124.0	110.0	114.0	143.0	136.0	142.0	155.0	155.0	132.0	159.0	118.0	132.0	155.0	138.0	112.0	119.0	165.0	186.0	180.0
127	20150318 04:10:57.952	860.0	136.0	194.0	112.0	126.0	171.0	145.0	146.0	145.0	114.0	160.0	134.0	130.0	171.0	121.0	161.0	181.0	190.0	177.0	170.0	116.0	128.0	168.0	199.0	159.0	121.0	111.0	122.0	110.0	98.0	165.0	148.0	103.0	129.0	145.0	161.0	178.0	117.0	158.0	150.0	143.0	149.0	113.0	178.0	206.0	297.0	121.0	155.0	130.0	135.0	198.0	222.0	289.0	281.0	205.0	245.0	147.0	105.0	174.0	123.0	156.0	194.0	163.0	157.0	204.0	197.0
128	20150318 23:36:58.957	831.0	127.0	182.0	140.0	172.0	129.0	114.0	136.0	150.0	129.0	112.0	156.0	111.0	138.0	106.0	116.0	132.0	179.0	157.0	138.0	144.0	119.0	188.0	195.0	176.0	141.0	110.0	190.0	143.0	110.0	104.0	175.0	191.0	120.0	189.0	109.0	140.0	170.0	131.0	128.0	127.0	161.0	121.0	139.0	182.0	209.0	104.0	203.0	142.0	159.0	136.0	166.0	158.0	177.0	173.0	145.0	129.0	659.0	509.0	110.0	210.0	141.0	182.0	136.0	174.0	166.0
129	20150317 11:11:18.378	806.0	117.0	150.0	102.0	196.0	176.0	128.0	144.0	197.0	147.0	135.0	133.0	164.0	97.0	188.0	141.0	145.0	134.0	146.0	164.0	113.0	143.0	157.0	179.0	156.0	104.0	91.0	147.0	98.0	169.0	171.0	134.0	188.0	139.0	223.0	170.0	155.0	144.0	154.0	122.0	116.0	195.0	124.0	174.0	150.0	162.0	150.0	118.0	149.0	165.0	167.0	178.0	174.0	134.0	152.0	90.0	206.0	156.0	199.0	125.0	131.0	143.0	177.0	150.0	154.0	160.0
130	20150318 23:36:58.957	827.0	117.0	170.0	132.0	195.0	144.0	156.0	147.0	154.0	134.0	162.0	159.0	153.0	180.0	153.0	161.0	190.0	157.0	172.0	193.0	182.0	161.0	127.0	158.0	165.0	124.0	113.0	223.0	128.0	167.0	154.0	152.0	134.0	120.0	177.0	214.0	175.0	169.0	161.0	188.0	125.0	141.0	144.0	121.0	150.0	205.0	164.0	143.0	129.0	147.0	166.0	164.0	156.0	157.0	182.0	183.0	162.0	927.0	876.0	129.0	106.0	115.0	117.0	129.0	168.0	155.0
131	20150319 00:44:56.674	1266.0	114.0	120.0	190.0	144.0	195.0	142.0	159.0	160.0	140.0	191.0	154.0	199.0	171.0	119.0	123.0	121.0	91.0	135.0	158.0	179.0	132.0	135.0	147.0	128.0	113.0	127.0	128.0	123.0	151.0	102.0	125.0	166.0	114.0	231.0	143.0	156.0	112.0	179.0	179.0	180.0	138.0	120.0	192.0	152.0	140.0	159.0	220.0	197.0	163.0	215.0	232.0	201.0	283.0	235.0	277.0	333.0	440.0	1299.0	142.0	197.0	169.0	94.0	180.0	116.0	124.0
132	20150319 00:44:56.674	663.0	113.0	162.0	161.0	171.0	156.0	237.0	123.0	111.0	125.0	168.0	123.0	144.0	159.0	113.0	174.0	153.0	157.0	135.0	125.0	204.0	181.0	154.0	157.0	181.0	138.0	262.0	202.0	215.0	172.0	219.0	221.0	216.0	231.0	208.0	153.0	233.0	174.0	212.0	180.0	211.0	252.0	234.0	209.0	276.0	192.0	465.0	401.0	386.0	349.0	361.0	424.0	417.0	425.0	452.0	683.0	565.0	796.0	975.0	975.0	997.0	1414.0	1414.0	1482.0	1743.0	1808.0
133	20150319 01:52:55.936	1192.0	110.0	281.0	130.0	189.0	155.0	153.0	131.0	137.0	132.0	140.0	132.0	159.0	145.0	166.0	173.0	190.0	139.0	131.0	132.0	114.0	121.0	190.0	202.0	177.0	131.0	169.0	162.0	144.0	168.0	132.0	173.0	228.0	211.0	227.0	235.0	251.0	207.0	205.0	187.0	217.0	213.0	199.0	203.0	146.0	157.0	188.0	203.0	170.0	170.0	219.0	225.0	161.0	135.0	156.0	209.0	174.0	193.0	569.0	1003.0	1061.0	1155.0	242.0	322.0	227.0	264.0
135	20150318 23:36:58.957	869.0	86.0	164.0	193.0	149.0	147.0	152.0	139.0	170.0	105.0	194.0	207.0	149.0	152.0	143.0	158.0	110.0	179.0	214.0	129.0	210.0	143.0	135.0	175.0	221.0	157.0	130.0	153.0	148.0	137.0	151.0	149.0	159.0	198.0	244.0	122.0	139.0	148.0	150.0	203.0	147.0	169.0	147.0	165.0	668.0	644.0	731.0	613.0	690.0	709.0	665.0	751.0	724.0	783.0	699.0	673.0	603.0	1654.0	2025.0	1452.0	1516.0	1291.0	1036.0	1399.0	976.0	891.0
136	20150319 01:52:55.936	787.0	83.0	161.0	118.0	173.0	171.0	207.0	123.0	186.0	155.0	134.0	118.0	114.0	182.0	146.0	143.0	146.0	157.0	154.0	139.0	107.0	119.0	154.0	195.0	197.0	146.0	144.0	249.0	134.0	143.0	121.0	186.0	191.0	150.0	171.0	143.0	226.0	153.0	150.0	200.0	169.0	136.0	166.0	153.0	234.0	151.0	116.0	148.0	139.0	113.0	138.0	117.0	160.0	161.0	149.0	149.0	240.0	135.0	150.0	2728.0	2352.0	2522.0	2279.0	2279.0	2319.0	1972.0
137	20150316 01:35:59.17	624.0	82.0	151.0	131.0	132.0	125.0	158.0	110.0	117.0	149.0	147.0	182.0	108.0	165.0	120.0	133.0	156.0	124.0	156.0	136.0	150.0	110.0	153.0	180.0	142.0	127.0	122.0	109.0	115.0	177.0	141.0	142.0	146.0	206.0	207.0	112.0	108.0	145.0	158.0	111.0	100.0	142.0	151.0	124.0	124.0	192.0	138.0	164.0	100.0	124.0	119.0	163.0	143.0	127.0	181.0	115.0	116.0	124.0	132.0	132.0	128.0	112.0	112.0	152.0	202.0	180.0
138	20150318 04:10:57.952	745.0	77.0	181.0	162.0	154.0	203.0	141.0	132.0	233.0	107.0	171.0	161.0	174.0	124.0	162.0	122.0	174.0	133.0	177.0	165.0	141.0	232.0	201.0	222.0	161.0	164.0	136.0	205.0	129.0	128.0	112.0	150.0	193.0	166.0	101.0	180.0	148.0	179.0	189.0	203.0	153.0	191.0	247.0	174.0	394.0	378.0	143.0	204.0	213.0	183.0	221.0	196.0	147.0	146.0	260.0	218.0	184.0	170.0	399.0	477.0	502.0	602.0	553.0	527.0	630.0	671.0
139	20150319 01:52:55.936	1233.0	72.0	193.0	102.0	126.0	184.0	130.0	174.0	153.0	138.0	245.0	156.0	162.0	134.0	174.0	135.0	106.0	129.0	183.0	151.0	122.0	152.0	180.0	127.0	116.0	106.0	130.0	141.0	149.0	129.0	121.0	156.0	187.0	136.0	268.0	157.0	165.0	146.0	129.0	110.0	135.0	131.0	132.0	123.0	118.0	136.0	114.0	138.0	168.0	131.0	132.0	145.0	155.0	132.0	140.0	189.0	185.0	153.0	136.0	2168.0	1642.0	2056.0	127.0	115.0	115.0	136.0
140	20150319 00:44:56.674	1195.0	69.0	133.0	106.0	153.0	211.0	175.0	175.0	193.0	168.0	182.0	133.0	118.0	155.0	154.0	140.0	185.0	174.0	166.0	144.0	172.0	129.0	117.0	192.0	193.0	96.0	131.0	202.0	174.0	117.0	198.0	155.0	170.0	156.0	256.0	191.0	131.0	143.0	149.0	244.0	120.0	151.0	150.0	189.0	203.0	166.0	178.0	182.0	130.0	216.0	210.0	167.0	167.0	199.0	188.0	190.0	232.0	506.0	560.0	871.0	855.0	917.0	696.0	596.0	733.0	914.0
141	20150318 05:19:02.830	967.0	68.0	121.0	116.0	199.0	118.0	130.0	173.0	97.0	198.0	127.0	101.0	150.0	137.0	205.0	131.0	159.0	151.0	93.0	201.0	150.0	150.0	155.0	164.0	135.0	152.0	104.0	215.0	151.0	149.0	135.0	103.0	150.0	163.0	147.0	140.0	123.0	101.0	145.0	127.0	147.0	130.0	185.0	187.0	89.0	172.0	107.0	127.0	222.0	203.0	151.0	157.0	138.0	102.0	118.0	173.0	132.0	106.0	123.0	155.0	149.0	121.0	109.0	128.0	125.0	99.0
142	20150315 23:19:48.774	583.0	65.0	136.0	159.0	172.0	187.0	231.0	111.0	162.0	156.0	144.0	216.0	176.0	165.0	159.0	165.0	146.0	152.0	174.0	120.0	166.0	193.0	181.0	225.0	206.0	172.0	138.0	215.0	152.0	169.0	129.0	211.0	229.0	219.0	188.0	158.0	162.0	252.0	143.0	217.0	167.0	186.0	243.0	227.0	199.0	195.0	202.0	204.0	219.0	193.0	179.0	187.0	176.0	149.0	180.0	187.0	194.0	162.0	150.0	122.0	256.0	195.0	185.0	202.0	254.0	227.0
143	20150316 10:40:02.588	719.0	65.0	137.0	169.0	172.0	140.0	167.0	131.0	127.0	144.0	156.0	123.0	136.0	85.0	147.0	139.0	100.0	100.0	146.0	148.0	158.0	175.0	108.0	170.0	121.0	114.0	152.0	173.0	126.0	112.0	142.0	128.0	164.0	136.0	158.0	107.0	141.0	160.0	127.0	180.0	135.0	120.0	121.0	152.0	168.0	164.0	125.0	144.0	105.0	142.0	167.0	140.0	165.0	126.0	154.0	151.0	181.0	180.0	137.0	143.0	172.0	157.0	198.0	149.0	212.0	147.0
144	20150318 06:27:02.288	539.0	63.0	176.0	163.0	164.0	184.0	159.0	142.0	131.0	93.0	173.0	165.0	166.0	150.0	116.0	190.0	138.0	126.0	198.0	124.0	126.0	157.0	157.0	153.0	122.0	146.0	204.0	211.0	158.0	177.0	134.0	159.0	184.0	172.0	204.0	149.0	157.0	188.0	211.0	252.0	212.0	166.0	168.0	221.0	161.0	176.0	1049.0	999.0	1025.0	862.0	975.0	903.0	865.0	867.0	799.0	888.0	675.0	187.0	149.0	165.0	217.0	189.0	238.0	268.0	321.0	374.0
145	20150317 07:47:14.793	502.0	60.0	195.0	171.0	153.0	190.0	129.0	116.0	111.0	121.0	135.0	137.0	131.0	176.0	146.0	145.0	146.0	148.0	145.0	192.0	165.0	183.0	200.0	243.0	129.0	133.0	181.0	192.0	266.0	232.0	175.0	228.0	183.0	167.0	183.0	211.0	170.0	193.0	228.0	391.0	146.0	216.0	178.0	167.0	232.0	199.0	175.0	180.0	145.0	145.0	137.0	154.0	219.0	162.0	172.0	202.0	230.0	195.0	183.0	218.0	131.0	190.0	181.0	198.0	243.0	198.0
146	20150317 06:39:06.730	703.0	49.0	152.0	109.0	176.0	144.0	139.0	138.0	140.0	175.0	142.0	118.0	144.0	208.0	154.0	158.0	187.0	135.0	88.0	118.0	183.0	166.0	80.0	108.0	144.0	160.0	130.0	211.0	128.0	145.0	109.0	157.0	264.0	209.0	248.0	141.0	114.0	150.0	118.0	173.0	145.0	146.0	182.0	199.0	116.0	127.0	167.0	161.0	165.0	121.0	149.0	180.0	134.0	157.0	156.0	175.0	171.0	226.0	200.0	277.0	174.0	197.0	186.0	222.0	201.0	150.0
147	20150318 23:36:58.957	831.0	44.0	0.0	144.0	122.0	167.0	177.0	188.0	86.0	132.0	114.0	159.0	154.0	169.0	134.0	140.0	162.0	115.0	175.0	122.0	125.0	192.0	190.0	141.0	176.0	122.0	123.0	155.0	163.0	187.0	143.0	117.0	162.0	193.0	240.0	176.0	155.0	118.0	204.0	170.0	182.0	186.0	212.0	163.0	549.0	567.0	687.0	644.0	608.0	721.0	687.0	741.0	696.0	728.0	829.0	740.0	709.0	1440.0	1724.0	1477.0	1555.0	1464.0	1247.0	1760.0	1156.0	949.0
148	20150318 08:43:08.318	162.0	40.0	0.0	161.0	89.0	150.0	191.0	209.0	237.0	205.0	218.0	211.0	155.0	159.0	162.0	113.0	135.0	178.0	261.0	157.0	158.0	160.0	155.0	168.0	164.0	142.0	226.0	138.0	187.0	152.0	255.0	227.0	193.0	155.0	132.0	219.0	284.0	147.0	221.0	225.0	220.0	157.0	335.0	367.0	272.0	565.0	453.0	663.0	869.0	749.0	969.0	1060.0	1221.0	1145.0	1021.0	1182.0	1331.0	1087.0	1054.0	1016.0	1083.0	1268.0	1066.0	850.0	1006.0	1163.0
149	20150318 23:36:58.957	709.0	35.0	0.0	122.0	170.0	199.0	166.0	125.0	223.0	137.0	162.0	151.0	142.0	134.0	140.0	102.0	142.0	142.0	148.0	167.0	164.0	136.0	162.0	186.0	206.0	207.0	215.0	232.0	220.0	183.0	187.0	183.0	243.0	215.0	231.0	174.0	193.0	252.0	222.0	190.0	203.0	272.0	284.0	208.0	288.0	389.0	375.0	283.0	273.0	347.0	333.0	326.0	440.0	383.0	478.0	400.0	515.0	2199.0	2205.0	1882.0	1885.0	1693.0	1435.0	1912.0	1443.0	1146.0
150	20150318 03:02:54.428	1237.0	33.0	0.0	154.0	141.0	164.0	109.0	130.0	133.0	134.0	177.0	141.0	156.0	131.0	144.0	159.0	136.0	157.0	137.0	191.0	169.0	172.0	192.0	163.0	133.0	149.0	140.0	189.0	97.0	137.0	158.0	171.0	161.0	157.0	182.0	188.0	168.0	164.0	168.0	118.0	151.0	161.0	245.0	274.0	232.0	209.0	166.0	171.0	153.0	193.0	169.0	196.0	163.0	203.0	150.0	141.0	206.0	258.0	175.0	450.0	504.0	522.0	285.0	248.0	237.0	280.0
151	20150315 15:23:13.790	587.0	26.0	0.0	92.0	174.0	102.0	151.0	155.0	158.0	173.0	146.0	170.0	185.0	161.0	126.0	186.0	204.0	97.0	143.0	147.0	197.0	117.0	114.0	124.0	177.0	94.0	225.0	166.0	145.0	157.0	164.0	125.0	251.0	215.0	171.0	153.0	197.0	180.0	189.0	195.0	148.0	153.0	171.0	206.0	159.0	167.0	192.0	164.0	143.0	137.0	152.0	155.0	143.0	123.0	108.0	129.0	176.0	180.0	131.0	165.0	127.0	100.0	135.0	185.0	159.0	147.0
152	20150318 12:06:58.79	506.0	20.0	0.0	125.0	156.0	151.0	130.0	199.0	172.0	131.0	126.0	182.0	155.0	157.0	176.0	149.0	146.0	159.0	151.0	180.0	117.0	203.0	229.0	241.0	176.0	135.0	177.0	181.0	189.0	240.0	194.0	254.0	224.0	200.0	163.0	223.0	229.0	376.0	248.0	362.0	303.0	315.0	421.0	333.0	276.0	389.0	424.0	446.0	501.0	639.0	755.0	1074.0	1150.0	1744.0	1979.0	1461.0	1204.0	1399.0	1426.0	1275.0	1346.0	1227.0	1164.0	1362.0	1195.0	1047.0
153	20150315 16:31:21.899	521.0	9.0	0.0	110.0	108.0	167.0	124.0	149.0	96.0	144.0	124.0	111.0	77.0	131.0	153.0	119.0	168.0	160.0	161.0	88.0	105.0	180.0	159.0	191.0	126.0	125.0	203.0	204.0	155.0	220.0	145.0	222.0	189.0	150.0	202.0	214.0	150.0	119.0	167.0	147.0	168.0	195.0	118.0	123.0	198.0	158.0	165.0	184.0	165.0	172.0	144.0	155.0	148.0	119.0	152.0	228.0	160.0	176.0	141.0	112.0	143.0	174.0	157.0	181.0	155.0	214.0
154	20150318 08:43:08.318	872.0	5.0	0.0	109.0	123.0	121.0	125.0	93.0	119.0	90.0	125.0	145.0	225.0	97.0	202.0	134.0	130.0	121.0	98.0	86.0	114.0	153.0	181.0	166.0	218.0	147.0	166.0	173.0	165.0	169.0	149.0	131.0	182.0	126.0	176.0	184.0	249.0	164.0	204.0	174.0	238.0	245.0	333.0	320.0	322.0	279.0	502.0	685.0	1637.0	1271.0	1216.0	1315.0	1345.0	1367.0	1188.0	1338.0	1265.0	982.0	857.0	781.0	724.0	877.0	770.0	564.0	828.0	809.0
155	20150319 00:44:56.674	1370.0	3.0	0.0	160.0	146.0	193.0	126.0	104.0	155.0	165.0	139.0	172.0	106.0	121.0	149.0	121.0	0.0	0.0	0.0	0.0	0.0	137.0	171.0	130.0	140.0	84.0	116.0	151.0	98.0	99.0	113.0	122.0	112.0	121.0	165.0	119.0	93.0	127.0	119.0	144.0	173.0	272.0	136.0	149.0	114.0	103.0	176.0	79.0	137.0	115.0	74.0	143.0	163.0	109.0	110.0	102.0	104.0	86.0	655.0	147.0	94.0	133.0	120.0	131.0	2.0	81.0
156	20150319 03:00:55.723	1278.0	2.0	0.0	135.0	109.0	150.0	153.0	163.0	131.0	149.0	131.0	145.0	131.0	158.0	201.0	102.0	118.0	106.0	131.0	153.0	127.0	169.0	192.0	169.0	131.0	126.0	128.0	175.0	76.0	180.0	140.0	140.0	142.0	89.0	136.0	114.0	156.0	117.0	131.0	111.0	142.0	128.0	117.0	126.0	123.0	109.0	61.0	92.0	154.0	87.0	117.0	108.0	213.0	130.0	168.0	139.0	117.0	139.0	94.0	279.0	457.0	478.0	784.0	202.0	9.0	236.0
