index	mortality	x	y	20140718 20:41:01.938	20140718 21:41:16.706	20140718 22:41:23.622	20140718 23:41:26.601	20140719 00:41:22.119	20140719 01:41:25.750	20140719 02:41:22.859	20140719 03:41:24.262	20140719 04:41:24.877	20140719 05:41:20.695	20140719 06:41:26.66	20140719 07:41:23.856	20140719 10:41:26.744	20140720 19:41:28.706	20140720 20:41:27.540	20140720 21:41:24.55	20140720 22:41:27.626	20140720 23:41:28.820	20140721 01:41:32.69	20140721 04:41:26.701	20140721 05:41:30.287	20140721 06:41:29.559	20140721 07:41:25.630	20140721 08:41:38.488	20140721 09:41:26.542	20140721 11:41:27.82	20140721 12:41:26.786	20140721 13:41:29.117	20140721 14:41:28.139	20140721 15:41:27.620	20140721 16:41:32.176	20140721 17:41:29.874	20140721 18:41:31.37	20140721 19:41:32.497	20140721 20:41:24.267	20140721 21:41:34.371	20140721 22:41:32.655	20140721 23:41:34.54	20140722 00:41:33.257	20140722 01:41:33.96	20140722 02:41:36.226	20140722 05:41:30.887	20140722 06:41:27.531	20140722 19:21:56.715	20140723 03:21:55.839	20140723 06:21:54.808	20140723 07:21:57.687	20140723 10:15:52.977	20140723 11:15:53.745
1	20140723 10:15:52.977	547.0	1037.0	0.0	0.0	0.0	0.0	85.0	120.0	175.0	175.0	140.0	116.0	124.0	151.0	171.0	170.0	162.0	146.0	196.0	144.0	146.0	213.0	0.0	0.0	0.0	0.0	180.0	0.0	0.0	0.0	115.0	179.0	151.0	166.0	173.0	187.0	185.0	224.0	242.0	177.0	186.0	228.0	215.0	203.0	189.0	0.0	0.0	0.0	0.0	1005.0	801.0
2	20140723 10:15:52.977	590.0	1036.0	0.0	0.0	0.0	0.0	178.0	142.0	93.0	154.0	111.0	180.0	174.0	145.0	157.0	190.0	150.0	175.0	203.0	135.0	138.0	133.0	0.0	0.0	0.0	0.0	126.0	0.0	0.0	0.0	152.0	192.0	166.0	171.0	215.0	182.0	155.0	157.0	113.0	167.0	124.0	174.0	200.0	210.0	172.0	0.0	133.0	0.0	178.0	892.0	408.0
3	20140723 10:15:52.977	670.0	1033.0	0.0	0.0	0.0	0.0	104.0	170.0	105.0	126.0	151.0	122.0	148.0	141.0	129.0	141.0	134.0	101.0	129.0	128.0	116.0	128.0	102.0	61.0	0.0	134.0	92.0	0.0	90.0	120.0	150.0	134.0	125.0	140.0	99.0	123.0	76.0	81.0	128.0	141.0	134.0	123.0	148.0	126.0	147.0	171.0	136.0	74.0	181.0	992.0	655.0
4	20140723 10:15:52.977	710.0	1031.0	0.0	0.0	0.0	0.0	113.0	123.0	103.0	149.0	131.0	158.0	135.0	145.0	118.0	121.0	121.0	124.0	174.0	141.0	192.0	140.0	168.0	160.0	114.0	150.0	141.0	161.0	108.0	160.0	117.0	161.0	122.0	207.0	214.0	129.0	112.0	140.0	149.0	122.0	138.0	153.0	140.0	144.0	143.0	177.0	181.0	175.0	213.0	890.0	604.0
5	20140722 19:21:56.715	750.0	1028.0	0.0	0.0	0.0	0.0	181.0	112.0	98.0	99.0	105.0	157.0	143.0	171.0	126.0	142.0	111.0	139.0	131.0	134.0	154.0	146.0	164.0	139.0	121.0	123.0	124.0	140.0	125.0	163.0	196.0	146.0	177.0	159.0	182.0	154.0	189.0	233.0	243.0	250.0	239.0	320.0	200.0	240.0	284.0	581.0	632.0	656.0	584.0	459.0	323.0
6	20140722 05:41:30.887	790.0	1026.0	0.0	108.0	100.0	0.0	180.0	99.0	127.0	148.0	147.0	121.0	202.0	117.0	148.0	200.0	162.0	174.0	152.0	128.0	189.0	192.0	108.0	182.0	266.0	227.0	305.0	307.0	423.0	428.0	337.0	363.0	575.0	608.0	680.0	453.0	473.0	761.0	763.0	545.0	521.0	611.0	361.0	1597.0	1502.0	244.0	272.0	308.0	268.0	269.0	290.0
7	20140722 05:41:30.887	26.0	1026.0	0.0	0.0	0.0	0.0	0.0	0.0	0.0	0.0	0.0	0.0	0.0	0.0	0.0	0.0	0.0	0.0	0.0	0.0	0.0	0.0	0.0	0.0	0.0	0.0	0.0	0.0	0.0	0.0	0.0	0.0	266.0	258.0	239.0	334.0	314.0	399.0	375.0	356.0	375.0	361.0	361.0	566.0	535.0	1076.0	660.0	741.0	720.0	199.0	248.0
8	20140723 10:15:52.977	910.0	1022.0	0.0	121.0	117.0	138.0	102.0	120.0	112.0	128.0	126.0	100.0	127.0	121.0	118.0	249.0	158.0	139.0	227.0	147.0	156.0	193.0	159.0	213.0	134.0	110.0	188.0	199.0	140.0	167.0	126.0	180.0	179.0	127.0	199.0	150.0	157.0	197.0	164.0	205.0	230.0	183.0	222.0	274.0	250.0	309.0	263.0	321.0	300.0	1041.0	725.0
9	20140720 22:41:27.626	146.0	1022.0	0.0	0.0	0.0	0.0	0.0	0.0	0.0	0.0	0.0	0.0	0.0	0.0	0.0	187.0	188.0	143.0	215.0	168.0	241.0	147.0	178.0	195.0	250.0	168.0	305.0	188.0	172.0	230.0	193.0	201.0	255.0	201.0	242.0	203.0	171.0	140.0	274.0	164.0	173.0	176.0	152.0	186.0	209.0	191.0	281.0	290.0	256.0	410.0	332.0
10	20140723 10:15:52.977	225.0	1019.0	0.0	0.0	0.0	104.0	0.0	0.0	0.0	0.0	0.0	0.0	0.0	0.0	127.0	163.0	159.0	207.0	138.0	151.0	189.0	119.0	139.0	150.0	158.0	141.0	182.0	167.0	166.0	196.0	170.0	180.0	188.0	191.0	150.0	150.0	202.0	129.0	242.0	127.0	194.0	229.0	213.0	140.0	254.0	160.0	213.0	309.0	214.0	627.0	443.0
11	20140723 07:21:57.687	1029.0	1015.0	121.0	98.0	139.0	128.0	129.0	118.0	111.0	117.0	66.0	183.0	137.0	129.0	106.0	132.0	145.0	122.0	138.0	156.0	162.0	272.0	221.0	128.0	132.0	128.0	173.0	181.0	152.0	179.0	165.0	161.0	167.0	203.0	212.0	179.0	149.0	180.0	200.0	204.0	124.0	170.0	193.0	178.0	196.0	130.0	372.0	372.0	495.0	783.0	798.0
12	20140723 10:15:52.977	1111.0	1012.0	134.0	104.0	98.0	130.0	144.0	147.0	107.0	227.0	103.0	126.0	203.0	164.0	143.0	164.0	126.0	107.0	149.0	152.0	161.0	180.0	167.0	173.0	110.0	165.0	150.0	193.0	242.0	188.0	150.0	110.0	147.0	154.0	133.0	153.0	154.0	142.0	145.0	170.0	165.0	188.0	176.0	199.0	211.0	245.0	338.0	348.0	317.0	1027.0	1075.0
13	20140723 10:15:52.977	1069.0	1012.0	160.0	67.0	106.0	104.0	98.0	140.0	106.0	132.0	92.0	108.0	151.0	155.0	104.0	178.0	114.0	139.0	146.0	131.0	120.0	142.0	116.0	181.0	110.0	121.0	212.0	129.0	137.0	188.0	124.0	102.0	101.0	120.0	102.0	173.0	166.0	150.0	165.0	201.0	195.0	144.0	199.0	93.0	121.0	169.0	192.0	218.0	213.0	910.0	825.0
14	20140723 10:15:52.977	309.0	1014.0	133.0	140.0	119.0	171.0	160.0	80.0	113.0	150.0	123.0	167.0	129.0	155.0	108.0	130.0	116.0	160.0	159.0	122.0	122.0	117.0	166.0	183.0	196.0	144.0	159.0	190.0	149.0	131.0	123.0	141.0	110.0	158.0	193.0	143.0	213.0	162.0	191.0	156.0	189.0	145.0	159.0	175.0	174.0	160.0	208.0	188.0	182.0	462.0	398.0
15	20140723 10:15:52.977	345.0	1011.0	152.0	155.0	100.0	95.0	112.0	131.0	74.0	134.0	157.0	103.0	106.0	149.0	176.0	161.0	171.0	137.0	183.0	142.0	178.0	206.0	195.0	167.0	206.0	202.0	197.0	201.0	269.0	267.0	161.0	190.0	145.0	168.0	161.0	135.0	180.0	200.0	195.0	246.0	232.0	209.0	260.0	220.0	190.0	225.0	259.0	265.0	307.0	764.0	513.0
16	20140722 06:41:27.531	426.0	1007.0	134.0	119.0	108.0	116.0	148.0	125.0	126.0	130.0	129.0	138.0	88.0	117.0	133.0	181.0	182.0	169.0	222.0	178.0	173.0	183.0	190.0	177.0	193.0	148.0	156.0	93.0	218.0	185.0	219.0	162.0	198.0	160.0	171.0	168.0	185.0	239.0	200.0	144.0	149.0	164.0	153.0	223.0	487.0	270.0	251.0	333.0	354.0	811.0	523.0
17	20140722 19:21:56.715	467.0	1005.0	128.0	98.0	119.0	183.0	134.0	104.0	130.0	114.0	113.0	189.0	131.0	169.0	140.0	194.0	165.0	202.0	172.0	160.0	192.0	195.0	251.0	182.0	223.0	203.0	204.0	195.0	268.0	212.0	215.0	245.0	227.0	240.0	292.0	244.0	258.0	246.0	220.0	202.0	248.0	244.0	282.0	287.0	300.0	1667.0	1428.0	1298.0	1362.0	954.0	471.0
18	20140722 19:21:56.715	506.0	1002.0	129.0	130.0	117.0	121.0	127.0	138.0	115.0	149.0	133.0	111.0	130.0	204.0	177.0	233.0	149.0	167.0	154.0	124.0	243.0	266.0	192.0	229.0	246.0	148.0	231.0	256.0	258.0	291.0	320.0	279.0	387.0	314.0	201.0	187.0	155.0	301.0	260.0	204.0	164.0	223.0	281.0	320.0	301.0	459.0	366.0	607.0	794.0	606.0	495.0
19	20140723 10:15:52.977	545.0	1001.0	158.0	104.0	113.0	223.0	167.0	143.0	118.0	131.0	127.0	120.0	162.0	119.0	114.0	134.0	130.0	169.0	167.0	139.0	167.0	181.0	194.0	182.0	166.0	131.0	155.0	170.0	176.0	165.0	197.0	220.0	250.0	172.0	218.0	213.0	151.0	218.0	211.0	145.0	179.0	202.0	158.0	168.0	247.0	260.0	413.0	352.0	306.0	835.0	621.0
20	20140722 19:21:56.715	628.0	999.0	118.0	125.0	145.0	126.0	104.0	124.0	76.0	136.0	137.0	138.0	161.0	145.0	127.0	172.0	145.0	241.0	183.0	108.0	160.0	187.0	196.0	249.0	219.0	181.0	181.0	351.0	264.0	221.0	232.0	206.0	217.0	216.0	176.0	209.0	214.0	227.0	328.0	301.0	280.0	299.0	315.0	347.0	357.0	683.0	933.0	765.0	767.0	688.0	499.0
21	20140723 10:15:52.977	706.0	994.0	153.0	124.0	95.0	156.0	111.0	136.0	133.0	141.0	118.0	147.0	136.0	146.0	94.0	169.0	136.0	191.0	140.0	114.0	157.0	127.0	158.0	176.0	199.0	125.0	164.0	138.0	137.0	150.0	151.0	176.0	193.0	159.0	120.0	156.0	216.0	171.0	200.0	178.0	147.0	206.0	183.0	138.0	155.0	113.0	231.0	201.0	193.0	977.0	812.0
22	20140723 06:21:54.808	669.0	995.0	135.0	79.0	130.0	87.0	128.0	99.0	95.0	123.0	142.0	120.0	91.0	137.0	95.0	193.0	163.0	167.0	169.0	122.0	179.0	159.0	138.0	108.0	175.0	140.0	137.0	149.0	159.0	218.0	211.0	184.0	157.0	147.0	122.0	224.0	153.0	149.0	144.0	208.0	139.0	171.0	208.0	170.0	171.0	214.0	424.0	576.0	407.0	805.0	580.0
23	20140721 23:41:34.54	787.0	988.0	91.0	183.0	143.0	176.0	183.0	179.0	106.0	117.0	151.0	140.0	140.0	145.0	110.0	169.0	228.0	176.0	201.0	183.0	128.0	214.0	256.0	194.0	243.0	213.0	245.0	306.0	320.0	263.0	234.0	240.0	222.0	157.0	219.0	258.0	319.0	377.0	441.0	492.0	533.0	546.0	578.0	693.0	650.0	820.0	623.0	661.0	644.0	446.0	397.0
24	20140721 19:41:32.497	826.0	986.0	179.0	134.0	108.0	103.0	99.0	116.0	120.0	123.0	80.0	155.0	119.0	171.0	83.0	176.0	131.0	206.0	171.0	244.0	140.0	201.0	225.0	164.0	199.0	272.0	221.0	285.0	320.0	417.0	315.0	362.0	362.0	387.0	337.0	505.0	445.0	408.0	575.0	548.0	453.0	433.0	578.0	463.0	487.0	566.0	687.0	742.0	777.0	707.0	679.0
25	20140722 19:21:56.715	24.0	986.0	0.0	0.0	0.0	0.0	0.0	0.0	0.0	0.0	0.0	0.0	0.0	0.0	0.0	0.0	0.0	0.0	0.0	0.0	0.0	0.0	0.0	0.0	0.0	0.0	0.0	0.0	0.0	0.0	0.0	0.0	0.0	245.0	161.0	244.0	142.0	278.0	202.0	260.0	227.0	249.0	246.0	284.0	287.0	357.0	440.0	433.0	580.0	253.0	375.0
26	20140721 19:41:32.497	185.0	978.0	0.0	0.0	0.0	0.0	0.0	0.0	0.0	0.0	0.0	0.0	0.0	0.0	0.0	202.0	267.0	167.0	203.0	248.0	227.0	276.0	270.0	287.0	247.0	198.0	235.0	186.0	152.0	194.0	206.0	281.0	180.0	169.0	213.0	1045.0	1404.0	902.0	687.0	843.0	670.0	650.0	825.0	688.0	564.0	690.0	428.0	415.0	487.0	206.0	289.0
27	20140723 10:15:52.977	1067.0	976.0	181.0	101.0	116.0	156.0	140.0	120.0	141.0	140.0	153.0	96.0	100.0	133.0	157.0	251.0	170.0	117.0	134.0	160.0	192.0	166.0	176.0	220.0	243.0	154.0	167.0	223.0	128.0	195.0	163.0	152.0	220.0	161.0	165.0	155.0	181.0	194.0	254.0	239.0	175.0	259.0	214.0	165.0	275.0	194.0	245.0	277.0	260.0	526.0	547.0
28	20140721 22:41:32.655	224.0	977.0	142.0	0.0	0.0	54.0	0.0	0.0	0.0	0.0	0.0	0.0	0.0	0.0	0.0	151.0	193.0	152.0	174.0	185.0	210.0	249.0	222.0	207.0	217.0	253.0	245.0	303.0	257.0	221.0	263.0	230.0	209.0	206.0	213.0	258.0	206.0	260.0	393.0	398.0	339.0	264.0	237.0	330.0	294.0	676.0	637.0	362.0	387.0	208.0	196.0
29	20140722 19:21:56.715	1146.0	972.0	138.0	119.0	104.0	101.0	176.0	140.0	94.0	80.0	127.0	102.0	131.0	130.0	125.0	117.0	133.0	156.0	151.0	137.0	170.0	199.0	142.0	209.0	185.0	186.0	195.0	130.0	254.0	246.0	185.0	145.0	196.0	174.0	191.0	219.0	189.0	281.0	209.0	224.0	216.0	222.0	245.0	290.0	229.0	668.0	657.0	224.0	243.0	920.0	860.0
30	20140721 18:41:31.37	1110.0	973.0	120.0	104.0	135.0	178.0	155.0	160.0	135.0	128.0	172.0	133.0	139.0	165.0	159.0	168.0	143.0	158.0	176.0	198.0	167.0	189.0	197.0	213.0	184.0	136.0	180.0	209.0	214.0	313.0	344.0	391.0	535.0	582.0	712.0	523.0	632.0	863.0	897.0	759.0	769.0	1092.0	649.0	691.0	1096.0	681.0	517.0	307.0	300.0	702.0	665.0
31	20140723 10:15:52.977	344.0	971.0	160.0	95.0	125.0	176.0	158.0	108.0	123.0	130.0	114.0	106.0	150.0	120.0	137.0	87.0	114.0	92.0	137.0	130.0	201.0	135.0	102.0	166.0	189.0	142.0	140.0	154.0	107.0	151.0	137.0	144.0	165.0	120.0	118.0	161.0	126.0	135.0	145.0	122.0	156.0	164.0	176.0	115.0	221.0	196.0	203.0	320.0	218.0	614.0	563.0
32	20140723 03:21:55.839	383.0	970.0	147.0	118.0	118.0	148.0	161.0	96.0	87.0	141.0	114.0	116.0	162.0	121.0	141.0	224.0	197.0	144.0	188.0	218.0	181.0	157.0	235.0	231.0	164.0	163.0	211.0	198.0	186.0	195.0	212.0	197.0	178.0	151.0	165.0	237.0	227.0	249.0	248.0	194.0	293.0	217.0	271.0	262.0	305.0	311.0	467.0	451.0	390.0	735.0	530.0
33	20140723 06:21:54.808	1188.0	969.0	96.0	126.0	94.0	105.0	152.0	101.0	149.0	93.0	96.0	147.0	99.0	171.0	193.0	255.0	163.0	152.0	159.0	159.0	139.0	156.0	206.0	137.0	149.0	195.0	166.0	195.0	199.0	232.0	186.0	199.0	208.0	218.0	259.0	236.0	224.0	270.0	368.0	253.0	236.0	261.0	242.0	273.0	291.0	280.0	561.0	1511.0	1449.0	673.0	667.0
34	20140723 03:21:55.839	465.0	966.0	112.0	86.0	124.0	82.0	154.0	101.0	130.0	128.0	110.0	104.0	93.0	170.0	127.0	169.0	166.0	125.0	154.0	127.0	192.0	138.0	192.0	205.0	193.0	199.0	197.0	242.0	219.0	190.0	161.0	171.0	230.0	312.0	206.0	266.0	265.0	316.0	259.0	264.0	294.0	239.0	183.0	222.0	238.0	262.0	451.0	426.0	396.0	751.0	384.0
35	20140723 03:21:55.839	504.0	962.0	130.0	123.0	134.0	98.0	149.0	159.0	124.0	132.0	171.0	158.0	124.0	151.0	154.0	158.0	199.0	180.0	156.0	147.0	185.0	199.0	264.0	196.0	222.0	212.0	234.0	274.0	214.0	250.0	291.0	269.0	247.0	245.0	262.0	210.0	236.0	282.0	301.0	224.0	219.0	267.0	335.0	255.0	291.0	600.0	1553.0	884.0	871.0	736.0	474.0
36	20140723 10:15:52.977	624.0	959.0	130.0	137.0	113.0	182.0	134.0	103.0	83.0	124.0	111.0	117.0	113.0	198.0	124.0	186.0	109.0	144.0	151.0	167.0	223.0	192.0	180.0	201.0	205.0	194.0	196.0	228.0	164.0	173.0	179.0	188.0	176.0	144.0	155.0	223.0	231.0	199.0	173.0	184.0	232.0	186.0	290.0	225.0	211.0	216.0	293.0	277.0	268.0	843.0	529.0
37	20140723 10:15:52.977	666.0	955.0	133.0	170.0	158.0	113.0	119.0	230.0	104.0	96.0	102.0	138.0	179.0	182.0	103.0	240.0	187.0	131.0	197.0	166.0	215.0	168.0	178.0	199.0	196.0	155.0	145.0	220.0	155.0	135.0	139.0	135.0	151.0	212.0	198.0	142.0	170.0	260.0	156.0	199.0	165.0	226.0	245.0	164.0	179.0	220.0	404.0	302.0	339.0	887.0	706.0
38	20140722 06:41:27.531	704.0	953.0	128.0	127.0	154.0	111.0	135.0	136.0	120.0	92.0	177.0	131.0	143.0	118.0	91.0	225.0	180.0	180.0	159.0	164.0	172.0	164.0	187.0	187.0	205.0	207.0	146.0	260.0	190.0	153.0	232.0	219.0	231.0	256.0	247.0	228.0	270.0	263.0	314.0	195.0	211.0	263.0	283.0	361.0	507.0	400.0	249.0	187.0	157.0	690.0	524.0
39	20140723 03:21:55.839	743.0	951.0	97.0	125.0	110.0	98.0	203.0	137.0	112.0	133.0	128.0	114.0	116.0	134.0	113.0	188.0	137.0	133.0	118.0	127.0	138.0	177.0	175.0	154.0	175.0	202.0	203.0	278.0	217.0	220.0	178.0	217.0	236.0	158.0	249.0	216.0	177.0	224.0	207.0	286.0	227.0	213.0	178.0	152.0	215.0	260.0	555.0	578.0	521.0	683.0	501.0
40	20140723 10:15:52.977	866.0	945.0	126.0	144.0	103.0	148.0	141.0	129.0	95.0	164.0	113.0	112.0	128.0	125.0	95.0	186.0	181.0	171.0	194.0	201.0	212.0	250.0	208.0	206.0	248.0	219.0	224.0	289.0	296.0	286.0	238.0	301.0	300.0	257.0	196.0	279.0	266.0	261.0	313.0	276.0	260.0	223.0	268.0	356.0	341.0	352.0	403.0	437.0	374.0	905.0	810.0
41	20140721 11:41:27.82	341.0	931.0	157.0	175.0	146.0	172.0	160.0	107.0	127.0	105.0	110.0	121.0	181.0	157.0	116.0	233.0	166.0	163.0	211.0	177.0	197.0	280.0	222.0	227.0	262.0	238.0	251.0	471.0	476.0	406.0	319.0	197.0	267.0	308.0	319.0	367.0	376.0	462.0	553.0	477.0	440.0	553.0	500.0	640.0	643.0	731.0	673.0	644.0	717.0	357.0	286.0
42	20140722 19:21:56.715	421.0	927.0	162.0	123.0	156.0	200.0	147.0	104.0	92.0	142.0	123.0	121.0	125.0	161.0	155.0	181.0	157.0	167.0	209.0	169.0	179.0	228.0	231.0	190.0	201.0	177.0	232.0	248.0	310.0	212.0	175.0	221.0	245.0	209.0	223.0	236.0	280.0	185.0	251.0	223.0	211.0	233.0	262.0	219.0	293.0	562.0	826.0	811.0	858.0	679.0	409.0
43	20140722 06:41:27.531	1306.0	923.0	132.0	103.0	112.0	98.0	144.0	107.0	139.0	107.0	123.0	127.0	130.0	177.0	197.0	194.0	144.0	126.0	205.0	141.0	230.0	166.0	207.0	175.0	170.0	179.0	192.0	226.0	238.0	193.0	209.0	185.0	274.0	247.0	222.0	230.0	229.0	230.0	231.0	266.0	292.0	265.0	204.0	260.0	488.0	277.0	0.0	0.0	0.0	0.0	0.0
44	20140721 11:41:27.82	700.0	912.0	150.0	153.0	119.0	137.0	137.0	131.0	140.0	118.0	114.0	120.0	116.0	179.0	142.0	155.0	153.0	168.0	139.0	142.0	253.0	142.0	188.0	209.0	230.0	198.0	175.0	898.0	814.0	638.0	520.0	446.0	506.0	562.0	1250.0	868.0	881.0	746.0	802.0	749.0	673.0	677.0	582.0	595.0	689.0	289.0	256.0	219.0	218.0	760.0	488.0
45	20140721 17:41:29.874	780.0	908.0	203.0	115.0	144.0	113.0	118.0	114.0	122.0	96.0	130.0	173.0	119.0	166.0	124.0	175.0	169.0	165.0	190.0	181.0	158.0	234.0	209.0	214.0	303.0	219.0	263.0	436.0	416.0	482.0	343.0	350.0	551.0	624.0	747.0	492.0	503.0	712.0	679.0	579.0	465.0	514.0	497.0	420.0	640.0	343.0	630.0	479.0	471.0	1094.0	703.0
46	20140722 05:41:30.887	98.0	902.0	0.0	0.0	0.0	0.0	0.0	0.0	0.0	0.0	0.0	0.0	0.0	0.0	0.0	0.0	0.0	0.0	0.0	0.0	159.0	215.0	194.0	230.0	232.0	202.0	177.0	197.0	203.0	186.0	208.0	159.0	215.0	175.0	194.0	233.0	190.0	167.0	216.0	158.0	235.0	253.0	196.0	331.0	278.0	460.0	453.0	531.0	471.0	230.0	290.0
47	20140722 19:21:56.715	1021.0	898.0	167.0	137.0	134.0	91.0	114.0	133.0	137.0	158.0	140.0	139.0	140.0	175.0	130.0	157.0	174.0	156.0	176.0	137.0	194.0	109.0	194.0	219.0	214.0	201.0	179.0	231.0	145.0	162.0	177.0	154.0	129.0	179.0	225.0	159.0	166.0	208.0	215.0	172.0	185.0	206.0	215.0	260.0	192.0	418.0	675.0	661.0	671.0	726.0	681.0
48	20140720 20:41:27.540	176.0	899.0	0.0	0.0	0.0	0.0	0.0	0.0	0.0	0.0	0.0	0.0	0.0	0.0	0.0	148.0	194.0	134.0	122.0	165.0	231.0	241.0	170.0	269.0	148.0	221.0	185.0	177.0	174.0	190.0	237.0	148.0	168.0	175.0	209.0	156.0	183.0	157.0	188.0	145.0	151.0	188.0	276.0	168.0	247.0	219.0	236.0	353.0	300.0	334.0	372.0
49	20140721 11:41:27.82	258.0	896.0	170.0	75.0	113.0	122.0	116.0	121.0	113.0	149.0	172.0	149.0	141.0	124.0	143.0	184.0	161.0	130.0	135.0	160.0	238.0	219.0	195.0	193.0	228.0	234.0	197.0	282.0	228.0	183.0	213.0	228.0	230.0	221.0	172.0	216.0	210.0	159.0	230.0	218.0	209.0	183.0	240.0	296.0	267.0	189.0	245.0	289.0	253.0	394.0	448.0
50	20140723 03:21:55.839	1182.0	889.0	175.0	111.0	136.0	100.0	78.0	123.0	97.0	107.0	157.0	161.0	125.0	177.0	261.0	207.0	195.0	111.0	183.0	136.0	147.0	172.0	157.0	149.0	142.0	151.0	145.0	160.0	123.0	173.0	159.0	147.0	141.0	116.0	142.0	129.0	141.0	206.0	184.0	146.0	121.0	155.0	237.0	143.0	131.0	136.0	1260.0	1339.0	1268.0	466.0	462.0
51	20140723 06:21:54.808	379.0	891.0	96.0	129.0	131.0	149.0	158.0	173.0	122.0	147.0	193.0	153.0	121.0	181.0	138.0	141.0	190.0	152.0	204.0	136.0	212.0	145.0	178.0	176.0	231.0	166.0	170.0	200.0	166.0	130.0	133.0	169.0	195.0	138.0	177.0	206.0	165.0	200.0	128.0	193.0	144.0	232.0	253.0	185.0	186.0	223.0	303.0	322.0	302.0	515.0	466.0
52	20140722 19:21:56.715	458.0	885.0	134.0	117.0	134.0	124.0	130.0	123.0	93.0	140.0	148.0	103.0	154.0	135.0	178.0	228.0	116.0	138.0	141.0	172.0	216.0	134.0	233.0	163.0	198.0	182.0	172.0	198.0	190.0	206.0	233.0	209.0	190.0	240.0	190.0	238.0	261.0	255.0	224.0	243.0	210.0	215.0	244.0	210.0	211.0	432.0	735.0	727.0	626.0	744.0	490.0
53	20140723 10:15:52.977	659.0	876.0	115.0	81.0	80.0	109.0	141.0	137.0	143.0	116.0	141.0	111.0	132.0	121.0	129.0	163.0	167.0	197.0	199.0	151.0	160.0	134.0	184.0	192.0	180.0	163.0	192.0	195.0	164.0	203.0	207.0	153.0	199.0	259.0	284.0	245.0	287.0	309.0	267.0	224.0	262.0	305.0	274.0	302.0	368.0	317.0	160.0	238.0	218.0	862.0	565.0
54	20140723 06:21:54.808	906.0	872.0	135.0	79.0	122.0	97.0	99.0	153.0	104.0	142.0	157.0	177.0	132.0	138.0	127.0	148.0	121.0	150.0	113.0	125.0	180.0	95.0	136.0	165.0	158.0	139.0	156.0	117.0	148.0	94.0	169.0	127.0	118.0	137.0	135.0	127.0	96.0	91.0	152.0	141.0	140.0	118.0	136.0	98.0	142.0	125.0	176.0	353.0	176.0	138.0	115.0
55	20140723 10:15:52.977	738.0	870.0	104.0	92.0	120.0	133.0	112.0	62.0	119.0	151.0	114.0	152.0	189.0	141.0	149.0	137.0	117.0	191.0	167.0	185.0	138.0	245.0	150.0	177.0	136.0	126.0	230.0	189.0	156.0	169.0	165.0	133.0	140.0	157.0	173.0	175.0	150.0	261.0	221.0	198.0	188.0	134.0	230.0	154.0	212.0	183.0	259.0	232.0	248.0	712.0	552.0
56	20140723 03:21:55.839	95.0	863.0	0.0	0.0	0.0	0.0	0.0	0.0	0.0	0.0	0.0	0.0	0.0	0.0	0.0	0.0	0.0	0.0	0.0	0.0	216.0	145.0	160.0	171.0	191.0	165.0	208.0	196.0	160.0	189.0	174.0	170.0	191.0	187.0	130.0	161.0	231.0	185.0	202.0	167.0	287.0	210.0	231.0	279.0	243.0	536.0	2447.0	2493.0	2568.0	412.0	383.0
57	20140722 05:41:30.887	57.0	865.0	0.0	0.0	0.0	0.0	0.0	0.0	0.0	0.0	0.0	0.0	0.0	0.0	0.0	0.0	0.0	0.0	0.0	0.0	0.0	0.0	0.0	0.0	0.0	118.0	146.0	246.0	258.0	147.0	192.0	212.0	218.0	203.0	179.0	202.0	212.0	208.0	285.0	236.0	212.0	223.0	241.0	461.0	420.0	383.0	646.0	670.0	646.0	286.0	277.0
58	20140723 03:21:55.839	64.0	860.0	0.0	0.0	0.0	0.0	0.0	0.0	0.0	0.0	0.0	0.0	0.0	0.0	0.0	0.0	0.0	0.0	0.0	0.0	0.0	0.0	0.0	0.0	162.0	131.0	85.0	128.0	131.0	173.0	156.0	155.0	125.0	127.0	110.0	126.0	120.0	237.0	159.0	159.0	160.0	162.0	147.0	150.0	120.0	145.0	598.0	385.0	375.0	196.0	187.0
59	20140720 19:41:28.706	176.0	859.0	0.0	0.0	0.0	0.0	0.0	0.0	0.0	0.0	0.0	0.0	0.0	0.0	0.0	338.0	251.0	200.0	231.0	211.0	282.0	401.0	274.0	343.0	299.0	315.0	359.0	289.0	319.0	274.0	291.0	244.0	300.0	386.0	357.0	300.0	351.0	348.0	393.0	469.0	371.0	328.0	306.0	315.0	265.0	411.0	436.0	509.0	617.0	642.0	414.0
60	20140722 05:41:30.887	215.0	857.0	0.0	0.0	0.0	0.0	0.0	0.0	0.0	0.0	0.0	0.0	0.0	0.0	0.0	167.0	167.0	140.0	204.0	182.0	218.0	193.0	308.0	305.0	353.0	253.0	343.0	344.0	271.0	315.0	303.0	282.0	335.0	296.0	298.0	282.0	341.0	290.0	344.0	455.0	416.0	438.0	498.0	546.0	517.0	1027.0	515.0	497.0	524.0	381.0	426.0
61	20140723 03:21:55.839	296.0	853.0	119.0	138.0	88.0	158.0	118.0	150.0	137.0	128.0	192.0	124.0	149.0	149.0	138.0	151.0	152.0	157.0	140.0	137.0	189.0	152.0	222.0	215.0	216.0	184.0	223.0	265.0	194.0	213.0	272.0	204.0	207.0	222.0	224.0	214.0	194.0	198.0	189.0	195.0	192.0	210.0	173.0	300.0	346.0	277.0	365.0	483.0	425.0	604.0	427.0
62	20140723 10:15:52.977	374.0	849.0	138.0	113.0	102.0	166.0	135.0	125.0	123.0	110.0	122.0	130.0	134.0	176.0	155.0	198.0	130.0	179.0	167.0	158.0	213.0	182.0	186.0	206.0	212.0	217.0	288.0	267.0	193.0	263.0	251.0	256.0	255.0	163.0	209.0	190.0	196.0	262.0	185.0	240.0	201.0	255.0	235.0	210.0	230.0	332.0	255.0	296.0	296.0	626.0	451.0
63	20140723 10:15:52.977	416.0	847.0	148.0	119.0	131.0	120.0	176.0	159.0	121.0	154.0	150.0	99.0	130.0	142.0	117.0	168.0	186.0	139.0	171.0	138.0	172.0	144.0	186.0	219.0	249.0	271.0	264.0	220.0	185.0	174.0	224.0	222.0	206.0	218.0	191.0	205.0	215.0	165.0	250.0	195.0	203.0	243.0	228.0	272.0	238.0	185.0	181.0	303.0	229.0	647.0	510.0
64	20140722 19:21:56.715	456.0	845.0	171.0	94.0	89.0	146.0	151.0	116.0	99.0	120.0	134.0	89.0	173.0	190.0	141.0	182.0	182.0	152.0	193.0	183.0	238.0	197.0	225.0	253.0	344.0	242.0	272.0	276.0	303.0	329.0	339.0	258.0	271.0	279.0	295.0	322.0	268.0	282.0	225.0	227.0	268.0	287.0	361.0	318.0	316.0	407.0	455.0	623.0	662.0	696.0	487.0
65	20140722 02:41:36.226	1260.0	845.0	106.0	135.0	126.0	163.0	163.0	157.0	114.0	131.0	151.0	125.0	114.0	179.0	146.0	119.0	126.0	144.0	148.0	114.0	155.0	151.0	122.0	138.0	161.0	168.0	130.0	169.0	144.0	189.0	133.0	248.0	209.0	221.0	143.0	170.0	159.0	191.0	200.0	237.0	205.0	185.0	286.0	312.0	424.0	368.0	395.0	418.0	447.0	0.0	0.0
66	20140723 10:15:52.977	537.0	842.0	121.0	146.0	182.0	167.0	149.0	185.0	142.0	115.0	116.0	142.0	166.0	142.0	106.0	221.0	189.0	147.0	97.0	198.0	182.0	181.0	156.0	169.0	195.0	176.0	178.0	185.0	218.0	251.0	209.0	192.0	191.0	221.0	171.0	172.0	190.0	191.0	249.0	224.0	194.0	192.0	216.0	295.0	335.0	374.0	439.0	311.0	356.0	781.0	496.0
67	20140723 10:15:52.977	577.0	839.0	207.0	93.0	117.0	119.0	133.0	101.0	102.0	153.0	114.0	102.0	150.0	145.0	171.0	140.0	100.0	151.0	143.0	200.0	175.0	124.0	135.0	153.0	194.0	135.0	178.0	197.0	170.0	180.0	189.0	142.0	184.0	160.0	165.0	276.0	186.0	250.0	253.0	216.0	305.0	245.0	235.0	161.0	209.0	206.0	232.0	251.0	261.0	854.0	667.0
68	20140722 05:41:30.887	656.0	835.0	114.0	106.0	140.0	96.0	102.0	128.0	123.0	172.0	131.0	154.0	156.0	183.0	123.0	210.0	186.0	135.0	192.0	201.0	207.0	229.0	188.0	181.0	139.0	146.0	201.0	156.0	201.0	127.0	169.0	200.0	193.0	224.0	179.0	193.0	199.0	170.0	195.0	181.0	219.0	286.0	407.0	676.0	944.0	1200.0	1117.0	293.0	300.0	368.0	248.0
69	20140723 10:15:52.977	737.0	830.0	126.0	84.0	106.0	129.0	130.0	167.0	106.0	97.0	96.0	151.0	122.0	187.0	144.0	141.0	147.0	162.0	129.0	160.0	273.0	361.0	255.0	188.0	171.0	164.0	200.0	150.0	156.0	138.0	202.0	229.0	176.0	195.0	170.0	201.0	247.0	145.0	231.0	209.0	220.0	214.0	202.0	207.0	258.0	242.0	257.0	219.0	263.0	893.0	624.0
70	20140723 10:15:52.977	775.0	828.0	145.0	89.0	97.0	147.0	113.0	146.0	117.0	116.0	101.0	169.0	175.0	154.0	127.0	93.0	179.0	104.0	173.0	129.0	151.0	127.0	185.0	160.0	227.0	191.0	181.0	476.0	396.0	361.0	284.0	340.0	305.0	307.0	253.0	270.0	258.0	313.0	222.0	229.0	210.0	192.0	197.0	303.0	237.0	194.0	198.0	257.0	189.0	1125.0	754.0
71	20140723 10:15:52.977	856.0	825.0	133.0	147.0	126.0	141.0	157.0	109.0	108.0	98.0	117.0	145.0	109.0	155.0	134.0	174.0	196.0	159.0	121.0	146.0	152.0	202.0	167.0	141.0	239.0	168.0	184.0	156.0	213.0	179.0	172.0	158.0	179.0	163.0	201.0	137.0	151.0	286.0	263.0	153.0	181.0	225.0	229.0	254.0	265.0	263.0	393.0	399.0	356.0	946.0	741.0
72	20140722 19:21:56.715	53.0	825.0	0.0	0.0	0.0	0.0	0.0	0.0	0.0	0.0	0.0	0.0	0.0	0.0	0.0	0.0	0.0	0.0	0.0	0.0	0.0	0.0	0.0	0.0	0.0	0.0	199.0	197.0	150.0	213.0	213.0	215.0	146.0	221.0	179.0	190.0	164.0	248.0	261.0	242.0	206.0	193.0	249.0	320.0	361.0	801.0	710.0	722.0	868.0	335.0	386.0
73	20140723 06:21:54.808	896.0	823.0	120.0	95.0	106.0	167.0	121.0	157.0	106.0	149.0	137.0	85.0	148.0	189.0	127.0	133.0	215.0	142.0	174.0	139.0	228.0	194.0	199.0	148.0	198.0	221.0	142.0	159.0	150.0	141.0	247.0	127.0	163.0	217.0	158.0	234.0	188.0	238.0	218.0	171.0	245.0	202.0	238.0	243.0	335.0	333.0	411.0	475.0	435.0	845.0	783.0
74	20140723 03:21:55.839	1259.0	824.0	138.0	163.0	96.0	141.0	94.0	147.0	136.0	139.0	105.0	140.0	127.0	119.0	130.0	184.0	224.0	89.0	155.0	163.0	141.0	132.0	129.0	168.0	169.0	125.0	192.0	189.0	124.0	164.0	128.0	122.0	130.0	132.0	169.0	189.0	103.0	181.0	71.0	137.0	84.0	115.0	135.0	132.0	144.0	103.0	622.0	423.0	435.0	0.0	0.0
75	20140721 18:41:31.37	93.0	822.0	0.0	0.0	0.0	0.0	0.0	0.0	0.0	0.0	0.0	0.0	0.0	0.0	0.0	0.0	0.0	0.0	0.0	0.0	180.0	194.0	285.0	217.0	242.0	230.0	193.0	270.0	177.0	257.0	276.0	205.0	192.0	352.0	752.0	1130.0	1027.0	879.0	970.0	954.0	1009.0	1052.0	992.0	953.0	799.0	451.0	569.0	597.0	611.0	240.0	245.0
76	20140722 05:41:30.887	293.0	814.0	141.0	147.0	116.0	143.0	140.0	108.0	161.0	126.0	133.0	105.0	137.0	137.0	91.0	184.0	156.0	143.0	151.0	99.0	155.0	158.0	184.0	155.0	125.0	170.0	175.0	236.0	121.0	170.0	211.0	160.0	202.0	198.0	171.0	205.0	163.0	157.0	200.0	166.0	179.0	218.0	198.0	309.0	215.0	179.0	310.0	273.0	250.0	401.0	412.0
77	20140723 10:15:52.977	1137.0	811.0	141.0	97.0	94.0	140.0	135.0	111.0	148.0	141.0	131.0	124.0	117.0	193.0	143.0	186.0	164.0	142.0	170.0	147.0	167.0	374.0	188.0	131.0	149.0	128.0	142.0	205.0	166.0	201.0	140.0	171.0	160.0	169.0	132.0	167.0	141.0	183.0	234.0	175.0	211.0	212.0	212.0	162.0	231.0	175.0	234.0	222.0	286.0	716.0	650.0
78	20140721 18:41:31.37	374.0	810.0	162.0	145.0	121.0	210.0	104.0	128.0	117.0	135.0	96.0	174.0	114.0	163.0	96.0	200.0	191.0	172.0	152.0	145.0	322.0	182.0	140.0	150.0	162.0	154.0	194.0	217.0	144.0	200.0	248.0	245.0	299.0	311.0	450.0	318.0	377.0	518.0	561.0	394.0	385.0	457.0	398.0	309.0	506.0	381.0	433.0	445.0	434.0	631.0	514.0
79	20140722 05:41:30.887	333.0	809.0	185.0	108.0	74.0	143.0	148.0	172.0	95.0	118.0	95.0	113.0	157.0	183.0	79.0	200.0	246.0	187.0	168.0	173.0	166.0	201.0	169.0	200.0	173.0	148.0	179.0	188.0	205.0	183.0	162.0	203.0	174.0	175.0	142.0	229.0	159.0	187.0	250.0	197.0	191.0	316.0	401.0	1313.0	1183.0	1361.0	1206.0	1210.0	1122.0	283.0	270.0
80	20140723 10:15:52.977	411.0	807.0	145.0	103.0	137.0	211.0	149.0	116.0	106.0	110.0	97.0	145.0	120.0	130.0	150.0	136.0	123.0	181.0	254.0	182.0	167.0	196.0	164.0	188.0	157.0	148.0	170.0	181.0	134.0	150.0	170.0	152.0	182.0	157.0	131.0	226.0	171.0	151.0	166.0	198.0	157.0	231.0	222.0	185.0	225.0	250.0	240.0	229.0	227.0	667.0	571.0
81	20140723 03:21:55.839	492.0	802.0	90.0	140.0	136.0	112.0	158.0	114.0	101.0	209.0	108.0	156.0	124.0	122.0	130.0	157.0	187.0	122.0	152.0	188.0	164.0	148.0	224.0	178.0	220.0	218.0	222.0	191.0	178.0	193.0	206.0	194.0	269.0	214.0	144.0	219.0	245.0	216.0	259.0	179.0	240.0	313.0	208.0	256.0	220.0	264.0	562.0	742.0	761.0	472.0	387.0
82	20140723 10:15:52.977	573.0	800.0	143.0	124.0	153.0	167.0	131.0	136.0	126.0	130.0	93.0	167.0	90.0	104.0	156.0	194.0	135.0	195.0	159.0	156.0	212.0	151.0	186.0	117.0	211.0	219.0	243.0	241.0	213.0	264.0	222.0	147.0	192.0	190.0	184.0	223.0	214.0	242.0	275.0	218.0	223.0	258.0	274.0	221.0	214.0	206.0	264.0	305.0	336.0	1136.0	703.0
83	20140723 10:15:52.977	652.0	796.0	129.0	111.0	145.0	124.0	130.0	146.0	112.0	90.0	171.0	119.0	131.0	144.0	134.0	251.0	211.0	135.0	172.0	159.0	178.0	171.0	152.0	134.0	153.0	145.0	217.0	194.0	181.0	216.0	148.0	151.0	195.0	180.0	143.0	168.0	178.0	193.0	260.0	180.0	167.0	188.0	201.0	138.0	160.0	199.0	244.0	280.0	188.0	848.0	576.0
84	20140723 10:15:52.977	696.0	792.0	129.0	108.0	105.0	113.0	133.0	151.0	110.0	125.0	137.0	142.0	145.0	225.0	193.0	182.0	160.0	186.0	137.0	122.0	197.0	185.0	166.0	176.0	204.0	165.0	187.0	184.0	185.0	178.0	208.0	198.0	281.0	202.0	208.0	295.0	188.0	169.0	260.0	188.0	164.0	250.0	203.0	283.0	356.0	242.0	372.0	448.0	480.0	938.0	630.0
85	20140723 03:21:55.839	10.0	786.0	0.0	0.0	0.0	0.0	0.0	0.0	0.0	0.0	0.0	0.0	0.0	0.0	0.0	0.0	0.0	0.0	0.0	0.0	0.0	0.0	0.0	0.0	0.0	0.0	0.0	0.0	0.0	0.0	0.0	0.0	0.0	0.0	0.0	0.0	0.0	0.0	0.0	0.0	188.0	287.0	249.0	399.0	401.0	491.0	2524.0	2333.0	2098.0	210.0	318.0
86	20140721 12:41:26.786	50.0	784.0	0.0	0.0	0.0	0.0	0.0	0.0	0.0	0.0	0.0	0.0	0.0	0.0	0.0	0.0	0.0	0.0	0.0	0.0	0.0	0.0	0.0	0.0	0.0	0.0	0.0	215.0	274.0	225.0	161.0	218.0	214.0	263.0	221.0	261.0	247.0	246.0	278.0	260.0	238.0	327.0	246.0	333.0	404.0	322.0	408.0	456.0	453.0	318.0	340.0
87	20140721 21:41:34.371	91.0	783.0	0.0	0.0	0.0	0.0	0.0	0.0	0.0	0.0	0.0	0.0	0.0	0.0	0.0	0.0	0.0	0.0	0.0	0.0	235.0	183.0	158.0	125.0	192.0	166.0	212.0	177.0	152.0	178.0	164.0	151.0	176.0	147.0	192.0	195.0	324.0	450.0	740.0	783.0	711.0	540.0	426.0	434.0	458.0	285.0	364.0	392.0	370.0	244.0	303.0
88	20140723 10:15:52.977	934.0	781.0	130.0	113.0	102.0	149.0	149.0	119.0	138.0	137.0	138.0	154.0	134.0	121.0	121.0	166.0	163.0	148.0	175.0	201.0	224.0	224.0	268.0	179.0	232.0	174.0	189.0	189.0	187.0	232.0	205.0	190.0	225.0	247.0	197.0	181.0	179.0	234.0	213.0	173.0	259.0	249.0	236.0	330.0	326.0	273.0	363.0	464.0	388.0	865.0	845.0
89	20140723 03:21:55.839	893.0	782.0	135.0	140.0	105.0	109.0	94.0	128.0	115.0	115.0	185.0	160.0	100.0	185.0	149.0	194.0	155.0	107.0	176.0	155.0	132.0	149.0	163.0	137.0	195.0	114.0	132.0	186.0	111.0	178.0	116.0	115.0	131.0	139.0	134.0	153.0	110.0	91.0	136.0	133.0	135.0	149.0	133.0	136.0	136.0	197.0	567.0	674.0	631.0	348.0	268.0
90	20140722 06:41:27.531	974.0	779.0	103.0	81.0	100.0	144.0	133.0	154.0	95.0	137.0	131.0	89.0	112.0	172.0	145.0	203.0	191.0	183.0	194.0	198.0	229.0	145.0	262.0	208.0	204.0	219.0	187.0	252.0	218.0	196.0	153.0	218.0	186.0	232.0	199.0	246.0	182.0	197.0	213.0	179.0	281.0	240.0	181.0	239.0	677.0	662.0	1152.0	1109.0	1005.0	937.0	878.0
91	20140722 01:41:33.96	171.0	778.0	0.0	0.0	0.0	0.0	0.0	0.0	0.0	0.0	0.0	0.0	0.0	0.0	0.0	143.0	129.0	150.0	154.0	131.0	206.0	265.0	194.0	182.0	196.0	216.0	208.0	257.0	338.0	383.0	312.0	308.0	359.0	503.0	539.0	522.0	555.0	623.0	676.0	703.0	760.0	1941.0	1778.0	906.0	699.0	489.0	270.0	244.0	232.0	239.0	238.0
92	20140721 01:41:32.69	210.0	777.0	0.0	0.0	0.0	0.0	0.0	0.0	0.0	0.0	0.0	0.0	0.0	0.0	0.0	182.0	132.0	156.0	187.0	193.0	223.0	313.0	237.0	205.0	170.0	167.0	212.0	175.0	199.0	155.0	200.0	146.0	173.0	121.0	157.0	227.0	220.0	209.0	183.0	157.0	156.0	137.0	158.0	192.0	220.0	244.0	325.0	394.0	338.0	301.0	356.0
93	20140721 05:41:30.287	251.0	776.0	162.0	105.0	104.0	168.0	141.0	108.0	104.0	125.0	106.0	117.0	101.0	126.0	135.0	174.0	134.0	175.0	190.0	198.0	204.0	239.0	263.0	249.0	206.0	304.0	187.0	183.0	189.0	230.0	228.0	212.0	184.0	130.0	146.0	245.0	251.0	225.0	233.0	231.0	174.0	213.0	263.0	210.0	249.0	282.0	357.0	287.0	342.0	377.0	386.0
94	20140723 03:21:55.839	331.0	772.0	144.0	95.0	139.0	146.0	103.0	122.0	174.0	168.0	141.0	102.0	164.0	132.0	144.0	220.0	201.0	199.0	184.0	140.0	194.0	198.0	170.0	182.0	221.0	214.0	244.0	186.0	115.0	201.0	184.0	150.0	207.0	163.0	182.0	192.0	217.0	237.0	182.0	182.0	195.0	289.0	270.0	331.0	324.0	437.0	598.0	808.0	721.0	396.0	409.0
95	20140723 06:21:54.808	408.0	767.0	146.0	129.0	135.0	170.0	92.0	147.0	126.0	95.0	162.0	113.0	192.0	91.0	109.0	167.0	234.0	154.0	175.0	209.0	276.0	206.0	184.0	247.0	230.0	242.0	315.0	197.0	209.0	256.0	271.0	183.0	243.0	239.0	250.0	210.0	187.0	194.0	291.0	220.0	209.0	228.0	269.0	264.0	300.0	220.0	357.0	387.0	396.0	626.0	580.0
96	20140722 05:41:30.887	450.0	765.0	181.0	129.0	124.0	137.0	129.0	147.0	136.0	133.0	98.0	134.0	118.0	130.0	121.0	178.0	198.0	167.0	213.0	193.0	172.0	213.0	153.0	194.0	201.0	206.0	231.0	199.0	176.0	203.0	162.0	232.0	154.0	197.0	149.0	205.0	272.0	506.0	575.0	535.0	554.0	617.0	660.0	745.0	869.0	1228.0	1237.0	1341.0	1317.0	400.0	348.0
97	20140722 05:41:30.887	491.0	763.0	133.0	119.0	108.0	143.0	154.0	136.0	167.0	134.0	147.0	114.0	155.0	117.0	139.0	148.0	181.0	165.0	210.0	186.0	178.0	220.0	176.0	182.0	212.0	137.0	166.0	212.0	169.0	207.0	145.0	178.0	184.0	195.0	199.0	195.0	219.0	323.0	238.0	355.0	350.0	445.0	533.0	1752.0	1189.0	1252.0	832.0	897.0	903.0	563.0	540.0
98	20140723 10:15:52.977	571.0	759.0	145.0	157.0	164.0	152.0	136.0	110.0	121.0	131.0	142.0	109.0	164.0	131.0	119.0	123.0	162.0	123.0	212.0	153.0	154.0	152.0	184.0	183.0	233.0	264.0	252.0	300.0	252.0	201.0	284.0	235.0	253.0	308.0	219.0	181.0	193.0	222.0	194.0	187.0	219.0	292.0	230.0	291.0	280.0	286.0	270.0	297.0	283.0	514.0	398.0
99	20140723 03:21:55.839	733.0	750.0	135.0	120.0	115.0	118.0	113.0	147.0	132.0	121.0	137.0	125.0	145.0	144.0	159.0	152.0	97.0	122.0	152.0	154.0	209.0	154.0	146.0	111.0	151.0	154.0	177.0	177.0	175.0	127.0	203.0	154.0	149.0	250.0	165.0	205.0	149.0	170.0	206.0	148.0	161.0	168.0	214.0	162.0	189.0	197.0	511.0	509.0	543.0	781.0	540.0
100	20140722 19:21:56.715	770.0	748.0	100.0	116.0	136.0	174.0	116.0	137.0	96.0	116.0	135.0	181.0	211.0	127.0	96.0	135.0	129.0	119.0	190.0	154.0	116.0	197.0	143.0	175.0	170.0	197.0	299.0	201.0	227.0	278.0	206.0	161.0	233.0	193.0	184.0	171.0	182.0	189.0	203.0	255.0	221.0	219.0	239.0	247.0	271.0	625.0	805.0	1073.0	762.0	956.0	580.0
101	20140722 00:41:33.257	9.0	748.0	0.0	0.0	0.0	0.0	0.0	0.0	0.0	0.0	0.0	0.0	0.0	0.0	0.0	0.0	0.0	0.0	0.0	0.0	0.0	0.0	0.0	0.0	0.0	0.0	0.0	0.0	0.0	0.0	0.0	0.0	0.0	0.0	0.0	0.0	0.0	0.0	0.0	0.0	1665.0	1484.0	1614.0	1616.0	1661.0	1710.0	1388.0	1374.0	1411.0	169.0	236.0
102	20140723 03:21:55.839	890.0	744.0	122.0	94.0	123.0	152.0	135.0	124.0	110.0	150.0	107.0	131.0	156.0	192.0	154.0	215.0	223.0	148.0	198.0	176.0	226.0	220.0	147.0	203.0	252.0	206.0	253.0	246.0	232.0	224.0	276.0	224.0	285.0	307.0	258.0	246.0	280.0	320.0	289.0	351.0	344.0	323.0	366.0	340.0	396.0	388.0	545.0	726.0	860.0	697.0	710.0
103	20140720 19:41:28.706	209.0	738.0	0.0	0.0	0.0	0.0	0.0	0.0	0.0	0.0	0.0	0.0	0.0	0.0	0.0	225.0	192.0	166.0	160.0	135.0	243.0	229.0	189.0	199.0	268.0	214.0	172.0	290.0	159.0	251.0	264.0	222.0	241.0	261.0	188.0	229.0	217.0	218.0	255.0	274.0	235.0	217.0	325.0	204.0	272.0	303.0	309.0	321.0	338.0	377.0	345.0
104	20140723 10:15:52.977	1050.0	735.0	139.0	168.0	93.0	137.0	130.0	106.0	151.0	141.0	102.0	163.0	116.0	141.0	209.0	157.0	188.0	164.0	169.0	177.0	157.0	160.0	196.0	182.0	234.0	146.0	198.0	219.0	183.0	228.0	135.0	173.0	152.0	169.0	153.0	182.0	166.0	242.0	208.0	200.0	195.0	189.0	195.0	181.0	207.0	222.0	217.0	335.0	208.0	674.0	608.0
105	20140723 07:21:57.687	1170.0	730.0	118.0	106.0	114.0	152.0	111.0	129.0	131.0	150.0	145.0	121.0	152.0	164.0	155.0	203.0	117.0	139.0	136.0	175.0	191.0	192.0	204.0	147.0	172.0	152.0	270.0	222.0	197.0	210.0	175.0	167.0	179.0	206.0	173.0	232.0	182.0	229.0	208.0	202.0	180.0	227.0	270.0	199.0	254.0	236.0	293.0	302.0	358.0	485.0	502.0
106	20140721 15:41:27.620	407.0	727.0	112.0	151.0	106.0	143.0	119.0	109.0	117.0	121.0	122.0	151.0	150.0	119.0	86.0	208.0	162.0	145.0	207.0	205.0	248.0	184.0	227.0	235.0	190.0	284.0	209.0	362.0	294.0	373.0	333.0	435.0	412.0	433.0	409.0	491.0	413.0	483.0	415.0	531.0	429.0	485.0	745.0	480.0	439.0	580.0	510.0	476.0	451.0	464.0	381.0
107	20140723 03:21:55.839	366.0	728.0	140.0	78.0	146.0	155.0	140.0	142.0	106.0	126.0	117.0	92.0	101.0	145.0	111.0	184.0	166.0	158.0	137.0	139.0	204.0	182.0	145.0	147.0	179.0	129.0	181.0	183.0	155.0	146.0	246.0	196.0	111.0	177.0	177.0	190.0	119.0	209.0	133.0	149.0	155.0	207.0	156.0	228.0	156.0	242.0	296.0	262.0	203.0	455.0	430.0
108	20140723 06:21:54.808	823.0	726.0	100.0	113.0	105.0	109.0	112.0	105.0	124.0	108.0	129.0	302.0	120.0	154.0	108.0	110.0	129.0	122.0	107.0	110.0	165.0	216.0	167.0	138.0	145.0	148.0	143.0	149.0	112.0	127.0	89.0	106.0	135.0	104.0	118.0	159.0	203.0	176.0	153.0	134.0	114.0	158.0	130.0	148.0	129.0	114.0	181.0	425.0	74.0	136.0	148.0
109	20140723 03:21:55.839	488.0	725.0	179.0	106.0	194.0	167.0	123.0	125.0	89.0	111.0	113.0	103.0	111.0	237.0	233.0	186.0	145.0	223.0	149.0	190.0	228.0	188.0	138.0	158.0	157.0	186.0	182.0	205.0	163.0	194.0	143.0	209.0	136.0	218.0	237.0	258.0	140.0	187.0	287.0	167.0	142.0	168.0	221.0	214.0	224.0	347.0	587.0	768.0	650.0	547.0	478.0
110	20140722 01:41:33.96	1374.0	721.0	135.0	94.0	105.0	129.0	116.0	132.0	114.0	104.0	117.0	143.0	114.0	187.0	121.0	144.0	152.0	132.0	144.0	146.0	190.0	133.0	176.0	133.0	202.0	135.0	146.0	172.0	154.0	232.0	309.0	179.0	217.0	147.0	150.0	214.0	194.0	171.0	221.0	185.0	206.0	588.0	198.0	194.0	192.0	0.0	0.0	0.0	0.0	0.0	0.0
111	20140723 06:21:54.808	608.0	717.0	132.0	146.0	104.0	153.0	206.0	109.0	106.0	129.0	108.0	100.0	106.0	137.0	158.0	134.0	136.0	134.0	174.0	149.0	194.0	200.0	201.0	219.0	205.0	249.0	215.0	228.0	245.0	228.0	269.0	167.0	156.0	212.0	186.0	230.0	193.0	234.0	168.0	258.0	245.0	276.0	246.0	226.0	205.0	289.0	348.0	592.0	353.0	845.0	458.0
112	20140723 10:15:52.977	727.0	711.0	121.0	124.0	101.0	123.0	137.0	118.0	105.0	102.0	98.0	110.0	138.0	165.0	144.0	204.0	148.0	144.0	144.0	135.0	202.0	177.0	107.0	169.0	194.0	110.0	166.0	117.0	151.0	208.0	126.0	142.0	226.0	158.0	128.0	182.0	139.0	187.0	157.0	184.0	137.0	268.0	145.0	186.0	172.0	168.0	202.0	190.0	163.0	955.0	682.0
113	20140723 10:15:52.977	849.0	704.0	145.0	77.0	124.0	144.0	148.0	104.0	76.0	127.0	157.0	111.0	113.0	140.0	102.0	151.0	157.0	198.0	203.0	161.0	367.0	213.0	165.0	189.0	252.0	175.0	159.0	239.0	166.0	182.0	192.0	207.0	226.0	182.0	188.0	237.0	225.0	233.0	252.0	236.0	234.0	277.0	205.0	284.0	254.0	344.0	446.0	427.0	416.0	1107.0	745.0
114	20140721 12:41:26.786	45.0	705.0	0.0	0.0	0.0	0.0	0.0	0.0	0.0	0.0	0.0	0.0	0.0	0.0	0.0	0.0	0.0	0.0	0.0	0.0	0.0	0.0	0.0	0.0	0.0	0.0	0.0	263.0	312.0	280.0	196.0	189.0	245.0	244.0	250.0	306.0	247.0	266.0	295.0	340.0	280.0	278.0	249.0	525.0	584.0	391.0	334.0	266.0	234.0	298.0	223.0
115	20140723 10:15:52.977	927.0	702.0	153.0	138.0	120.0	122.0	108.0	127.0	113.0	136.0	98.0	93.0	127.0	154.0	286.0	171.0	187.0	128.0	186.0	194.0	184.0	215.0	192.0	190.0	132.0	182.0	192.0	201.0	141.0	157.0	180.0	179.0	210.0	188.0	219.0	134.0	142.0	203.0	201.0	201.0	212.0	263.0	204.0	163.0	224.0	211.0	222.0	236.0	256.0	588.0	452.0
116	20140722 06:41:27.531	125.0	702.0	0.0	0.0	0.0	0.0	0.0	0.0	0.0	0.0	0.0	0.0	0.0	0.0	0.0	113.0	152.0	125.0	157.0	143.0	224.0	162.0	139.0	200.0	219.0	198.0	174.0	208.0	155.0	164.0	176.0	175.0	176.0	188.0	219.0	229.0	222.0	238.0	255.0	222.0	230.0	235.0	255.0	217.0	388.0	442.0	520.0	642.0	548.0	265.0	447.0
117	20140723 03:21:55.839	1008.0	697.0	121.0	109.0	104.0	104.0	124.0	148.0	147.0	141.0	103.0	179.0	128.0	152.0	169.0	180.0	132.0	145.0	152.0	139.0	153.0	185.0	202.0	234.0	188.0	160.0	157.0	191.0	236.0	123.0	172.0	128.0	158.0	165.0	143.0	122.0	157.0	148.0	154.0	122.0	146.0	174.0	198.0	224.0	255.0	200.0	385.0	388.0	368.0	661.0	578.0
118	20140720 22:41:27.626	206.0	697.0	0.0	0.0	0.0	0.0	0.0	0.0	0.0	0.0	0.0	0.0	0.0	0.0	0.0	201.0	150.0	177.0	233.0	176.0	185.0	252.0	209.0	201.0	214.0	277.0	206.0	191.0	188.0	188.0	206.0	227.0	182.0	237.0	196.0	229.0	253.0	283.0	232.0	267.0	269.0	327.0	358.0	276.0	312.0	346.0	360.0	355.0	344.0	387.0	426.0
119	20140722 19:21:56.715	285.0	693.0	115.0	93.0	160.0	143.0	154.0	128.0	140.0	131.0	106.0	112.0	184.0	174.0	110.0	188.0	199.0	184.0	221.0	196.0	216.0	185.0	197.0	229.0	225.0	254.0	250.0	269.0	260.0	212.0	306.0	224.0	218.0	212.0	238.0	309.0	322.0	306.0	276.0	290.0	296.0	311.0	357.0	373.0	406.0	2276.0	1277.0	1203.0	1376.0	483.0	374.0
120	20140722 06:41:27.531	1129.0	691.0	156.0	115.0	88.0	146.0	129.0	137.0	98.0	102.0	143.0	124.0	139.0	150.0	117.0	166.0	122.0	157.0	151.0	135.0	185.0	197.0	259.0	163.0	198.0	181.0	229.0	248.0	278.0	236.0	256.0	249.0	369.0	358.0	370.0	426.0	397.0	383.0	388.0	504.0	409.0	418.0	406.0	517.0	632.0	1148.0	612.0	558.0	704.0	538.0	614.0
121	20140722 02:41:36.226	364.0	690.0	150.0	122.0	141.0	175.0	118.0	149.0	115.0	127.0	149.0	88.0	105.0	91.0	122.0	182.0	174.0	163.0	146.0	144.0	169.0	200.0	117.0	159.0	140.0	151.0	243.0	266.0	196.0	219.0	223.0	206.0	189.0	154.0	188.0	175.0	153.0	242.0	364.0	362.0	356.0	439.0	561.0	496.0	473.0	683.0	633.0	753.0	932.0	357.0	356.0
122	20140721 16:41:32.176	1246.0	685.0	151.0	131.0	88.0	151.0	145.0	134.0	145.0	128.0	100.0	105.0	136.0	126.0	161.0	124.0	135.0	168.0	166.0	172.0	192.0	169.0	186.0	162.0	184.0	270.0	195.0	185.0	213.0	286.0	192.0	195.0	737.0	1124.0	1069.0	711.0	640.0	724.0	529.0	433.0	367.0	416.0	244.0	260.0	301.0	222.0	323.0	631.0	495.0	498.0	516.0
123	20140722 05:41:30.887	563.0	679.0	112.0	133.0	127.0	145.0	153.0	142.0	97.0	122.0	125.0	161.0	169.0	158.0	108.0	254.0	231.0	159.0	170.0	127.0	209.0	157.0	216.0	184.0	141.0	199.0	227.0	187.0	229.0	183.0	194.0	178.0	197.0	178.0	239.0	188.0	193.0	202.0	211.0	182.0	208.0	265.0	250.0	303.0	281.0	245.0	261.0	332.0	329.0	489.0	502.0
124	20140723 10:15:52.977	605.0	678.0	163.0	110.0	108.0	113.0	170.0	173.0	130.0	134.0	119.0	92.0	162.0	136.0	115.0	191.0	199.0	170.0	213.0	131.0	203.0	198.0	213.0	187.0	189.0	154.0	200.0	200.0	219.0	217.0	166.0	153.0	140.0	177.0	142.0	241.0	214.0	241.0	223.0	241.0	260.0	269.0	283.0	234.0	295.0	250.0	328.0	344.0	364.0	818.0	554.0
125	20140721 11:41:27.82	645.0	676.0	146.0	122.0	115.0	172.0	115.0	136.0	83.0	134.0	96.0	96.0	173.0	144.0	183.0	187.0	169.0	243.0	142.0	113.0	196.0	171.0	172.0	192.0	229.0	200.0	179.0	408.0	356.0	310.0	197.0	268.0	225.0	332.0	227.0	260.0	220.0	253.0	247.0	193.0	228.0	232.0	259.0	324.0	445.0	547.0	540.0	661.0	565.0	532.0	294.0
126	20140722 19:21:56.715	726.0	670.0	149.0	98.0	129.0	138.0	126.0	108.0	116.0	115.0	170.0	183.0	154.0	157.0	108.0	191.0	184.0	160.0	169.0	185.0	187.0	200.0	248.0	219.0	221.0	223.0	220.0	273.0	189.0	198.0	234.0	196.0	207.0	224.0	147.0	228.0	246.0	298.0	325.0	231.0	310.0	311.0	334.0	297.0	362.0	806.0	971.0	971.0	821.0	540.0	326.0
127	20140721 12:41:26.786	804.0	667.0	96.0	92.0	105.0	115.0	128.0	159.0	164.0	134.0	180.0	101.0	178.0	177.0	161.0	129.0	115.0	142.0	190.0	195.0	163.0	223.0	170.0	180.0	147.0	219.0	163.0	474.0	701.0	781.0	708.0	698.0	593.0	711.0	741.0	580.0	506.0	589.0	590.0	573.0	509.0	667.0	598.0	614.0	834.0	553.0	831.0	929.0	781.0	987.0	568.0
128	20140722 02:41:36.226	3.0	667.0	0.0	0.0	0.0	0.0	0.0	0.0	0.0	0.0	0.0	0.0	0.0	0.0	0.0	0.0	0.0	0.0	0.0	0.0	0.0	0.0	0.0	0.0	0.0	0.0	0.0	0.0	0.0	0.0	0.0	0.0	0.0	0.0	0.0	0.0	0.0	0.0	0.0	0.0	0.0	0.0	1957.0	2110.0	1810.0	1840.0	1557.0	1534.0	1561.0	272.0	322.0
129	20140723 10:15:52.977	845.0	665.0	68.0	117.0	103.0	183.0	142.0	149.0	94.0	114.0	112.0	95.0	212.0	196.0	129.0	117.0	133.0	106.0	167.0	178.0	133.0	153.0	147.0	135.0	137.0	135.0	120.0	128.0	141.0	109.0	163.0	156.0	116.0	163.0	158.0	152.0	118.0	151.0	190.0	157.0	242.0	144.0	157.0	189.0	216.0	232.0	245.0	427.0	391.0	983.0	867.0
130	20140723 10:15:52.977	883.0	662.0	131.0	108.0	113.0	159.0	118.0	147.0	120.0	173.0	108.0	136.0	153.0	166.0	155.0	200.0	119.0	118.0	142.0	113.0	138.0	146.0	115.0	144.0	184.0	162.0	205.0	186.0	145.0	190.0	195.0	199.0	197.0	162.0	167.0	189.0	156.0	280.0	139.0	203.0	220.0	261.0	165.0	195.0	154.0	241.0	221.0	268.0	318.0	784.0	559.0
131	20140721 17:41:29.874	925.0	660.0	106.0	103.0	107.0	125.0	157.0	141.0	180.0	105.0	107.0	120.0	128.0	174.0	126.0	161.0	194.0	136.0	199.0	178.0	215.0	227.0	232.0	274.0	274.0	210.0	229.0	304.0	268.0	294.0	263.0	257.0	1837.0	3482.0	3732.0	2384.0	1906.0	2079.0	1994.0	1750.0	1635.0	1761.0	1580.0	1530.0	1520.0	1227.0	880.0	921.0	820.0	480.0	435.0
132	20140722 05:41:30.887	163.0	659.0	0.0	0.0	0.0	0.0	0.0	0.0	0.0	0.0	0.0	0.0	0.0	0.0	0.0	203.0	196.0	198.0	173.0	172.0	200.0	273.0	336.0	266.0	271.0	209.0	214.0	211.0	169.0	219.0	250.0	233.0	191.0	238.0	181.0	216.0	252.0	266.0	226.0	204.0	214.0	234.0	305.0	1570.0	1182.0	958.0	662.0	643.0	713.0	153.0	208.0
133	20140723 03:21:55.839	241.0	656.0	194.0	117.0	98.0	164.0	0.0	0.0	143.0	135.0	123.0	118.0	143.0	137.0	133.0	130.0	166.0	161.0	161.0	142.0	157.0	169.0	166.0	173.0	240.0	180.0	202.0	231.0	233.0	190.0	246.0	209.0	273.0	255.0	228.0	262.0	207.0	274.0	303.0	299.0	272.0	341.0	445.0	367.0	379.0	853.0	3796.0	3835.0	3855.0	459.0	443.0
134	20140721 22:41:32.655	363.0	650.0	138.0	101.0	130.0	104.0	150.0	124.0	83.0	113.0	110.0	147.0	177.0	165.0	167.0	160.0	170.0	136.0	181.0	146.0	183.0	167.0	248.0	192.0	245.0	264.0	223.0	195.0	221.0	269.0	220.0	266.0	267.0	181.0	254.0	243.0	293.0	357.0	430.0	325.0	352.0	392.0	393.0	517.0	667.0	435.0	481.0	616.0	532.0	332.0	335.0
135	20140721 19:41:32.497	323.0	652.0	125.0	122.0	115.0	117.0	143.0	156.0	110.0	175.0	159.0	128.0	154.0	144.0	155.0	195.0	143.0	170.0	192.0	160.0	219.0	228.0	226.0	190.0	223.0	215.0	186.0	180.0	224.0	208.0	245.0	280.0	347.0	338.0	363.0	406.0	408.0	447.0	439.0	520.0	513.0	498.0	573.0	433.0	544.0	551.0	695.0	611.0	613.0	298.0	384.0
136	20140723 06:21:54.808	1165.0	648.0	124.0	142.0	124.0	150.0	207.0	128.0	137.0	135.0	113.0	131.0	145.0	186.0	144.0	181.0	138.0	135.0	144.0	164.0	104.0	158.0	236.0	152.0	165.0	197.0	181.0	152.0	206.0	208.0	179.0	207.0	190.0	174.0	159.0	193.0	241.0	254.0	229.0	215.0	184.0	151.0	261.0	214.0	228.0	208.0	255.0	580.0	438.0	587.0	625.0
137	20140722 19:21:56.715	444.0	647.0	103.0	91.0	123.0	132.0	150.0	128.0	173.0	101.0	121.0	127.0	156.0	169.0	119.0	157.0	212.0	189.0	209.0	231.0	233.0	314.0	219.0	174.0	238.0	185.0	190.0	220.0	226.0	186.0	231.0	193.0	160.0	194.0	254.0	196.0	236.0	223.0	235.0	308.0	226.0	243.0	269.0	374.0	358.0	521.0	920.0	853.0	861.0	262.0	281.0
138	20140722 05:41:30.887	481.0	644.0	141.0	143.0	130.0	84.0	133.0	152.0	105.0	90.0	183.0	103.0	111.0	192.0	120.0	195.0	147.0	185.0	188.0	123.0	218.0	206.0	176.0	239.0	247.0	179.0	281.0	233.0	214.0	185.0	208.0	191.0	174.0	212.0	186.0	211.0	180.0	203.0	195.0	193.0	219.0	286.0	241.0	582.0	770.0	249.0	213.0	311.0	264.0	464.0	317.0
139	20140723 10:15:52.977	601.0	638.0	172.0	138.0	147.0	155.0	139.0	110.0	97.0	100.0	152.0	203.0	200.0	131.0	103.0	192.0	177.0	187.0	200.0	208.0	185.0	206.0	168.0	149.0	203.0	164.0	203.0	165.0	194.0	131.0	202.0	247.0	243.0	178.0	184.0	170.0	220.0	207.0	259.0	251.0	189.0	242.0	207.0	257.0	261.0	261.0	365.0	465.0	418.0	875.0	642.0
140	20140721 14:41:28.139	642.0	635.0	115.0	113.0	113.0	139.0	218.0	125.0	119.0	119.0	112.0	111.0	118.0	136.0	134.0	171.0	181.0	245.0	201.0	194.0	189.0	198.0	265.0	241.0	225.0	270.0	284.0	280.0	267.0	257.0	1146.0	623.0	681.0	599.0	455.0	399.0	295.0	362.0	288.0	334.0	233.0	298.0	247.0	1307.0	1155.0	766.0	798.0	801.0	799.0	605.0	486.0
141	20140722 05:41:30.887	1156.0	634.0	132.0	136.0	126.0	129.0	147.0	127.0	148.0	158.0	102.0	137.0	147.0	172.0	132.0	175.0	191.0	167.0	128.0	114.0	159.0	139.0	135.0	123.0	191.0	117.0	130.0	198.0	140.0	162.0	171.0	148.0	194.0	129.0	132.0	160.0	182.0	131.0	142.0	94.0	157.0	172.0	157.0	387.0	489.0	96.0	164.0	183.0	155.0	154.0	177.0
142	20140723 03:21:55.839	802.0	628.0	142.0	124.0	110.0	105.0	181.0	133.0	129.0	124.0	96.0	128.0	115.0	162.0	137.0	235.0	163.0	154.0	127.0	190.0	199.0	204.0	157.0	217.0	171.0	171.0	202.0	172.0	193.0	189.0	161.0	158.0	208.0	182.0	145.0	235.0	174.0	151.0	192.0	171.0	185.0	255.0	240.0	293.0	326.0	329.0	435.0	427.0	412.0	576.0	369.0
143	20140723 10:15:52.977	920.0	621.0	90.0	147.0	117.0	146.0	97.0	110.0	167.0	109.0	134.0	152.0	117.0	176.0	132.0	175.0	187.0	131.0	135.0	161.0	190.0	147.0	161.0	163.0	201.0	183.0	164.0	182.0	184.0	181.0	153.0	181.0	206.0	199.0	179.0	200.0	165.0	163.0	202.0	178.0	175.0	220.0	241.0	217.0	157.0	136.0	197.0	142.0	186.0	679.0	522.0
144	20140720 19:41:28.706	118.0	621.0	0.0	0.0	0.0	0.0	0.0	0.0	0.0	0.0	0.0	0.0	0.0	0.0	0.0	216.0	178.0	133.0	150.0	157.0	275.0	193.0	250.0	204.0	198.0	162.0	230.0	213.0	194.0	273.0	239.0	199.0	219.0	236.0	242.0	235.0	217.0	225.0	228.0	260.0	239.0	245.0	293.0	218.0	272.0	252.0	358.0	366.0	352.0	223.0	305.0
145	20140721 11:41:27.82	319.0	611.0	149.0	151.0	190.0	160.0	177.0	121.0	126.0	145.0	152.0	159.0	116.0	161.0	143.0	194.0	190.0	154.0	212.0	153.0	210.0	189.0	218.0	252.0	242.0	205.0	266.0	1588.0	1615.0	1475.0	1377.0	1238.0	1216.0	1130.0	904.0	972.0	833.0	738.0	882.0	1088.0	944.0	808.0	995.0	979.0	859.0	903.0	570.0	566.0	570.0	283.0	368.0
146	20140723 10:15:52.977	1162.0	608.0	127.0	138.0	126.0	147.0	125.0	167.0	80.0	165.0	138.0	145.0	127.0	157.0	152.0	124.0	110.0	130.0	171.0	197.0	161.0	157.0	91.0	160.0	132.0	220.0	201.0	191.0	171.0	157.0	205.0	174.0	197.0	155.0	126.0	248.0	252.0	179.0	199.0	234.0	198.0	174.0	161.0	215.0	245.0	177.0	318.0	263.0	266.0	644.0	673.0
147	20140721 01:41:32.69	439.0	606.0	100.0	133.0	117.0	167.0	189.0	102.0	109.0	145.0	102.0	113.0	153.0	198.0	107.0	182.0	244.0	243.0	176.0	191.0	257.0	275.0	210.0	185.0	161.0	198.0	168.0	211.0	214.0	188.0	166.0	175.0	221.0	237.0	193.0	190.0	267.0	193.0	229.0	235.0	224.0	233.0	176.0	291.0	365.0	282.0	402.0	403.0	352.0	375.0	389.0
148	20140722 05:41:30.887	478.0	604.0	131.0	148.0	126.0	148.0	132.0	130.0	123.0	149.0	139.0	123.0	117.0	129.0	175.0	169.0	167.0	142.0	137.0	156.0	216.0	149.0	197.0	157.0	223.0	166.0	195.0	149.0	195.0	186.0	174.0	155.0	210.0	278.0	398.0	346.0	397.0	467.0	441.0	520.0	549.0	487.0	611.0	1157.0	747.0	976.0	771.0	600.0	739.0	288.0	215.0
149	20140722 05:41:30.887	559.0	600.0	148.0	91.0	159.0	134.0	122.0	110.0	140.0	116.0	141.0	148.0	155.0	146.0	135.0	221.0	182.0	147.0	194.0	182.0	214.0	225.0	228.0	251.0	245.0	202.0	260.0	265.0	261.0	182.0	233.0	238.0	211.0	381.0	535.0	395.0	447.0	636.0	686.0	463.0	544.0	902.0	706.0	1666.0	1759.0	1451.0	1761.0	1663.0	1725.0	429.0	385.0
150	20140721 13:41:29.117	598.0	598.0	176.0	115.0	102.0	165.0	173.0	104.0	150.0	118.0	144.0	134.0	138.0	214.0	90.0	219.0	194.0	125.0	226.0	179.0	242.0	250.0	206.0	221.0	193.0	197.0	184.0	300.0	213.0	316.0	192.0	242.0	310.0	182.0	268.0	186.0	240.0	242.0	244.0	220.0	228.0	275.0	217.0	192.0	264.0	169.0	349.0	417.0	536.0	515.0	343.0
151	20140723 10:15:52.977	680.0	593.0	172.0	85.0	116.0	102.0	119.0	143.0	94.0	114.0	119.0	145.0	124.0	108.0	128.0	216.0	259.0	147.0	154.0	143.0	207.0	273.0	186.0	197.0	209.0	144.0	175.0	215.0	270.0	306.0	193.0	205.0	197.0	196.0	191.0	160.0	195.0	216.0	224.0	227.0	209.0	277.0	253.0	190.0	255.0	223.0	258.0	285.0	237.0	587.0	467.0
152	20140721 09:41:26.542	719.0	590.0	140.0	132.0	105.0	118.0	136.0	98.0	120.0	162.0	162.0	144.0	125.0	192.0	164.0	182.0	181.0	179.0	241.0	176.0	240.0	195.0	252.0	277.0	278.0	218.0	331.0	221.0	285.0	316.0	246.0	224.0	228.0	233.0	283.0	203.0	267.0	325.0	233.0	215.0	217.0	261.0	272.0	353.0	472.0	339.0	515.0	439.0	389.0	527.0	512.0
153	20140723 10:15:52.977	801.0	588.0	102.0	139.0	123.0	124.0	143.0	135.0	106.0	155.0	122.0	156.0	251.0	114.0	124.0	105.0	202.0	147.0	145.0	188.0	188.0	156.0	160.0	180.0	222.0	163.0	213.0	273.0	219.0	220.0	199.0	211.0	176.0	185.0	236.0	214.0	192.0	178.0	206.0	230.0	206.0	172.0	228.0	218.0	315.0	248.0	346.0	390.0	411.0	1060.0	777.0
154	20140721 14:41:28.139	36.0	586.0	0.0	0.0	0.0	0.0	0.0	0.0	0.0	0.0	0.0	0.0	0.0	0.0	0.0	0.0	0.0	0.0	0.0	0.0	0.0	0.0	0.0	0.0	0.0	0.0	0.0	0.0	174.0	204.0	315.0	265.0	248.0	256.0	261.0	277.0	308.0	275.0	260.0	291.0	288.0	292.0	311.0	341.0	263.0	405.0	566.0	455.0	602.0	325.0	260.0
155	20140722 02:41:36.226	156.0	579.0	0.0	0.0	0.0	0.0	0.0	0.0	0.0	0.0	0.0	0.0	0.0	0.0	0.0	273.0	155.0	171.0	184.0	95.0	146.0	169.0	229.0	220.0	207.0	237.0	250.0	222.0	238.0	260.0	260.0	211.0	215.0	201.0	172.0	258.0	294.0	293.0	313.0	450.0	555.0	556.0	750.0	890.0	894.0	1238.0	1039.0	1028.0	966.0	193.0	268.0
156	20140722 19:21:56.715	960.0	580.0	149.0	110.0	197.0	147.0	137.0	114.0	73.0	138.0	117.0	180.0	147.0	129.0	166.0	171.0	156.0	153.0	180.0	191.0	285.0	185.0	210.0	211.0	220.0	207.0	244.0	168.0	141.0	184.0	183.0	267.0	162.0	145.0	190.0	139.0	154.0	248.0	246.0	245.0	224.0	204.0	202.0	175.0	267.0	879.0	380.0	502.0	538.0	445.0	388.0
157	20140722 19:21:56.715	356.0	570.0	163.0	122.0	138.0	165.0	123.0	95.0	112.0	141.0	102.0	162.0	111.0	176.0	129.0	170.0	178.0	159.0	211.0	185.0	212.0	287.0	215.0	223.0	237.0	240.0	242.0	282.0	198.0	224.0	269.0	208.0	178.0	198.0	230.0	239.0	245.0	256.0	249.0	275.0	314.0	311.0	218.0	501.0	753.0	1825.0	1190.0	1254.0	1187.0	242.0	273.0
158	20140722 05:41:30.887	1289.0	561.0	170.0	101.0	88.0	145.0	108.0	106.0	120.0	141.0	110.0	132.0	160.0	127.0	131.0	173.0	192.0	162.0	139.0	121.0	191.0	170.0	123.0	125.0	112.0	143.0	121.0	206.0	137.0	152.0	147.0	146.0	161.0	106.0	155.0	193.0	169.0	210.0	196.0	188.0	144.0	202.0	142.0	328.0	484.0	197.0	0.0	0.0	0.0	0.0	0.0
159	20140722 01:41:33.96	516.0	562.0	109.0	146.0	117.0	128.0	157.0	123.0	120.0	142.0	167.0	122.0	149.0	154.0	159.0	167.0	149.0	127.0	201.0	139.0	179.0	197.0	177.0	185.0	244.0	233.0	161.0	202.0	192.0	218.0	186.0	161.0	230.0	200.0	191.0	209.0	168.0	216.0	221.0	181.0	228.0	331.0	279.0	243.0	299.0	261.0	392.0	413.0	462.0	413.0	336.0
160	20140723 03:21:55.839	596.0	558.0	123.0	139.0	127.0	160.0	144.0	91.0	126.0	128.0	102.0	128.0	127.0	134.0	119.0	199.0	201.0	176.0	233.0	155.0	171.0	213.0	205.0	251.0	217.0	178.0	195.0	272.0	277.0	293.0	209.0	279.0	278.0	320.0	364.0	334.0	275.0	370.0	398.0	298.0	349.0	329.0	257.0	291.0	265.0	337.0	920.0	748.0	653.0	439.0	498.0
161	20140723 03:21:55.839	717.0	551.0	155.0	128.0	77.0	101.0	147.0	106.0	159.0	96.0	124.0	133.0	124.0	179.0	133.0	207.0	173.0	160.0	158.0	92.0	158.0	128.0	220.0	153.0	162.0	195.0	161.0	125.0	166.0	188.0	213.0	160.0	162.0	199.0	161.0	185.0	235.0	162.0	174.0	154.0	159.0	263.0	220.0	185.0	243.0	318.0	419.0	493.0	288.0	619.0	528.0
162	20140722 19:21:56.715	1319.0	546.0	140.0	120.0	126.0	177.0	117.0	111.0	113.0	117.0	173.0	101.0	115.0	152.0	155.0	151.0	105.0	129.0	118.0	108.0	195.0	122.0	163.0	87.0	93.0	103.0	136.0	164.0	98.0	146.0	99.0	95.0	149.0	106.0	131.0	122.0	119.0	133.0	137.0	156.0	155.0	171.0	126.0	126.0	122.0	366.0	0.0	0.0	0.0	0.0	0.0
163	20140723 03:21:55.839	877.0	544.0	116.0	107.0	103.0	129.0	157.0	136.0	95.0	137.0	133.0	145.0	150.0	145.0	119.0	164.0	225.0	277.0	179.0	169.0	210.0	229.0	274.0	276.0	291.0	252.0	238.0	382.0	383.0	288.0	264.0	288.0	354.0	319.0	361.0	271.0	287.0	288.0	302.0	336.0	265.0	348.0	322.0	287.0	345.0	342.0	1235.0	1212.0	1054.0	515.0	378.0
164	20140723 06:21:54.808	958.0	538.0	165.0	93.0	103.0	185.0	118.0	169.0	109.0	126.0	125.0	90.0	156.0	203.0	179.0	191.0	209.0	185.0	206.0	146.0	203.0	184.0	177.0	193.0	154.0	198.0	191.0	235.0	209.0	212.0	205.0	247.0	156.0	218.0	175.0	204.0	240.0	196.0	251.0	201.0	245.0	183.0	133.0	205.0	193.0	185.0	253.0	339.0	240.0	532.0	349.0
165	20140722 05:41:30.887	234.0	536.0	175.0	111.0	75.0	164.0	0.0	0.0	0.0	0.0	0.0	0.0	105.0	163.0	121.0	213.0	198.0	140.0	198.0	134.0	212.0	258.0	257.0	214.0	179.0	193.0	194.0	205.0	181.0	190.0	232.0	218.0	195.0	185.0	183.0	197.0	198.0	148.0	232.0	218.0	183.0	189.0	219.0	468.0	651.0	479.0	258.0	259.0	204.0	255.0	315.0
166	20140723 03:21:55.839	1036.0	534.0	134.0	94.0	111.0	124.0	214.0	110.0	128.0	109.0	137.0	136.0	154.0	160.0	144.0	147.0	148.0	156.0	169.0	124.0	228.0	225.0	209.0	155.0	155.0	138.0	213.0	225.0	224.0	186.0	214.0	196.0	162.0	181.0	186.0	143.0	232.0	189.0	166.0	198.0	236.0	249.0	204.0	169.0	223.0	223.0	352.0	434.0	545.0	520.0	489.0
167	20140723 06:21:54.808	674.0	514.0	148.0	112.0	111.0	126.0	139.0	106.0	104.0	154.0	140.0	125.0	125.0	172.0	152.0	179.0	159.0	121.0	176.0	165.0	215.0	174.0	189.0	205.0	178.0	218.0	161.0	236.0	237.0	242.0	201.0	287.0	178.0	271.0	235.0	281.0	229.0	346.0	293.0	218.0	314.0	322.0	416.0	369.0	382.0	467.0	781.0	1976.0	1858.0	518.0	405.0
168	20140722 01:41:33.96	990.0	509.0	160.0	81.0	102.0	154.0	114.0	143.0	123.0	200.0	108.0	114.0	145.0	145.0	131.0	166.0	184.0	193.0	206.0	168.0	137.0	123.0	129.0	208.0	105.0	119.0	132.0	233.0	108.0	132.0	94.0	126.0	107.0	150.0	144.0	208.0	97.0	179.0	188.0	155.0	207.0	737.0	310.0	162.0	249.0	136.0	219.0	191.0	136.0	157.0	143.0
169	20140721 14:41:28.139	30.0	506.0	0.0	0.0	0.0	0.0	0.0	0.0	0.0	0.0	0.0	0.0	0.0	0.0	0.0	0.0	0.0	0.0	0.0	0.0	0.0	0.0	0.0	0.0	0.0	0.0	0.0	0.0	0.0	0.0	293.0	348.0	260.0	283.0	305.0	264.0	230.0	228.0	259.0	233.0	168.0	177.0	254.0	248.0	247.0	232.0	321.0	374.0	406.0	330.0	417.0
170	20140720 19:41:28.706	873.0	503.0	137.0	93.0	136.0	126.0	122.0	101.0	99.0	115.0	180.0	149.0	127.0	171.0	239.0	312.0	219.0	195.0	287.0	206.0	225.0	257.0	238.0	209.0	298.0	214.0	231.0	256.0	210.0	187.0	217.0	268.0	238.0	241.0	289.0	243.0	240.0	339.0	240.0	271.0	166.0	263.0	204.0	289.0	308.0	274.0	307.0	264.0	314.0	492.0	419.0
171	20140723 06:21:54.808	913.0	502.0	111.0	113.0	135.0	90.0	79.0	123.0	91.0	112.0	150.0	127.0	112.0	159.0	169.0	237.0	260.0	157.0	194.0	266.0	208.0	230.0	186.0	207.0	243.0	234.0	177.0	208.0	243.0	215.0	170.0	252.0	216.0	209.0	261.0	177.0	255.0	211.0	245.0	266.0	249.0	284.0	239.0	333.0	330.0	301.0	342.0	418.0	402.0	739.0	590.0
172	20140721 11:41:27.82	271.0	494.0	182.0	110.0	63.0	124.0	111.0	99.0	145.0	176.0	106.0	136.0	127.0	143.0	129.0	222.0	140.0	163.0	167.0	154.0	207.0	204.0	179.0	197.0	257.0	225.0	256.0	526.0	801.0	669.0	502.0	176.0	240.0	155.0	219.0	160.0	193.0	234.0	202.0	208.0	152.0	138.0	156.0	217.0	231.0	276.0	446.0	431.0	510.0	225.0	196.0
173	20140723 03:21:55.839	1194.0	487.0	147.0	148.0	129.0	144.0	135.0	97.0	107.0	112.0	124.0	124.0	199.0	184.0	118.0	222.0	158.0	160.0	128.0	163.0	121.0	148.0	130.0	169.0	127.0	149.0	148.0	134.0	165.0	134.0	157.0	133.0	152.0	213.0	132.0	147.0	130.0	159.0	181.0	165.0	171.0	227.0	218.0	159.0	194.0	322.0	538.0	548.0	501.0	451.0	597.0
174	20140723 03:21:55.839	1188.0	484.0	198.0	125.0	115.0	153.0	125.0	102.0	79.0	127.0	134.0	128.0	135.0	147.0	123.0	254.0	148.0	154.0	147.0	146.0	139.0	203.0	121.0	150.0	166.0	164.0	173.0	134.0	151.0	172.0	117.0	282.0	127.0	120.0	149.0	118.0	150.0	149.0	115.0	120.0	128.0	169.0	127.0	131.0	156.0	246.0	517.0	429.0	480.0	300.0	247.0
175	20140723 03:21:55.839	580.0	481.0	159.0	124.0	134.0	109.0	115.0	111.0	212.0	122.0	163.0	123.0	149.0	97.0	119.0	133.0	136.0	116.0	172.0	184.0	151.0	151.0	120.0	140.0	193.0	204.0	172.0	116.0	136.0	153.0	143.0	153.0	139.0	116.0	105.0	186.0	182.0	129.0	183.0	109.0	116.0	112.0	127.0	104.0	221.0	282.0	518.0	562.0	602.0	125.0	215.0
176	20140721 13:41:29.117	751.0	470.0	118.0	105.0	174.0	120.0	163.0	148.0	124.0	124.0	117.0	120.0	158.0	140.0	153.0	160.0	163.0	169.0	137.0	143.0	166.0	179.0	119.0	172.0	204.0	224.0	132.0	250.0	139.0	259.0	164.0	192.0	167.0	170.0	161.0	168.0	220.0	188.0	186.0	229.0	189.0	298.0	202.0	193.0	206.0	254.0	339.0	404.0	359.0	342.0	248.0
177	20140721 15:41:27.620	831.0	465.0	147.0	148.0	96.0	144.0	134.0	106.0	156.0	129.0	135.0	131.0	101.0	159.0	234.0	186.0	209.0	238.0	135.0	153.0	159.0	201.0	162.0	181.0	187.0	154.0	164.0	200.0	171.0	264.0	259.0	325.0	375.0	232.0	168.0	202.0	235.0	228.0	193.0	182.0	197.0	273.0	193.0	217.0	170.0	359.0	284.0	377.0	316.0	480.0	432.0
178	20140721 22:41:32.655	28.0	466.0	0.0	0.0	0.0	0.0	0.0	0.0	0.0	0.0	0.0	0.0	0.0	0.0	0.0	0.0	0.0	0.0	0.0	0.0	0.0	0.0	0.0	0.0	0.0	0.0	0.0	0.0	0.0	0.0	0.0	188.0	206.0	166.0	179.0	219.0	150.0	162.0	244.0	173.0	195.0	179.0	222.0	142.0	237.0	203.0	257.0	385.0	475.0	214.0	286.0
179	20140722 19:21:56.715	911.0	463.0	118.0	138.0	121.0	169.0	121.0	177.0	121.0	137.0	141.0	80.0	137.0	140.0	162.0	171.0	186.0	225.0	199.0	202.0	178.0	184.0	181.0	204.0	220.0	181.0	273.0	205.0	198.0	228.0	167.0	162.0	177.0	224.0	250.0	200.0	270.0	236.0	279.0	269.0	252.0	326.0	320.0	326.0	323.0	698.0	341.0	395.0	396.0	308.0	358.0
180	20140721 14:41:28.139	989.0	457.0	94.0	138.0	109.0	127.0	129.0	169.0	111.0	158.0	145.0	153.0	167.0	178.0	165.0	170.0	256.0	174.0	181.0	159.0	170.0	168.0	207.0	251.0	234.0	197.0	178.0	299.0	281.0	301.0	547.0	486.0	596.0	495.0	484.0	256.0	245.0	256.0	258.0	322.0	277.0	397.0	335.0	362.0	393.0	373.0	504.0	616.0	515.0	495.0	266.0
181	20140723 03:21:55.839	1231.0	446.0	123.0	120.0	114.0	123.0	165.0	145.0	118.0	86.0	152.0	119.0	125.0	197.0	140.0	117.0	148.0	155.0	149.0	153.0	181.0	208.0	182.0	149.0	230.0	167.0	208.0	207.0	166.0	239.0	220.0	164.0	204.0	188.0	203.0	158.0	182.0	163.0	245.0	209.0	252.0	231.0	227.0	196.0	193.0	159.0	395.0	395.0	397.0	437.0	504.0
182	20140723 03:21:55.839	510.0	443.0	169.0	109.0	59.0	186.0	133.0	137.0	88.0	137.0	129.0	134.0	143.0	140.0	148.0	183.0	157.0	163.0	151.0	174.0	224.0	281.0	230.0	160.0	191.0	186.0	113.0	228.0	146.0	228.0	219.0	125.0	114.0	180.0	145.0	192.0	222.0	230.0	177.0	169.0	138.0	202.0	253.0	249.0	262.0	207.0	886.0	669.0	678.0	297.0	259.0
183	20140721 11:41:27.82	543.0	443.0	129.0	142.0	102.0	178.0	136.0	118.0	97.0	178.0	157.0	123.0	167.0	118.0	110.0	202.0	125.0	135.0	128.0	145.0	184.0	155.0	242.0	143.0	122.0	97.0	170.0	275.0	261.0	298.0	234.0	175.0	144.0	176.0	202.0	195.0	188.0	168.0	185.0	190.0	168.0	206.0	234.0	156.0	207.0	130.0	140.0	422.0	363.0	235.0	332.0
184	20140721 16:41:32.176	586.0	439.0	106.0	137.0	101.0	144.0	105.0	138.0	92.0	138.0	155.0	149.0	101.0	176.0	98.0	217.0	181.0	188.0	161.0	161.0	161.0	207.0	227.0	161.0	142.0	183.0	249.0	298.0	417.0	450.0	307.0	283.0	573.0	572.0	656.0	342.0	461.0	752.0	616.0	452.0	447.0	659.0	370.0	382.0	645.0	367.0	794.0	855.0	619.0	271.0	400.0
185	20140723 06:21:54.808	1265.0	437.0	158.0	122.0	135.0	150.0	112.0	144.0	135.0	149.0	117.0	110.0	137.0	138.0	74.0	148.0	97.0	137.0	104.0	111.0	117.0	146.0	197.0	132.0	160.0	123.0	138.0	136.0	84.0	124.0	143.0	107.0	107.0	119.0	135.0	122.0	112.0	113.0	109.0	101.0	126.0	91.0	113.0	131.0	178.0	136.0	84.0	561.0	84.0	0.0	0.0
186	20140721 16:41:32.176	629.0	437.0	109.0	80.0	121.0	130.0	102.0	157.0	111.0	126.0	117.0	94.0	163.0	167.0	174.0	132.0	135.0	186.0	233.0	151.0	265.0	118.0	197.0	260.0	121.0	186.0	164.0	219.0	170.0	136.0	170.0	146.0	529.0	565.0	464.0	606.0	480.0	527.0	553.0	554.0	527.0	490.0	610.0	581.0	511.0	454.0	255.0	379.0	291.0	273.0	314.0
187	20140721 22:41:32.655	23.0	427.0	0.0	0.0	0.0	0.0	0.0	0.0	0.0	0.0	0.0	0.0	0.0	0.0	0.0	0.0	0.0	0.0	0.0	0.0	0.0	0.0	0.0	0.0	0.0	0.0	0.0	0.0	0.0	0.0	0.0	0.0	0.0	264.0	280.0	263.0	295.0	308.0	330.0	374.0	368.0	342.0	460.0	371.0	393.0	618.0	484.0	505.0	458.0	173.0	297.0
188	20140721 04:41:26.701	223.0	415.0	146.0	0.0	0.0	0.0	0.0	0.0	0.0	0.0	0.0	0.0	0.0	0.0	0.0	195.0	198.0	180.0	236.0	210.0	241.0	280.0	193.0	221.0	208.0	160.0	182.0	183.0	127.0	222.0	189.0	193.0	214.0	216.0	180.0	171.0	159.0	280.0	235.0	161.0	175.0	195.0	204.0	253.0	270.0	426.0	494.0	559.0	437.0	250.0	273.0
189	20140721 06:41:29.559	265.0	414.0	133.0	129.0	87.0	167.0	102.0	151.0	101.0	140.0	146.0	104.0	127.0	134.0	90.0	234.0	282.0	179.0	230.0	204.0	254.0	208.0	243.0	323.0	334.0	299.0	315.0	275.0	303.0	322.0	298.0	247.0	328.0	314.0	415.0	268.0	253.0	423.0	483.0	261.0	295.0	342.0	372.0	387.0	429.0	315.0	345.0	468.0	359.0	288.0	283.0
190	20140722 01:41:33.96	384.0	409.0	111.0	87.0	145.0	156.0	151.0	96.0	92.0	109.0	139.0	114.0	114.0	118.0	104.0	188.0	137.0	144.0	149.0	126.0	221.0	326.0	207.0	182.0	240.0	258.0	209.0	255.0	293.0	308.0	259.0	250.0	246.0	331.0	301.0	281.0	338.0	280.0	378.0	269.0	271.0	484.0	480.0	509.0	531.0	722.0	703.0	688.0	691.0	276.0	419.0
191	20140721 19:41:32.497	465.0	405.0	146.0	186.0	133.0	117.0	165.0	131.0	75.0	111.0	125.0	84.0	128.0	130.0	103.0	234.0	140.0	163.0	120.0	138.0	179.0	194.0	216.0	165.0	213.0	233.0	235.0	219.0	205.0	207.0	244.0	239.0	295.0	372.0	329.0	395.0	349.0	320.0	452.0	398.0	385.0	454.0	460.0	465.0	687.0	241.0	259.0	279.0	275.0	285.0	276.0
192	20140721 17:41:29.874	1227.0	405.0	100.0	96.0	89.0	119.0	134.0	116.0	93.0	111.0	144.0	111.0	132.0	186.0	110.0	185.0	198.0	105.0	191.0	115.0	121.0	141.0	188.0	134.0	183.0	217.0	168.0	137.0	145.0	182.0	203.0	167.0	179.0	247.0	117.0	140.0	198.0	229.0	215.0	200.0	152.0	188.0	155.0	159.0	202.0	186.0	244.0	234.0	218.0	360.0	362.0
193	20140721 18:41:31.37	584.0	399.0	154.0	136.0	86.0	151.0	153.0	118.0	97.0	168.0	137.0	191.0	116.0	149.0	102.0	178.0	171.0	156.0	174.0	127.0	232.0	156.0	204.0	189.0	200.0	172.0	274.0	276.0	213.0	230.0	168.0	212.0	226.0	308.0	446.0	346.0	398.0	579.0	543.0	512.0	494.0	614.0	709.0	573.0	607.0	238.0	198.0	229.0	193.0	337.0	385.0
194	20140722 05:41:30.887	1348.0	396.0	146.0	96.0	166.0	171.0	126.0	134.0	149.0	136.0	127.0	152.0	137.0	112.0	121.0	154.0	157.0	181.0	148.0	120.0	194.0	160.0	133.0	141.0	116.0	136.0	167.0	190.0	133.0	172.0	106.0	129.0	143.0	162.0	138.0	165.0	146.0	196.0	178.0	152.0	169.0	196.0	171.0	491.0	573.0	0.0	0.0	0.0	0.0	0.0	0.0
195	20140721 17:41:29.874	22.0	386.0	0.0	0.0	0.0	0.0	0.0	0.0	0.0	0.0	0.0	0.0	0.0	0.0	0.0	0.0	0.0	0.0	0.0	0.0	0.0	0.0	0.0	0.0	0.0	0.0	0.0	0.0	0.0	0.0	0.0	0.0	0.0	920.0	1049.0	1088.0	1014.0	1052.0	1074.0	1119.0	1162.0	1179.0	1287.0	1172.0	1166.0	521.0	458.0	479.0	583.0	195.0	227.0
196	20140723 03:21:55.839	62.0	384.0	0.0	0.0	0.0	0.0	0.0	0.0	0.0	0.0	0.0	0.0	0.0	0.0	0.0	0.0	0.0	0.0	0.0	0.0	0.0	0.0	0.0	0.0	235.0	213.0	220.0	231.0	207.0	207.0	184.0	253.0	187.0	228.0	160.0	190.0	214.0	219.0	206.0	229.0	225.0	240.0	258.0	263.0	232.0	212.0	623.0	651.0	630.0	234.0	277.0
197	20140722 01:41:33.96	984.0	377.0	115.0	128.0	188.0	141.0	209.0	116.0	100.0	128.0	123.0	134.0	166.0	140.0	181.0	178.0	114.0	229.0	224.0	118.0	196.0	150.0	150.0	133.0	201.0	220.0	188.0	295.0	331.0	362.0	301.0	270.0	497.0	509.0	587.0	380.0	478.0	607.0	644.0	545.0	586.0	690.0	428.0	475.0	746.0	475.0	993.0	1213.0	1119.0	267.0	355.0
198	20140723 03:21:55.839	1024.0	377.0	137.0	142.0	154.0	149.0	164.0	134.0	109.0	105.0	125.0	163.0	138.0	169.0	112.0	159.0	142.0	127.0	128.0	203.0	187.0	133.0	145.0	179.0	127.0	179.0	175.0	172.0	171.0	178.0	160.0	167.0	159.0	182.0	161.0	168.0	132.0	168.0	189.0	173.0	182.0	174.0	183.0	159.0	163.0	240.0	303.0	468.0	374.0	334.0	286.0
199	20140722 06:41:27.531	302.0	372.0	137.0	130.0	111.0	149.0	136.0	150.0	118.0	97.0	111.0	81.0	127.0	129.0	159.0	267.0	152.0	222.0	247.0	186.0	296.0	223.0	207.0	269.0	254.0	352.0	245.0	255.0	338.0	264.0	276.0	327.0	286.0	291.0	180.0	224.0	231.0	303.0	317.0	241.0	272.0	305.0	297.0	343.0	388.0	629.0	398.0	470.0	515.0	262.0	316.0
200	20140723 03:21:55.839	1224.0	366.0	127.0	77.0	140.0	118.0	133.0	117.0	156.0	151.0	151.0	177.0	114.0	150.0	110.0	262.0	162.0	155.0	203.0	144.0	175.0	171.0	147.0	203.0	217.0	128.0	140.0	245.0	325.0	270.0	276.0	301.0	272.0	267.0	341.0	312.0	256.0	356.0	332.0	302.0	401.0	349.0	328.0	385.0	325.0	552.0	940.0	1103.0	930.0	441.0	447.0
201	20140721 04:41:26.701	1262.0	364.0	151.0	131.0	131.0	177.0	125.0	144.0	100.0	163.0	94.0	128.0	105.0	173.0	115.0	184.0	177.0	167.0	148.0	156.0	144.0	268.0	315.0	243.0	219.0	149.0	169.0	242.0	171.0	267.0	219.0	183.0	178.0	262.0	195.0	212.0	169.0	197.0	188.0	240.0	190.0	267.0	204.0	196.0	218.0	272.0	413.0	405.0	398.0	0.0	0.0
202	20140721 12:41:26.786	581.0	358.0	202.0	145.0	102.0	149.0	110.0	140.0	132.0	105.0	86.0	135.0	159.0	148.0	150.0	197.0	150.0	157.0	113.0	91.0	146.0	128.0	112.0	117.0	176.0	233.0	217.0	584.0	698.0	660.0	695.0	628.0	701.0	676.0	1177.0	964.0	914.0	981.0	921.0	919.0	832.0	946.0	849.0	268.0	266.0	213.0	263.0	272.0	334.0	229.0	262.0
203	20140722 05:41:30.887	542.0	360.0	201.0	104.0	94.0	124.0	235.0	136.0	107.0	121.0	147.0	109.0	134.0	156.0	127.0	226.0	239.0	183.0	206.0	133.0	149.0	152.0	268.0	183.0	244.0	249.0	303.0	294.0	322.0	300.0	256.0	172.0	214.0	164.0	145.0	242.0	144.0	201.0	200.0	201.0	226.0	207.0	259.0	656.0	741.0	420.0	488.0	457.0	605.0	278.0	358.0
204	20140723 03:21:55.839	19.0	347.0	0.0	0.0	0.0	0.0	0.0	0.0	0.0	0.0	0.0	0.0	0.0	0.0	0.0	0.0	0.0	0.0	0.0	0.0	0.0	0.0	0.0	0.0	0.0	0.0	0.0	0.0	0.0	0.0	0.0	0.0	0.0	0.0	0.0	0.0	0.0	247.0	256.0	182.0	214.0	300.0	273.0	372.0	430.0	401.0	910.0	138.0	187.0	202.0	190.0
205	20140723 07:21:57.687	59.0	345.0	0.0	0.0	0.0	0.0	0.0	0.0	0.0	0.0	0.0	0.0	0.0	0.0	0.0	0.0	0.0	0.0	0.0	0.0	0.0	0.0	0.0	0.0	0.0	252.0	228.0	244.0	176.0	213.0	181.0	212.0	220.0	186.0	246.0	276.0	220.0	239.0	268.0	231.0	277.0	279.0	311.0	323.0	358.0	215.0	234.0	484.0	1357.0	300.0	249.0
206	20140722 05:41:30.887	941.0	337.0	137.0	80.0	92.0	96.0	112.0	150.0	97.0	129.0	81.0	166.0	131.0	200.0	182.0	163.0	203.0	130.0	199.0	169.0	222.0	288.0	284.0	179.0	202.0	212.0	195.0	196.0	187.0	172.0	204.0	245.0	210.0	198.0	204.0	209.0	177.0	188.0	231.0	234.0	187.0	234.0	223.0	873.0	820.0	342.0	238.0	255.0	251.0	262.0	257.0
207	20140721 05:41:30.287	1021.0	336.0	118.0	97.0	112.0	98.0	156.0	136.0	146.0	123.0	128.0	142.0	161.0	132.0	130.0	177.0	178.0	131.0	128.0	120.0	154.0	216.0	291.0	195.0	237.0	253.0	243.0	256.0	356.0	282.0	249.0	262.0	218.0	280.0	215.0	126.0	159.0	234.0	262.0	229.0	239.0	205.0	222.0	218.0	269.0	203.0	248.0	251.0	279.0	335.0	298.0
208	20140721 22:41:32.655	378.0	328.0	138.0	89.0	119.0	131.0	135.0	92.0	103.0	77.0	157.0	118.0	128.0	198.0	136.0	213.0	170.0	154.0	211.0	181.0	270.0	275.0	180.0	214.0	227.0	228.0	224.0	238.0	193.0	242.0	222.0	221.0	235.0	181.0	234.0	206.0	228.0	258.0	283.0	247.0	308.0	261.0	330.0	387.0	478.0	260.0	195.0	225.0	243.0	276.0	256.0
209	20140722 05:41:30.887	1218.0	325.0	144.0	111.0	160.0	118.0	84.0	119.0	100.0	138.0	134.0	117.0	151.0	189.0	112.0	161.0	189.0	177.0	189.0	196.0	215.0	245.0	148.0	200.0	174.0	132.0	160.0	171.0	153.0	174.0	148.0	161.0	163.0	134.0	213.0	188.0	143.0	146.0	189.0	155.0	155.0	198.0	163.0	432.0	652.0	385.0	158.0	180.0	189.0	222.0	225.0
210	20140723 03:21:55.839	537.0	321.0	121.0	144.0	143.0	184.0	170.0	118.0	103.0	107.0	102.0	93.0	104.0	160.0	123.0	175.0	215.0	158.0	144.0	182.0	210.0	209.0	208.0	180.0	232.0	167.0	206.0	195.0	191.0	215.0	180.0	204.0	193.0	219.0	184.0	244.0	180.0	221.0	206.0	208.0	189.0	181.0	220.0	261.0	270.0	235.0	730.0	456.0	418.0	215.0	199.0
211	20140719 07:41:23.856	737.0	310.0	165.0	153.0	106.0	128.0	131.0	123.0	106.0	118.0	121.0	120.0	177.0	297.0	268.0	191.0	172.0	201.0	225.0	175.0	239.0	283.0	240.0	238.0	271.0	245.0	249.0	380.0	264.0	261.0	222.0	209.0	210.0	200.0	177.0	188.0	171.0	306.0	187.0	201.0	199.0	222.0	248.0	204.0	243.0	281.0	339.0	363.0	327.0	227.0	221.0
212	20140722 19:21:56.715	778.0	308.0	121.0	134.0	101.0	159.0	163.0	185.0	102.0	133.0	115.0	118.0	149.0	168.0	131.0	181.0	176.0	211.0	155.0	132.0	152.0	152.0	201.0	223.0	170.0	190.0	178.0	183.0	188.0	175.0	220.0	156.0	243.0	248.0	207.0	231.0	196.0	237.0	211.0	266.0	201.0	259.0	193.0	365.0	338.0	805.0	1046.0	1083.0	989.0	313.0	384.0
213	20140721 23:41:34.54	16.0	307.0	0.0	0.0	0.0	0.0	0.0	0.0	0.0	0.0	0.0	0.0	0.0	0.0	0.0	0.0	0.0	0.0	0.0	0.0	0.0	0.0	0.0	0.0	0.0	0.0	0.0	0.0	0.0	0.0	0.0	0.0	0.0	0.0	0.0	0.0	0.0	0.0	0.0	215.0	230.0	278.0	299.0	267.0	278.0	284.0	413.0	420.0	388.0	254.0	311.0
214	20140721 16:41:32.176	818.0	306.0	101.0	122.0	104.0	170.0	119.0	152.0	107.0	142.0	68.0	144.0	69.0	107.0	167.0	132.0	160.0	163.0	131.0	209.0	178.0	154.0	182.0	207.0	218.0	239.0	226.0	243.0	200.0	208.0	201.0	167.0	275.0	212.0	237.0	212.0	221.0	197.0	239.0	192.0	182.0	242.0	275.0	265.0	281.0	273.0	459.0	442.0	441.0	323.0	363.0
215	20140721 05:41:30.287	1058.0	295.0	109.0	127.0	125.0	140.0	97.0	145.0	122.0	143.0	147.0	127.0	150.0	131.0	168.0	187.0	109.0	151.0	134.0	137.0	174.0	246.0	275.0	173.0	183.0	168.0	166.0	203.0	163.0	199.0	173.0	160.0	194.0	198.0	264.0	308.0	172.0	215.0	239.0	204.0	271.0	271.0	290.0	251.0	220.0	280.0	400.0	430.0	369.0	333.0	419.0
216	20140720 19:41:28.706	215.0	295.0	0.0	0.0	0.0	0.0	0.0	0.0	0.0	0.0	0.0	0.0	0.0	0.0	0.0	310.0	274.0	246.0	252.0	175.0	296.0	257.0	270.0	262.0	243.0	207.0	272.0	302.0	280.0	290.0	215.0	246.0	259.0	233.0	252.0	212.0	310.0	246.0	286.0	293.0	195.0	219.0	252.0	264.0	558.0	248.0	262.0	274.0	273.0	266.0	318.0
217	20140721 11:41:27.82	455.0	285.0	162.0	133.0	103.0	117.0	142.0	133.0	170.0	129.0	124.0	122.0	143.0	161.0	113.0	193.0	183.0	174.0	213.0	177.0	258.0	246.0	302.0	224.0	249.0	196.0	320.0	600.0	359.0	243.0	230.0	217.0	172.0	264.0	193.0	224.0	222.0	231.0	279.0	187.0	242.0	213.0	201.0	235.0	310.0	253.0	306.0	381.0	405.0	296.0	310.0
218	20140721 22:41:32.655	1327.0	274.0	162.0	126.0	119.0	148.0	157.0	142.0	149.0	181.0	114.0	93.0	155.0	201.0	128.0	152.0	170.0	136.0	188.0	136.0	176.0	118.0	145.0	174.0	150.0	137.0	141.0	220.0	115.0	128.0	176.0	137.0	160.0	190.0	183.0	202.0	130.0	248.0	329.0	419.0	436.0	549.0	449.0	169.0	177.0	160.0	0.0	0.0	0.0	0.0	0.0
219	20140723 03:21:55.839	694.0	273.0	162.0	135.0	105.0	153.0	123.0	110.0	87.0	115.0	124.0	159.0	121.0	119.0	141.0	204.0	153.0	141.0	226.0	150.0	132.0	144.0	285.0	202.0	253.0	221.0	282.0	268.0	222.0	251.0	181.0	154.0	237.0	182.0	155.0	289.0	273.0	211.0	217.0	240.0	141.0	339.0	208.0	211.0	231.0	331.0	636.0	660.0	628.0	316.0	342.0
220	20140720 23:41:28.820	734.0	271.0	113.0	119.0	183.0	100.0	194.0	133.0	100.0	132.0	128.0	98.0	138.0	167.0	173.0	219.0	174.0	224.0	152.0	239.0	276.0	144.0	211.0	222.0	173.0	199.0	191.0	179.0	309.0	253.0	203.0	183.0	162.0	162.0	186.0	171.0	263.0	252.0	147.0	244.0	241.0	231.0	217.0	186.0	249.0	192.0	226.0	238.0	237.0	333.0	377.0
221	20140723 06:21:54.808	1197.0	267.0	137.0	116.0	136.0	185.0	163.0	120.0	103.0	121.0	111.0	113.0	159.0	137.0	130.0	140.0	124.0	124.0	114.0	105.0	142.0	132.0	118.0	124.0	108.0	161.0	124.0	117.0	113.0	124.0	152.0	194.0	151.0	184.0	147.0	135.0	112.0	113.0	104.0	172.0	142.0	150.0	133.0	134.0	183.0	93.0	135.0	587.0	202.0	194.0	159.0
222	20140722 01:41:33.96	11.0	267.0	0.0	0.0	0.0	0.0	0.0	0.0	0.0	0.0	0.0	0.0	0.0	0.0	0.0	0.0	0.0	0.0	0.0	0.0	0.0	0.0	0.0	0.0	0.0	0.0	0.0	0.0	0.0	0.0	0.0	0.0	0.0	0.0	0.0	0.0	0.0	0.0	0.0	0.0	249.0	262.0	268.0	315.0	326.0	265.0	458.0	507.0	503.0	208.0	245.0
223	20140721 12:41:26.786	55.0	266.0	0.0	0.0	0.0	0.0	0.0	0.0	0.0	0.0	0.0	0.0	0.0	0.0	0.0	0.0	0.0	0.0	0.0	0.0	0.0	0.0	0.0	0.0	0.0	0.0	180.0	223.0	298.0	263.0	255.0	245.0	245.0	259.0	130.0	238.0	183.0	182.0	146.0	181.0	199.0	245.0	239.0	264.0	313.0	290.0	393.0	516.0	534.0	212.0	274.0
224	20140721 11:41:27.82	895.0	263.0	118.0	150.0	112.0	167.0	168.0	118.0	139.0	143.0	133.0	138.0	127.0	132.0	121.0	160.0	174.0	182.0	126.0	171.0	132.0	264.0	158.0	121.0	137.0	131.0	161.0	363.0	157.0	190.0	203.0	168.0	159.0	201.0	199.0	187.0	167.0	236.0	268.0	168.0	229.0	247.0	165.0	217.0	240.0	244.0	451.0	494.0	341.0	259.0	347.0
225	20140722 19:21:56.715	934.0	260.0	147.0	91.0	122.0	127.0	155.0	173.0	122.0	158.0	118.0	162.0	157.0	162.0	136.0	132.0	130.0	125.0	221.0	160.0	170.0	220.0	252.0	161.0	209.0	210.0	180.0	214.0	166.0	202.0	217.0	197.0	196.0	243.0	213.0	197.0	171.0	176.0	261.0	221.0	210.0	254.0	249.0	336.0	431.0	905.0	1000.0	1132.0	1106.0	180.0	312.0
226	20140722 19:21:56.715	975.0	260.0	105.0	139.0	129.0	180.0	93.0	133.0	153.0	109.0	112.0	114.0	132.0	275.0	124.0	130.0	119.0	130.0	144.0	105.0	157.0	168.0	210.0	171.0	206.0	137.0	165.0	179.0	164.0	219.0	181.0	164.0	179.0	173.0	180.0	163.0	208.0	223.0	224.0	246.0	239.0	299.0	257.0	326.0	407.0	680.0	1208.0	1262.0	1194.0	288.0	428.0
227	20140721 15:41:27.620	1095.0	252.0	155.0	121.0	119.0	140.0	150.0	139.0	102.0	170.0	144.0	99.0	143.0	175.0	148.0	181.0	150.0	176.0	167.0	129.0	194.0	180.0	229.0	213.0	172.0	156.0	255.0	419.0	424.0	517.0	630.0	687.0	852.0	888.0	1057.0	939.0	1007.0	1144.0	1186.0	1035.0	1069.0	1171.0	833.0	893.0	950.0	506.0	881.0	808.0	726.0	243.0	332.0
228	20140723 03:21:55.839	331.0	251.0	96.0	92.0	138.0	241.0	102.0	142.0	123.0	119.0	164.0	114.0	161.0	121.0	128.0	243.0	210.0	198.0	236.0	166.0	231.0	260.0	230.0	302.0	282.0	199.0	192.0	210.0	177.0	286.0	269.0	248.0	258.0	168.0	212.0	250.0	234.0	267.0	273.0	208.0	284.0	342.0	364.0	307.0	359.0	439.0	933.0	712.0	616.0	274.0	288.0
229	20140721 09:41:26.542	1135.0	250.0	148.0	105.0	102.0	135.0	135.0	99.0	122.0	127.0	111.0	161.0	100.0	102.0	131.0	114.0	111.0	110.0	199.0	111.0	170.0	137.0	152.0	171.0	148.0	140.0	264.0	339.0	385.0	388.0	278.0	320.0	318.0	187.0	188.0	270.0	162.0	152.0	251.0	199.0	209.0	188.0	250.0	165.0	207.0	221.0	357.0	395.0	374.0	302.0	343.0
230	20140722 19:21:56.715	1175.0	248.0	88.0	105.0	161.0	73.0	221.0	113.0	108.0	152.0	157.0	130.0	118.0	136.0	139.0	154.0	115.0	175.0	171.0	174.0	192.0	212.0	189.0	167.0	246.0	159.0	217.0	196.0	223.0	246.0	180.0	239.0	221.0	163.0	224.0	183.0	226.0	294.0	241.0	232.0	203.0	266.0	257.0	227.0	344.0	888.0	470.0	410.0	526.0	293.0	309.0
231	20140723 06:21:54.808	1147.0	244.0	129.0	122.0	107.0	118.0	129.0	97.0	91.0	131.0	131.0	137.0	134.0	131.0	99.0	185.0	197.0	118.0	95.0	169.0	207.0	147.0	142.0	121.0	144.0	167.0	114.0	169.0	124.0	125.0	127.0	128.0	127.0	160.0	107.0	112.0	119.0	151.0	157.0	149.0	99.0	210.0	126.0	146.0	180.0	109.0	162.0	402.0	150.0	114.0	163.0
232	20140721 12:41:26.786	491.0	243.0	144.0	129.0	135.0	150.0	147.0	110.0	127.0	134.0	101.0	172.0	173.0	175.0	109.0	145.0	156.0	143.0	165.0	154.0	146.0	192.0	203.0	254.0	210.0	221.0	211.0	358.0	649.0	512.0	331.0	326.0	360.0	321.0	349.0	328.0	293.0	300.0	259.0	284.0	251.0	300.0	231.0	330.0	304.0	316.0	374.0	428.0	435.0	226.0	279.0
233	20140723 03:21:55.839	613.0	237.0	170.0	131.0	123.0	112.0	163.0	118.0	89.0	124.0	127.0	111.0	102.0	147.0	108.0	120.0	99.0	169.0	173.0	159.0	197.0	264.0	247.0	190.0	335.0	164.0	207.0	173.0	175.0	146.0	161.0	154.0	150.0	162.0	187.0	198.0	169.0	215.0	230.0	231.0	203.0	196.0	203.0	126.0	178.0	266.0	428.0	366.0	594.0	283.0	282.0
234	20140722 00:41:33.257	9.0	227.0	0.0	0.0	0.0	0.0	0.0	0.0	0.0	0.0	0.0	0.0	0.0	0.0	0.0	0.0	0.0	0.0	0.0	0.0	0.0	0.0	0.0	0.0	0.0	0.0	0.0	0.0	0.0	0.0	0.0	0.0	0.0	0.0	0.0	0.0	0.0	0.0	0.0	0.0	676.0	732.0	945.0	752.0	691.0	1072.0	968.0	909.0	869.0	231.0	306.0
235	20140722 05:41:30.887	49.0	225.0	0.0	0.0	0.0	0.0	0.0	0.0	0.0	0.0	0.0	0.0	0.0	0.0	0.0	0.0	0.0	0.0	0.0	0.0	0.0	0.0	0.0	0.0	0.0	0.0	0.0	415.0	383.0	413.0	420.0	441.0	342.0	388.0	421.0	409.0	410.0	441.0	394.0	567.0	583.0	678.0	755.0	1005.0	963.0	1544.0	1664.0	1522.0	1440.0	159.0	237.0
236	20140722 05:41:30.887	853.0	225.0	120.0	103.0	130.0	124.0	163.0	120.0	96.0	165.0	87.0	126.0	152.0	132.0	130.0	168.0	189.0	142.0	173.0	121.0	232.0	151.0	196.0	141.0	173.0	186.0	175.0	172.0	198.0	223.0	191.0	231.0	216.0	186.0	131.0	186.0	201.0	244.0	164.0	233.0	216.0	218.0	223.0	263.0	310.0	244.0	332.0	331.0	433.0	306.0	388.0
237	20140721 11:41:27.82	89.0	223.0	0.0	0.0	0.0	0.0	0.0	0.0	0.0	0.0	0.0	0.0	0.0	0.0	0.0	0.0	0.0	0.0	0.0	0.0	0.0	203.0	236.0	243.0	286.0	236.0	254.0	378.0	505.0	461.0	315.0	304.0	261.0	292.0	250.0	279.0	242.0	225.0	295.0	317.0	247.0	322.0	313.0	314.0	305.0	399.0	417.0	586.0	385.0	238.0	348.0
238	20140722 19:21:56.715	891.0	222.0	101.0	153.0	99.0	164.0	182.0	132.0	144.0	118.0	99.0	119.0	89.0	236.0	126.0	194.0	135.0	151.0	86.0	134.0	179.0	149.0	135.0	146.0	143.0	209.0	164.0	200.0	173.0	176.0	197.0	243.0	198.0	142.0	163.0	198.0	191.0	232.0	174.0	197.0	187.0	237.0	190.0	173.0	566.0	1000.0	1102.0	914.0	863.0	249.0	254.0
239	20140722 06:41:27.531	208.0	222.0	0.0	0.0	0.0	0.0	0.0	0.0	0.0	0.0	0.0	0.0	0.0	0.0	0.0	184.0	154.0	140.0	153.0	152.0	168.0	171.0	190.0	267.0	201.0	234.0	232.0	181.0	167.0	233.0	235.0	204.0	181.0	217.0	178.0	228.0	220.0	208.0	254.0	248.0	256.0	235.0	292.0	291.0	380.0	459.0	536.0	608.0	545.0	322.0	309.0
240	20140722 02:41:36.226	167.0	220.0	0.0	0.0	0.0	0.0	0.0	0.0	0.0	0.0	0.0	0.0	0.0	0.0	0.0	93.0	116.0	173.0	155.0	129.0	233.0	182.0	218.0	126.0	218.0	181.0	183.0	172.0	153.0	140.0	201.0	295.0	257.0	313.0	310.0	440.0	442.0	426.0	435.0	576.0	522.0	509.0	756.0	854.0	946.0	1390.0	939.0	1020.0	958.0	221.0	284.0
241	20140720 19:41:28.706	367.0	208.0	119.0	59.0	84.0	99.0	135.0	125.0	92.0	98.0	98.0	119.0	146.0	111.0	209.0	266.0	175.0	153.0	166.0	202.0	264.0	212.0	212.0	225.0	173.0	204.0	220.0	243.0	155.0	196.0	231.0	160.0	211.0	160.0	182.0	229.0	225.0	194.0	242.0	155.0	184.0	247.0	207.0	142.0	184.0	222.0	461.0	367.0	212.0	214.0	333.0
242	20140721 20:41:24.267	528.0	201.0	132.0	115.0	117.0	130.0	157.0	134.0	148.0	106.0	184.0	112.0	133.0	267.0	97.0	217.0	184.0	182.0	191.0	176.0	204.0	270.0	213.0	222.0	262.0	198.0	220.0	240.0	202.0	203.0	194.0	203.0	259.0	235.0	209.0	219.0	293.0	267.0	253.0	259.0	207.0	266.0	241.0	233.0	279.0	379.0	356.0	445.0	478.0	282.0	413.0
243	20140722 06:41:27.531	608.0	198.0	132.0	102.0	137.0	128.0	131.0	126.0	100.0	90.0	147.0	133.0	121.0	177.0	185.0	195.0	163.0	149.0	172.0	179.0	238.0	242.0	205.0	248.0	244.0	216.0	196.0	219.0	187.0	240.0	213.0	205.0	242.0	251.0	197.0	183.0	243.0	294.0	157.0	163.0	196.0	297.0	285.0	338.0	532.0	617.0	838.0	851.0	861.0	281.0	284.0
244	20140721 06:41:29.559	567.0	199.0	110.0	149.0	86.0	92.0	120.0	130.0	108.0	102.0	126.0	152.0	138.0	126.0	161.0	208.0	162.0	113.0	147.0	201.0	178.0	219.0	240.0	307.0	243.0	166.0	197.0	254.0	197.0	199.0	156.0	205.0	286.0	232.0	270.0	191.0	202.0	226.0	162.0	174.0	157.0	202.0	185.0	297.0	470.0	225.0	492.0	445.0	328.0	337.0	286.0
245	20140722 05:41:30.887	691.0	195.0	148.0	113.0	123.0	121.0	195.0	152.0	128.0	141.0	154.0	130.0	136.0	169.0	128.0	210.0	196.0	181.0	170.0	172.0	175.0	126.0	164.0	155.0	226.0	149.0	177.0	190.0	155.0	179.0	154.0	182.0	165.0	157.0	193.0	111.0	241.0	299.0	311.0	283.0	252.0	142.0	236.0	453.0	562.0	217.0	273.0	306.0	203.0	252.0	224.0
246	20140723 03:21:55.839	1120.0	192.0	134.0	132.0	86.0	151.0	144.0	144.0	100.0	147.0	133.0	113.0	101.0	154.0	103.0	145.0	162.0	132.0	124.0	110.0	159.0	128.0	120.0	105.0	158.0	176.0	123.0	140.0	162.0	186.0	112.0	122.0	113.0	124.0	103.0	113.0	174.0	137.0	151.0	154.0	166.0	131.0	198.0	219.0	314.0	133.0	528.0	556.0	344.0	115.0	183.0
247	20140722 01:41:33.96	46.0	185.0	0.0	0.0	0.0	0.0	0.0	0.0	0.0	0.0	0.0	0.0	0.0	0.0	0.0	0.0	0.0	0.0	0.0	0.0	0.0	0.0	0.0	0.0	0.0	0.0	0.0	200.0	169.0	201.0	172.0	245.0	200.0	236.0	268.0	248.0	268.0	281.0	262.0	274.0	273.0	301.0	260.0	268.0	333.0	300.0	598.0	599.0	584.0	274.0	279.0
248	20140722 19:21:56.715	1080.0	173.0	133.0	130.0	112.0	124.0	161.0	127.0	88.0	121.0	105.0	127.0	164.0	213.0	140.0	131.0	135.0	139.0	107.0	101.0	142.0	166.0	154.0	163.0	134.0	134.0	244.0	185.0	137.0	177.0	188.0	187.0	210.0	171.0	133.0	262.0	177.0	189.0	268.0	239.0	248.0	277.0	275.0	334.0	200.0	831.0	437.0	280.0	294.0	152.0	185.0
249	20140721 21:41:34.371	1247.0	163.0	127.0	117.0	116.0	148.0	179.0	152.0	104.0	145.0	125.0	118.0	89.0	193.0	130.0	149.0	201.0	218.0	154.0	182.0	200.0	166.0	144.0	181.0	230.0	230.0	176.0	197.0	263.0	328.0	310.0	339.0	505.0	636.0	714.0	736.0	838.0	1208.0	1691.0	1375.0	1210.0	1253.0	1204.0	1072.0	1095.0	910.0	1126.0	905.0	932.0	167.0	230.0
250	20140721 16:41:32.176	524.0	161.0	132.0	102.0	113.0	81.0	139.0	100.0	119.0	164.0	118.0	137.0	170.0	200.0	134.0	151.0	193.0	194.0	155.0	183.0	175.0	252.0	170.0	203.0	185.0	185.0	206.0	231.0	242.0	388.0	371.0	434.0	576.0	654.0	736.0	587.0	670.0	944.0	865.0	787.0	864.0	972.0	685.0	772.0	787.0	696.0	907.0	795.0	831.0	302.0	290.0
251	20140723 06:21:54.808	644.0	155.0	178.0	99.0	117.0	127.0	151.0	130.0	131.0	167.0	118.0	124.0	154.0	162.0	209.0	175.0	201.0	197.0	210.0	201.0	192.0	187.0	125.0	139.0	153.0	155.0	126.0	202.0	152.0	181.0	171.0	140.0	204.0	148.0	134.0	210.0	140.0	262.0	225.0	212.0	173.0	207.0	208.0	180.0	211.0	253.0	345.0	843.0	698.0	250.0	306.0
252	20140723 03:21:55.839	765.0	150.0	114.0	109.0	100.0	198.0	136.0	119.0	156.0	106.0	149.0	119.0	118.0	158.0	129.0	150.0	188.0	186.0	129.0	184.0	213.0	218.0	199.0	173.0	192.0	200.0	189.0	221.0	233.0	187.0	147.0	212.0	229.0	219.0	178.0	201.0	188.0	197.0	129.0	213.0	172.0	189.0	162.0	189.0	228.0	223.0	587.0	734.0	653.0	165.0	185.0
253	20140722 19:21:56.715	2.0	148.0	0.0	0.0	0.0	0.0	0.0	0.0	0.0	0.0	0.0	0.0	0.0	0.0	0.0	0.0	0.0	0.0	0.0	0.0	0.0	0.0	0.0	0.0	0.0	0.0	0.0	0.0	0.0	0.0	0.0	0.0	0.0	0.0	0.0	0.0	0.0	0.0	0.0	0.0	0.0	0.0	225.0	187.0	256.0	388.0	479.0	541.0	598.0	218.0	245.0
254	20140721 23:41:34.54	1122.0	130.0	118.0	138.0	154.0	129.0	141.0	117.0	156.0	179.0	110.0	88.0	144.0	145.0	144.0	272.0	190.0	190.0	298.0	215.0	201.0	249.0	221.0	263.0	194.0	228.0	224.0	244.0	221.0	237.0	198.0	199.0	190.0	163.0	202.0	164.0	207.0	236.0	316.0	404.0	374.0	647.0	536.0	538.0	656.0	177.0	190.0	247.0	357.0	263.0	298.0
255	20140721 11:41:27.82	362.0	130.0	110.0	124.0	121.0	109.0	127.0	94.0	117.0	134.0	142.0	103.0	131.0	174.0	136.0	219.0	214.0	173.0	188.0	173.0	222.0	229.0	245.0	240.0	231.0	249.0	178.0	289.0	255.0	224.0	268.0	282.0	219.0	276.0	242.0	255.0	306.0	242.0	279.0	259.0	260.0	309.0	272.0	272.0	312.0	275.0	476.0	418.0	381.0	262.0	296.0
256	20140722 06:41:27.531	761.0	110.0	152.0	113.0	131.0	118.0	93.0	136.0	113.0	78.0	158.0	147.0	161.0	170.0	151.0	105.0	160.0	207.0	182.0	182.0	204.0	228.0	246.0	201.0	212.0	265.0	246.0	211.0	339.0	246.0	227.0	253.0	286.0	274.0	320.0	252.0	234.0	342.0	298.0	319.0	253.0	323.0	237.0	249.0	394.0	381.0	648.0	694.0	560.0	275.0	271.0
257	20140721 15:41:27.620	39.0	107.0	0.0	0.0	0.0	0.0	0.0	0.0	0.0	0.0	0.0	0.0	0.0	0.0	0.0	0.0	0.0	0.0	0.0	0.0	0.0	0.0	0.0	0.0	0.0	0.0	0.0	0.0	147.0	213.0	164.0	254.0	234.0	228.0	209.0	269.0	216.0	243.0	210.0	247.0	221.0	221.0	343.0	327.0	315.0	295.0	332.0	453.0	460.0	279.0	253.0
258	20140722 19:21:56.715	880.0	105.0	155.0	118.0	86.0	127.0	159.0	114.0	113.0	142.0	137.0	127.0	115.0	121.0	91.0	129.0	181.0	153.0	129.0	86.0	228.0	249.0	137.0	184.0	194.0	140.0	200.0	214.0	217.0	199.0	155.0	157.0	204.0	178.0	213.0	220.0	177.0	147.0	237.0	217.0	230.0	265.0	234.0	204.0	251.0	332.0	415.0	437.0	494.0	233.0	273.0
259	20140721 05:41:30.287	398.0	90.0	154.0	130.0	143.0	129.0	146.0	130.0	107.0	109.0	104.0	127.0	149.0	102.0	152.0	197.0	179.0	184.0	182.0	125.0	135.0	187.0	311.0	303.0	283.0	274.0	252.0	265.0	174.0	207.0	173.0	184.0	224.0	192.0	208.0	184.0	259.0	224.0	233.0	220.0	189.0	229.0	258.0	277.0	289.0	381.0	372.0	399.0	363.0	303.0	264.0
260	20140721 04:41:26.701	556.0	81.0	143.0	111.0	122.0	149.0	132.0	143.0	104.0	137.0	106.0	131.0	101.0	159.0	123.0	159.0	140.0	195.0	146.0	158.0	164.0	240.0	198.0	187.0	145.0	232.0	186.0	236.0	128.0	182.0	149.0	152.0	164.0	154.0	203.0	193.0	149.0	159.0	206.0	157.0	156.0	169.0	176.0	214.0	228.0	315.0	277.0	295.0	352.0	241.0	235.0
261	20140721 20:41:24.267	1103.0	64.0	138.0	92.0	93.0	140.0	129.0	116.0	84.0	131.0	110.0	106.0	115.0	142.0	135.0	180.0	140.0	128.0	176.0	100.0	115.0	128.0	73.0	118.0	85.0	132.0	186.0	176.0	123.0	153.0	125.0	165.0	118.0	151.0	353.0	442.0	508.0	692.0	892.0	675.0	709.0	746.0	568.0	327.0	473.0	177.0	132.0	97.0	146.0	144.0	146.0
262	20140723 03:21:55.839	876.0	63.0	169.0	102.0	136.0	104.0	152.0	110.0	100.0	73.0	121.0	150.0	97.0	156.0	169.0	98.0	167.0	143.0	96.0	145.0	151.0	257.0	138.0	149.0	175.0	175.0	139.0	146.0	181.0	165.0	204.0	218.0	198.0	196.0	199.0	213.0	219.0	217.0	289.0	196.0	187.0	233.0	191.0	182.0	239.0	208.0	574.0	486.0	446.0	229.0	241.0
263	20140721 18:41:31.37	1116.0	52.0	110.0	122.0	181.0	99.0	134.0	147.0	116.0	116.0	129.0	108.0	153.0	179.0	127.0	201.0	268.0	187.0	246.0	169.0	215.0	245.0	210.0	256.0	211.0	190.0	232.0	268.0	226.0	300.0	279.0	293.0	408.0	389.0	555.0	438.0	501.0	644.0	620.0	446.0	534.0	622.0	498.0	542.0	854.0	593.0	899.0	865.0	851.0	257.0	291.0
264	20140721 18:41:31.37	435.0	46.0	119.0	109.0	155.0	163.0	147.0	117.0	118.0	161.0	99.0	175.0	126.0	120.0	121.0	222.0	189.0	208.0	201.0	150.0	196.0	227.0	197.0	233.0	246.0	230.0	247.0	207.0	207.0	210.0	296.0	303.0	307.0	337.0	391.0	369.0	344.0	491.0	416.0	423.0	449.0	417.0	467.0	606.0	563.0	593.0	563.0	548.0	586.0	273.0	238.0
265	20140722 01:41:33.96	1277.0	45.0	142.0	111.0	85.0	121.0	142.0	177.0	150.0	134.0	123.0	109.0	137.0	121.0	142.0	193.0	207.0	180.0	168.0	147.0	186.0	171.0	178.0	165.0	154.0	158.0	209.0	209.0	229.0	253.0	214.0	199.0	212.0	261.0	258.0	229.0	228.0	236.0	293.0	236.0	293.0	414.0	283.0	242.0	307.0	445.0	664.0	0.0	0.0	0.0	0.0
266	20140721 22:41:32.655	674.0	34.0	120.0	126.0	191.0	85.0	105.0	109.0	110.0	137.0	119.0	124.0	150.0	71.0	0.0	140.0	178.0	124.0	107.0	116.0	170.0	261.0	206.0	153.0	166.0	169.0	133.0	183.0	167.0	187.0	162.0	172.0	242.0	206.0	212.0	200.0	235.0	197.0	285.0	305.0	276.0	314.0	299.0	384.0	516.0	556.0	530.0	565.0	461.0	288.0	273.0
267	20140721 18:41:31.37	32.0	27.0	0.0	0.0	0.0	0.0	0.0	0.0	0.0	0.0	0.0	0.0	0.0	0.0	0.0	0.0	0.0	0.0	0.0	0.0	0.0	0.0	0.0	0.0	0.0	0.0	0.0	0.0	0.0	0.0	231.0	256.0	209.0	245.0	283.0	271.0	231.0	203.0	286.0	254.0	231.0	275.0	301.0	428.0	393.0	431.0	510.0	541.0	490.0	197.0	257.0
268	20140722 19:21:56.715	874.0	24.0	187.0	144.0	98.0	157.0	0.0	0.0	0.0	0.0	0.0	0.0	0.0	0.0	0.0	265.0	136.0	149.0	161.0	148.0	239.0	201.0	144.0	215.0	221.0	209.0	180.0	189.0	207.0	185.0	215.0	193.0	193.0	197.0	181.0	225.0	244.0	318.0	292.0	259.0	214.0	249.0	251.0	259.0	288.0	419.0	615.0	599.0	682.0	271.0	272.0
269	20140721 01:41:32.69	152.0	22.0	0.0	0.0	0.0	0.0	0.0	0.0	0.0	0.0	0.0	0.0	0.0	0.0	0.0	170.0	133.0	130.0	103.0	133.0	218.0	149.0	187.0	218.0	171.0	187.0	188.0	215.0	184.0	178.0	212.0	162.0	195.0	194.0	186.0	155.0	157.0	120.0	171.0	188.0	187.0	186.0	153.0	165.0	214.0	296.0	309.0	351.0	381.0	268.0	219.0
270	20140723 03:21:55.839	271.0	15.0	120.0	119.0	131.0	184.0	0.0	0.0	0.0	0.0	0.0	0.0	0.0	0.0	0.0	162.0	172.0	163.0	130.0	154.0	239.0	234.0	218.0	185.0	292.0	236.0	208.0	266.0	188.0	274.0	225.0	280.0	158.0	198.0	216.0	223.0	251.0	259.0	262.0	251.0	237.0	247.0	223.0	315.0	323.0	823.0	1934.0	1853.0	1883.0	252.0	229.0
271	20140722 06:41:27.531	1152.0	10.0	121.0	101.0	122.0	112.0	0.0	0.0	0.0	0.0	0.0	0.0	0.0	0.0	0.0	309.0	226.0	220.0	195.0	214.0	267.0	212.0	201.0	167.0	211.0	241.0	208.0	212.0	253.0	199.0	157.0	226.0	169.0	192.0	222.0	191.0	181.0	201.0	260.0	200.0	212.0	186.0	222.0	511.0	1259.0	1198.0	1187.0	1334.0	1163.0	243.0	279.0
272	20140721 01:41:32.69	352.0	11.0	127.0	113.0	128.0	206.0	0.0	0.0	0.0	0.0	0.0	0.0	0.0	0.0	0.0	204.0	157.0	141.0	210.0	162.0	272.0	368.0	296.0	256.0	231.0	178.0	237.0	252.0	248.0	256.0	221.0	287.0	273.0	257.0	291.0	247.0	224.0	237.0	217.0	281.0	269.0	266.0	234.0	322.0	274.0	339.0	408.0	495.0	516.0	275.0	317.0
273	20140721 11:41:27.82	391.0	9.0	114.0	123.0	112.0	148.0	0.0	0.0	0.0	0.0	0.0	0.0	0.0	0.0	0.0	198.0	128.0	232.0	209.0	136.0	196.0	236.0	227.0	213.0	160.0	224.0	267.0	306.0	196.0	219.0	214.0	214.0	210.0	245.0	225.0	229.0	227.0	191.0	239.0	261.0	235.0	261.0	317.0	286.0	296.0	321.0	413.0	481.0	574.0	282.0	240.0
274	20140721 04:41:26.701	431.0	7.0	213.0	119.0	135.0	130.0	0.0	0.0	0.0	0.0	0.0	0.0	0.0	0.0	0.0	161.0	182.0	150.0	234.0	156.0	257.0	269.0	213.0	255.0	282.0	244.0	327.0	307.0	207.0	247.0	185.0	228.0	274.0	251.0	226.0	258.0	272.0	219.0	359.0	322.0	212.0	243.0	305.0	371.0	458.0	440.0	514.0	500.0	468.0	224.0	264.0
275	20140721 16:41:32.176	1273.0	5.0	95.0	105.0	135.0	165.0	0.0	0.0	0.0	0.0	0.0	0.0	0.0	0.0	0.0	0.0	99.0	123.0	173.0	91.0	130.0	121.0	151.0	266.0	290.0	209.0	299.0	433.0	461.0	562.0	397.0	476.0	1174.0	1015.0	1202.0	627.0	788.0	1192.0	1129.0	659.0	431.0	1210.0	921.0	644.0	1207.0	670.0	878.0	0.0	0.0	0.0	0.0
