index	mortality	x	y	20140718 20:24:50.656	20140718 21:23:11.346	20140718 22:23:20.393	20140718 23:23:18.690	20140719 00:23:18.396	20140719 01:23:23.390	20140719 02:23:19.256	20140719 03:23:21.385	20140719 04:23:21.838	20140719 05:23:18.647	20140719 06:23:20.291	20140719 07:23:21.620	20140719 08:23:18.801	20140719 09:23:17.963	20140719 10:23:20.600	20140719 11:23:18.655	20140719 12:23:23.113	20140719 13:23:21.521	20140719 14:23:20.114	20140719 15:23:22.633	20140719 16:23:23.124	20140719 17:23:18.542	20140719 18:23:20.420	20140719 19:23:20.234	20140719 20:23:19.565	20140719 21:23:23.474	20140719 23:23:20.155	20140720 02:23:26.242	20140720 04:23:23.349	20140720 05:23:23.823	20140720 07:23:22.566	20140720 12:23:17.542	20140720 19:23:25.828	20140720 20:23:25.784	20140720 21:23:22.355	20140720 22:23:25.27	20140720 23:23:23.376	20140721 00:23:23.635	20140721 01:23:25.840	20140721 02:23:22.239	20140721 03:23:24.601	20140721 04:23:23.473	20140721 05:23:23.410	20140721 11:23:21.425	20140721 12:23:24.387	20140721 13:23:25.810	20140721 14:23:26.646	20140721 16:23:26.901	20140721 17:23:27.417	20140721 18:23:27.319	20140721 19:23:30.556	20140721 20:23:23.279	20140721 21:23:27.44	20140721 22:23:24.605	20140721 23:23:30.731	20140722 00:23:28.977	20140722 01:23:27.578	20140722 02:23:30.40	20140722 03:23:27.254	20140722 04:23:27.793	20140722 05:23:24.916	20140722 19:04:04.411	20140722 20:04:08.713	20140722 21:04:11.566	20140722 22:04:06.885	20140722 23:04:06.176	20140723 05:04:07.152	20140723 06:04:07.70	20140723 07:04:11.447	20140723 08:04:08.203	20140723 09:04:07.882	20140723 09:57:48.740	20140723 10:57:50.497	20140723 11:57:53.476	20140723 12:57:50.552
1	20140722 19:04:04.411	9.0	1020.0	0.0	0.0	0.0	0.0	0.0	0.0	0.0	0.0	0.0	0.0	0.0	0.0	0.0	0.0	0.0	0.0	0.0	0.0	0.0	0.0	0.0	0.0	0.0	0.0	0.0	0.0	0.0	0.0	0.0	0.0	0.0	0.0	0.0	0.0	0.0	0.0	0.0	0.0	0.0	0.0	0.0	0.0	0.0	0.0	0.0	0.0	0.0	0.0	0.0	0.0	0.0	0.0	0.0	0.0	0.0	0.0	0.0	0.0	0.0	0.0	0.0	934.0	997.0	969.0	929.0	873.0	1081.0	1050.0	906.0	1063.0	850.0	0.0	0.0	0.0	0.0
2	20140722 20:04:08.713	847.0	1018.0	90.0	87.0	121.0	122.0	90.0	112.0	85.0	102.0	118.0	98.0	118.0	94.0	123.0	128.0	100.0	110.0	93.0	121.0	132.0	118.0	102.0	196.0	104.0	120.0	131.0	127.0	110.0	141.0	146.0	127.0	159.0	149.0	165.0	139.0	110.0	135.0	169.0	177.0	131.0	164.0	133.0	181.0	140.0	146.0	185.0	233.0	199.0	181.0	198.0	253.0	263.0	215.0	202.0	247.0	261.0	211.0	216.0	225.0	271.0	292.0	274.0	353.0	611.0	642.0	468.0	362.0	696.0	636.0	547.0	640.0	719.0	178.0	193.0	161.0	206.0
3	20140722 19:04:04.411	484.0	1020.0	102.0	82.0	149.0	108.0	110.0	98.0	92.0	84.0	88.0	118.0	144.0	136.0	108.0	116.0	83.0	107.0	131.0	73.0	123.0	130.0	86.0	70.0	156.0	106.0	115.0	139.0	104.0	85.0	70.0	91.0	111.0	131.0	111.0	108.0	131.0	122.0	102.0	120.0	108.0	97.0	124.0	152.0	105.0	103.0	153.0	111.0	138.0	117.0	122.0	189.0	157.0	98.0	146.0	167.0	120.0	118.0	168.0	125.0	111.0	143.0	104.0	346.0	375.0	346.0	197.0	123.0	141.0	137.0	121.0	132.0	143.0	127.0	129.0	96.0	108.0
4	20140722 01:23:27.578	49.0	1017.0	0.0	0.0	0.0	0.0	0.0	0.0	0.0	0.0	0.0	0.0	0.0	0.0	0.0	0.0	0.0	0.0	0.0	0.0	0.0	0.0	0.0	0.0	0.0	0.0	0.0	0.0	0.0	0.0	0.0	0.0	0.0	0.0	0.0	0.0	0.0	0.0	0.0	0.0	0.0	0.0	0.0	0.0	0.0	0.0	0.0	0.0	0.0	0.0	0.0	0.0	0.0	0.0	0.0	0.0	0.0	54.0	852.0	833.0	744.0	815.0	685.0	794.0	976.0	904.0	903.0	885.0	1333.0	1246.0	1220.0	1424.0	1010.0	206.0	269.0	163.0	163.0
5	20140722 20:04:08.713	247.0	1008.0	0.0	0.0	0.0	0.0	0.0	0.0	0.0	0.0	0.0	0.0	0.0	0.0	0.0	0.0	0.0	0.0	0.0	50.0	103.0	123.0	83.0	146.0	108.0	130.0	111.0	128.0	112.0	110.0	139.0	154.0	201.0	175.0	144.0	183.0	151.0	180.0	210.0	225.0	254.0	254.0	226.0	296.0	400.0	170.0	117.0	182.0	185.0	209.0	163.0	243.0	245.0	211.0	247.0	311.0	220.0	246.0	274.0	331.0	273.0	302.0	298.0	656.0	1123.0	1084.0	538.0	720.0	1508.0	1312.0	897.0	1196.0	977.0	92.0	112.0	112.0	170.0
6	20140722 20:04:08.713	1085.0	1006.0	118.0	115.0	134.0	98.0	151.0	100.0	97.0	84.0	104.0	114.0	73.0	178.0	101.0	154.0	119.0	109.0	162.0	89.0	102.0	121.0	125.0	161.0	113.0	100.0	214.0	140.0	147.0	115.0	180.0	212.0	151.0	166.0	151.0	116.0	109.0	143.0	159.0	136.0	130.0	143.0	190.0	136.0	146.0	137.0	217.0	147.0	186.0	208.0	145.0	249.0	183.0	177.0	183.0	200.0	196.0	178.0	293.0	243.0	230.0	335.0	317.0	420.0	643.0	646.0	417.0	448.0	972.0	822.0	588.0	970.0	790.0	160.0	156.0	198.0	172.0
7	20140723 05:04:07.152	327.0	1004.0	106.0	119.0	137.0	139.0	125.0	106.0	101.0	152.0	115.0	97.0	63.0	113.0	87.0	133.0	107.0	131.0	120.0	98.0	114.0	116.0	150.0	124.0	116.0	109.0	143.0	141.0	162.0	119.0	144.0	129.0	138.0	156.0	164.0	130.0	153.0	182.0	153.0	201.0	159.0	215.0	154.0	220.0	173.0	228.0	209.0	185.0	204.0	201.0	156.0	196.0	165.0	202.0	197.0	210.0	182.0	146.0	212.0	234.0	204.0	209.0	160.0	388.0	495.0	495.0	345.0	503.0	1408.0	927.0	780.0	1007.0	884.0	262.0	208.0	203.0	199.0
8	20140720 05:23:23.823	1364.0	992.0	113.0	92.0	108.0	93.0	113.0	109.0	96.0	98.0	116.0	110.0	101.0	132.0	120.0	106.0	57.0	106.0	114.0	126.0	103.0	77.0	106.0	140.0	142.0	170.0	135.0	153.0	143.0	121.0	132.0	210.0	146.0	143.0	229.0	216.0	179.0	239.0	222.0	184.0	183.0	182.0	175.0	203.0	191.0	173.0	193.0	207.0	158.0	206.0	158.0	184.0	187.0	278.0	245.0	209.0	251.0	216.0	270.0	328.0	201.0	280.0	346.0	278.0	1.0	0.0	0.0	0.0	0.0	0.0	0.0	0.0	0.0	0.0	0.0	0.0	0.0
9	20140722 20:04:08.713	606.0	989.0	138.0	75.0	121.0	120.0	112.0	121.0	117.0	189.0	134.0	114.0	108.0	138.0	73.0	157.0	83.0	97.0	115.0	118.0	153.0	95.0	123.0	220.0	114.0	166.0	152.0	104.0	177.0	190.0	158.0	176.0	130.0	165.0	211.0	181.0	168.0	195.0	151.0	169.0	143.0	214.0	160.0	167.0	131.0	189.0	287.0	289.0	217.0	141.0	206.0	307.0	211.0	247.0	198.0	222.0	218.0	207.0	207.0	230.0	238.0	317.0	275.0	801.0	1145.0	980.0	617.0	594.0	1681.0	827.0	575.0	984.0	823.0	128.0	123.0	99.0	116.0
10	20140723 05:04:07.152	8.0	977.0	0.0	0.0	0.0	0.0	0.0	0.0	0.0	0.0	0.0	0.0	0.0	0.0	0.0	0.0	0.0	0.0	0.0	0.0	0.0	0.0	0.0	0.0	0.0	0.0	0.0	0.0	0.0	0.0	0.0	0.0	0.0	0.0	0.0	0.0	0.0	0.0	0.0	0.0	0.0	0.0	0.0	0.0	0.0	0.0	0.0	0.0	0.0	0.0	0.0	0.0	0.0	0.0	0.0	0.0	0.0	0.0	0.0	0.0	0.0	0.0	0.0	356.0	576.0	441.0	421.0	356.0	962.0	1022.0	1028.0	1300.0	524.0	0.0	0.0	0.0	0.0
11	20140722 19:04:04.411	1272.0	979.0	89.0	104.0	101.0	119.0	98.0	92.0	76.0	92.0	91.0	115.0	137.0	104.0	103.0	153.0	119.0	148.0	116.0	123.0	157.0	85.0	101.0	142.0	104.0	99.0	102.0	112.0	96.0	98.0	100.0	99.0	105.0	143.0	100.0	129.0	83.0	94.0	141.0	111.0	83.0	117.0	86.0	110.0	85.0	137.0	81.0	131.0	186.0	141.0	129.0	121.0	154.0	115.0	131.0	117.0	171.0	127.0	132.0	112.0	77.0	156.0	199.0	368.0	510.0	416.0	230.0	183.0	100.0	131.0	162.0	116.0	111.0	142.0	154.0	107.0	106.0
12	20140723 05:04:07.152	47.0	978.0	0.0	0.0	0.0	0.0	0.0	0.0	0.0	0.0	0.0	0.0	0.0	0.0	0.0	0.0	0.0	0.0	0.0	0.0	0.0	0.0	0.0	0.0	0.0	0.0	0.0	0.0	0.0	0.0	0.0	0.0	0.0	0.0	0.0	0.0	0.0	0.0	0.0	0.0	0.0	0.0	0.0	0.0	0.0	0.0	0.0	0.0	0.0	0.0	0.0	0.0	0.0	0.0	0.0	0.0	0.0	0.0	336.0	286.0	294.0	347.0	305.0	575.0	709.0	741.0	619.0	669.0	1313.0	1258.0	1028.0	1536.0	1124.0	201.0	214.0	189.0	208.0
13	20140722 19:04:04.411	127.0	975.0	0.0	0.0	0.0	0.0	0.0	0.0	0.0	0.0	0.0	0.0	0.0	0.0	0.0	0.0	0.0	0.0	0.0	0.0	0.0	0.0	0.0	0.0	0.0	0.0	0.0	0.0	0.0	0.0	0.0	0.0	0.0	0.0	0.0	0.0	0.0	0.0	0.0	0.0	0.0	187.0	159.0	215.0	234.0	301.0	295.0	261.0	259.0	148.0	194.0	195.0	196.0	223.0	189.0	191.0	149.0	248.0	217.0	285.0	250.0	225.0	228.0	680.0	942.0	862.0	417.0	534.0	1043.0	1114.0	784.0	1283.0	813.0	188.0	157.0	159.0	179.0
14	20140723 05:04:07.152	962.0	972.0	85.0	104.0	90.0	87.0	149.0	143.0	109.0	152.0	121.0	118.0	137.0	139.0	105.0	135.0	137.0	121.0	102.0	146.0	92.0	100.0	95.0	233.0	212.0	151.0	125.0	160.0	172.0	133.0	184.0	194.0	233.0	172.0	151.0	202.0	171.0	274.0	212.0	245.0	205.0	232.0	167.0	173.0	186.0	228.0	270.0	246.0	227.0	213.0	234.0	232.0	246.0	280.0	210.0	240.0	259.0	214.0	276.0	368.0	274.0	309.0	335.0	582.0	645.0	751.0	615.0	724.0	1161.0	1280.0	1197.0	1507.0	1444.0	296.0	217.0	216.0	198.0
15	20140723 05:04:07.152	607.0	973.0	86.0	101.0	112.0	129.0	143.0	111.0	134.0	119.0	95.0	129.0	113.0	123.0	104.0	107.0	107.0	81.0	106.0	111.0	129.0	94.0	122.0	132.0	136.0	106.0	169.0	184.0	154.0	102.0	109.0	132.0	93.0	110.0	156.0	126.0	117.0	110.0	138.0	192.0	89.0	127.0	164.0	181.0	94.0	165.0	193.0	182.0	217.0	158.0	121.0	110.0	200.0	125.0	194.0	133.0	128.0	157.0	115.0	143.0	120.0	116.0	160.0	153.0	142.0	89.0	148.0	201.0	489.0	162.0	119.0	153.0	191.0	118.0	105.0	99.0	98.0
16	20140722 23:04:06.176	1042.0	968.0	132.0	110.0	146.0	102.0	86.0	92.0	103.0	133.0	95.0	105.0	76.0	116.0	127.0	172.0	96.0	93.0	189.0	122.0	92.0	114.0	112.0	177.0	175.0	129.0	137.0	144.0	143.0	110.0	200.0	231.0	190.0	201.0	125.0	167.0	178.0	203.0	158.0	182.0	164.0	151.0	197.0	149.0	144.0	236.0	239.0	210.0	247.0	270.0	247.0	255.0	267.0	218.0	223.0	279.0	236.0	311.0	306.0	320.0	391.0	385.0	366.0	660.0	791.0	802.0	832.0	1266.0	1672.0	1816.0	1499.0	1622.0	1391.0	235.0	209.0	164.0	259.0
17	20140722 21:04:11.566	1247.0	959.0	121.0	73.0	119.0	125.0	112.0	125.0	177.0	107.0	138.0	122.0	93.0	87.0	139.0	114.0	132.0	94.0	132.0	104.0	124.0	116.0	130.0	125.0	124.0	125.0	159.0	98.0	136.0	111.0	120.0	154.0	119.0	121.0	99.0	131.0	123.0	135.0	106.0	129.0	135.0	162.0	134.0	152.0	141.0	147.0	157.0	148.0	172.0	154.0	129.0	148.0	142.0	96.0	164.0	138.0	227.0	142.0	130.0	190.0	171.0	140.0	182.0	338.0	393.0	539.0	507.0	516.0	700.0	835.0	775.0	697.0	721.0	176.0	193.0	161.0	142.0
18	20140722 20:04:08.713	4.0	939.0	0.0	0.0	0.0	0.0	0.0	0.0	0.0	0.0	0.0	0.0	0.0	0.0	0.0	0.0	0.0	0.0	0.0	0.0	0.0	0.0	0.0	0.0	0.0	0.0	0.0	0.0	0.0	0.0	0.0	0.0	0.0	0.0	0.0	0.0	0.0	0.0	0.0	0.0	0.0	0.0	0.0	0.0	0.0	0.0	0.0	0.0	0.0	0.0	0.0	0.0	0.0	0.0	0.0	0.0	0.0	0.0	0.0	0.0	0.0	0.0	0.0	694.0	1063.0	874.0	715.0	827.0	1522.0	1347.0	1153.0	1389.0	886.0	0.0	0.0	0.0	0.0
19	20140722 19:04:04.411	44.0	937.0	0.0	0.0	0.0	0.0	0.0	0.0	0.0	0.0	0.0	0.0	0.0	0.0	0.0	0.0	0.0	0.0	0.0	0.0	0.0	0.0	0.0	0.0	0.0	0.0	0.0	0.0	0.0	0.0	0.0	0.0	0.0	0.0	0.0	0.0	0.0	0.0	0.0	0.0	0.0	0.0	0.0	0.0	0.0	0.0	0.0	0.0	0.0	0.0	0.0	0.0	0.0	0.0	0.0	0.0	0.0	0.0	17.0	418.0	353.0	412.0	423.0	879.0	1213.0	921.0	653.0	682.0	1410.0	1536.0	1482.0	1752.0	1223.0	185.0	185.0	146.0	197.0
20	20140722 20:04:08.713	283.0	926.0	105.0	93.0	98.0	118.0	77.0	122.0	120.0	95.0	104.0	87.0	149.0	100.0	103.0	126.0	114.0	118.0	113.0	109.0	93.0	119.0	118.0	120.0	105.0	135.0	146.0	172.0	184.0	121.0	175.0	190.0	164.0	132.0	146.0	131.0	135.0	153.0	146.0	157.0	180.0	160.0	176.0	189.0	144.0	223.0	240.0	227.0	204.0	208.0	131.0	203.0	171.0	200.0	228.0	160.0	191.0	175.0	161.0	197.0	170.0	209.0	233.0	412.0	674.0	560.0	385.0	495.0	892.0	609.0	450.0	689.0	642.0	237.0	238.0	205.0	285.0
21	20140722 19:04:04.411	1122.0	925.0	81.0	112.0	115.0	120.0	125.0	74.0	109.0	101.0	132.0	124.0	78.0	122.0	138.0	112.0	143.0	72.0	66.0	82.0	132.0	109.0	133.0	131.0	102.0	164.0	187.0	120.0	149.0	103.0	193.0	126.0	161.0	117.0	88.0	109.0	147.0	137.0	98.0	175.0	125.0	139.0	131.0	135.0	147.0	180.0	167.0	194.0	144.0	169.0	226.0	232.0	196.0	250.0	202.0	295.0	247.0	262.0	319.0	260.0	223.0	336.0	249.0	847.0	715.0	737.0	636.0	601.0	549.0	548.0	501.0	489.0	414.0	232.0	123.0	127.0	183.0
22	20140722 19:04:04.411	322.0	923.0	134.0	115.0	63.0	107.0	110.0	120.0	95.0	91.0	102.0	121.0	105.0	112.0	128.0	134.0	102.0	148.0	137.0	114.0	135.0	101.0	118.0	112.0	115.0	124.0	169.0	145.0	112.0	110.0	232.0	135.0	159.0	135.0	144.0	172.0	166.0	171.0	178.0	180.0	175.0	171.0	150.0	163.0	140.0	201.0	180.0	149.0	211.0	197.0	221.0	286.0	263.0	307.0	241.0	292.0	346.0	256.0	265.0	324.0	355.0	316.0	319.0	711.0	1057.0	733.0	600.0	544.0	1256.0	977.0	845.0	1151.0	1109.0	215.0	201.0	188.0	192.0
23	20140722 23:04:06.176	362.0	922.0	75.0	99.0	111.0	147.0	163.0	113.0	104.0	135.0	105.0	113.0	83.0	95.0	112.0	109.0	89.0	107.0	115.0	81.0	83.0	103.0	95.0	249.0	84.0	134.0	126.0	147.0	107.0	109.0	138.0	164.0	130.0	164.0	123.0	146.0	152.0	142.0	181.0	175.0	181.0	115.0	145.0	118.0	132.0	171.0	186.0	131.0	143.0	93.0	146.0	229.0	173.0	195.0	261.0	163.0	165.0	157.0	202.0	194.0	206.0	184.0	236.0	296.0	387.0	263.0	340.0	592.0	746.0	458.0	400.0	511.0	532.0	232.0	196.0	163.0	214.0
24	20140722 19:04:04.411	3.0	898.0	0.0	0.0	0.0	0.0	0.0	0.0	0.0	0.0	0.0	0.0	0.0	0.0	0.0	0.0	0.0	0.0	0.0	0.0	0.0	0.0	0.0	0.0	0.0	0.0	0.0	0.0	0.0	0.0	0.0	0.0	0.0	0.0	0.0	0.0	0.0	0.0	0.0	0.0	0.0	0.0	0.0	0.0	0.0	0.0	0.0	0.0	0.0	0.0	0.0	0.0	0.0	0.0	0.0	0.0	0.0	0.0	0.0	0.0	0.0	0.0	0.0	999.0	1189.0	1080.0	981.0	1081.0	1477.0	1407.0	1279.0	1429.0	999.0	0.0	0.0	0.0	0.0
25	20140722 02:23:30.40	42.0	897.0	0.0	0.0	0.0	0.0	0.0	0.0	0.0	0.0	0.0	0.0	0.0	0.0	0.0	0.0	0.0	0.0	0.0	0.0	0.0	0.0	0.0	0.0	0.0	0.0	0.0	0.0	0.0	0.0	0.0	0.0	0.0	0.0	0.0	0.0	0.0	0.0	0.0	0.0	0.0	0.0	0.0	0.0	0.0	0.0	0.0	0.0	0.0	0.0	0.0	0.0	0.0	0.0	0.0	0.0	0.0	0.0	2.0	929.0	890.0	853.0	885.0	688.0	636.0	606.0	713.0	681.0	690.0	844.0	769.0	755.0	522.0	187.0	208.0	158.0	166.0
26	20140723 05:04:07.152	878.0	895.0	128.0	118.0	141.0	97.0	113.0	123.0	82.0	119.0	86.0	136.0	59.0	97.0	194.0	89.0	133.0	85.0	101.0	121.0	84.0	110.0	117.0	144.0	123.0	147.0	164.0	133.0	191.0	134.0	146.0	191.0	178.0	179.0	168.0	178.0	155.0	196.0	154.0	206.0	166.0	178.0	146.0	125.0	149.0	184.0	172.0	187.0	223.0	203.0	185.0	216.0	194.0	256.0	231.0	202.0	293.0	341.0	406.0	420.0	435.0	509.0	430.0	655.0	827.0	841.0	619.0	845.0	1609.0	1885.0	1492.0	2075.0	1486.0	218.0	218.0	120.0	156.0
27	20140723 05:04:07.152	81.0	895.0	0.0	0.0	0.0	0.0	0.0	0.0	0.0	0.0	0.0	0.0	0.0	0.0	0.0	0.0	0.0	0.0	0.0	0.0	0.0	0.0	0.0	0.0	0.0	0.0	0.0	0.0	0.0	0.0	0.0	0.0	0.0	0.0	0.0	0.0	0.0	0.0	0.0	0.0	0.0	0.0	0.0	0.0	0.0	144.0	116.0	174.0	210.0	128.0	129.0	152.0	185.0	158.0	195.0	182.0	180.0	183.0	207.0	214.0	175.0	273.0	140.0	279.0	361.0	340.0	281.0	256.0	1044.0	1048.0	840.0	1092.0	858.0	163.0	191.0	131.0	161.0
28	20140723 05:04:07.152	479.0	875.0	91.0	123.0	139.0	122.0	77.0	100.0	101.0	145.0	95.0	111.0	92.0	75.0	177.0	123.0	104.0	72.0	159.0	119.0	112.0	133.0	97.0	156.0	141.0	127.0	110.0	162.0	129.0	137.0	189.0	115.0	137.0	106.0	140.0	174.0	189.0	156.0	236.0	194.0	170.0	164.0	152.0	172.0	136.0	196.0	163.0	205.0	229.0	199.0	243.0	244.0	228.0	291.0	281.0	324.0	357.0	274.0	380.0	359.0	287.0	390.0	340.0	676.0	708.0	655.0	747.0	598.0	1544.0	1142.0	1025.0	1220.0	1135.0	267.0	219.0	211.0	214.0
29	20140722 19:04:04.411	720.0	861.0	153.0	120.0	119.0	88.0	96.0	189.0	97.0	120.0	114.0	113.0	132.0	146.0	118.0	139.0	129.0	89.0	132.0	113.0	132.0	125.0	80.0	140.0	148.0	134.0	117.0	107.0	143.0	84.0	125.0	177.0	153.0	126.0	170.0	126.0	114.0	199.0	124.0	136.0	162.0	175.0	106.0	154.0	132.0	222.0	187.0	145.0	150.0	185.0	156.0	237.0	158.0	197.0	227.0	151.0	220.0	202.0	224.0	181.0	181.0	150.0	216.0	538.0	570.0	471.0	438.0	429.0	536.0	616.0	496.0	620.0	531.0	223.0	188.0	134.0	199.0
30	20140723 05:04:07.152	39.0	855.0	0.0	0.0	0.0	0.0	0.0	0.0	0.0	0.0	0.0	0.0	0.0	0.0	0.0	0.0	0.0	0.0	0.0	0.0	0.0	0.0	0.0	0.0	0.0	0.0	0.0	0.0	0.0	0.0	0.0	0.0	0.0	0.0	0.0	0.0	0.0	0.0	0.0	0.0	0.0	0.0	0.0	0.0	0.0	0.0	0.0	0.0	0.0	0.0	0.0	0.0	0.0	0.0	0.0	0.0	0.0	0.0	0.0	713.0	586.0	588.0	652.0	649.0	870.0	746.0	594.0	663.0	1651.0	1816.0	1256.0	1522.0	1203.0	180.0	182.0	151.0	126.0
31	20140722 19:04:04.411	993.0	848.0	122.0	100.0	173.0	120.0	137.0	150.0	129.0	110.0	147.0	139.0	114.0	105.0	101.0	158.0	134.0	101.0	128.0	91.0	90.0	146.0	109.0	119.0	168.0	109.0	108.0	160.0	127.0	116.0	137.0	181.0	145.0	124.0	119.0	126.0	117.0	134.0	138.0	94.0	120.0	156.0	109.0	97.0	130.0	108.0	140.0	166.0	134.0	156.0	113.0	134.0	146.0	110.0	167.0	111.0	153.0	149.0	124.0	131.0	122.0	137.0	156.0	348.0	340.0	309.0	294.0	257.0	253.0	343.0	326.0	327.0	291.0	100.0	149.0	184.0	140.0
32	20140723 05:04:07.152	589.0	844.0	100.0	107.0	136.0	97.0	153.0	88.0	112.0	108.0	116.0	128.0	110.0	123.0	141.0	74.0	70.0	88.0	124.0	123.0	80.0	121.0	100.0	135.0	168.0	179.0	135.0	143.0	116.0	94.0	121.0	123.0	113.0	117.0	107.0	128.0	141.0	133.0	146.0	139.0	130.0	144.0	131.0	122.0	121.0	82.0	155.0	85.0	132.0	126.0	134.0	155.0	91.0	188.0	115.0	141.0	116.0	144.0	156.0	133.0	147.0	138.0	160.0	173.0	128.0	115.0	125.0	160.0	609.0	387.0	290.0	402.0	419.0	153.0	86.0	118.0	81.0
33	20140721 18:23:27.319	1195.0	840.0	106.0	62.0	129.0	154.0	95.0	78.0	89.0	82.0	95.0	107.0	91.0	115.0	96.0	191.0	114.0	102.0	141.0	116.0	159.0	112.0	85.0	174.0	110.0	119.0	106.0	151.0	111.0	88.0	117.0	105.0	115.0	172.0	106.0	192.0	143.0	120.0	129.0	169.0	142.0	130.0	145.0	105.0	132.0	277.0	358.0	351.0	377.0	338.0	366.0	396.0	407.0	419.0	482.0	421.0	361.0	439.0	499.0	501.0	504.0	636.0	478.0	492.0	595.0	571.0	634.0	535.0	698.0	674.0	589.0	655.0	569.0	170.0	147.0	138.0	199.0
34	20140723 05:04:07.152	27.0	838.0	0.0	0.0	0.0	0.0	0.0	0.0	0.0	0.0	0.0	0.0	0.0	0.0	0.0	0.0	0.0	0.0	0.0	0.0	0.0	0.0	0.0	0.0	0.0	0.0	0.0	0.0	0.0	0.0	0.0	0.0	0.0	0.0	0.0	0.0	0.0	0.0	0.0	0.0	0.0	0.0	0.0	0.0	0.0	0.0	0.0	0.0	0.0	0.0	0.0	0.0	0.0	0.0	0.0	0.0	0.0	0.0	0.0	0.0	0.0	0.0	114.0	145.0	188.0	147.0	203.0	191.0	233.0	224.0	417.0	176.0	185.0	0.0	0.0	0.0	0.0
35	20140721 12:23:24.387	1274.0	835.0	104.0	87.0	139.0	151.0	95.0	144.0	126.0	173.0	148.0	117.0	101.0	134.0	133.0	107.0	84.0	106.0	202.0	127.0	117.0	119.0	120.0	132.0	99.0	125.0	149.0	97.0	160.0	94.0	149.0	136.0	136.0	118.0	102.0	102.0	142.0	150.0	116.0	118.0	117.0	141.0	216.0	170.0	235.0	322.0	379.0	324.0	361.0	356.0	369.0	397.0	354.0	383.0	510.0	388.0	430.0	485.0	484.0	502.0	408.0	657.0	459.0	399.0	434.0	393.0	453.0	455.0	378.0	369.0	348.0	302.0	314.0	142.0	145.0	133.0	163.0
36	20140723 05:04:07.152	593.0	829.0	103.0	79.0	128.0	146.0	83.0	105.0	79.0	176.0	114.0	89.0	117.0	99.0	145.0	117.0	112.0	99.0	107.0	142.0	98.0	139.0	108.0	209.0	161.0	129.0	178.0	127.0	126.0	134.0	156.0	164.0	168.0	132.0	186.0	165.0	219.0	156.0	171.0	139.0	152.0	157.0	173.0	119.0	168.0	231.0	233.0	148.0	176.0	165.0	174.0	279.0	200.0	241.0	248.0	317.0	299.0	313.0	335.0	387.0	299.0	419.0	314.0	586.0	746.0	776.0	683.0	530.0	2287.0	1107.0	889.0	1029.0	804.0	89.0	111.0	113.0	139.0
37	20140722 04:23:27.793	37.0	817.0	0.0	0.0	0.0	0.0	0.0	0.0	0.0	0.0	0.0	0.0	0.0	0.0	0.0	0.0	0.0	0.0	0.0	0.0	0.0	0.0	0.0	0.0	0.0	0.0	0.0	0.0	0.0	0.0	0.0	0.0	0.0	0.0	0.0	0.0	0.0	0.0	0.0	0.0	0.0	0.0	0.0	0.0	0.0	0.0	0.0	0.0	0.0	0.0	0.0	0.0	0.0	0.0	0.0	0.0	0.0	0.0	0.0	1.0	742.0	940.0	671.0	1394.0	1812.0	1482.0	1093.0	1069.0	1715.0	1662.0	1020.0	1304.0	1058.0	0.0	2.0	2.0	3.0
38	20140722 19:04:04.411	22.0	818.0	0.0	0.0	0.0	0.0	0.0	0.0	0.0	0.0	0.0	0.0	0.0	0.0	0.0	0.0	0.0	0.0	0.0	0.0	0.0	0.0	0.0	0.0	0.0	0.0	0.0	0.0	0.0	0.0	0.0	0.0	0.0	0.0	0.0	0.0	0.0	0.0	0.0	0.0	0.0	0.0	0.0	0.0	0.0	0.0	0.0	0.0	0.0	0.0	0.0	0.0	0.0	0.0	0.0	0.0	0.0	0.0	0.0	0.0	0.0	0.0	1.0	340.0	443.0	389.0	272.0	188.0	214.0	189.0	214.0	153.0	177.0	0.0	0.0	0.0	0.0
39	20140722 01:23:27.578	953.0	811.0	101.0	69.0	122.0	111.0	139.0	98.0	156.0	106.0	102.0	134.0	106.0	106.0	126.0	142.0	118.0	120.0	93.0	146.0	117.0	149.0	91.0	129.0	102.0	138.0	105.0	129.0	158.0	110.0	156.0	131.0	149.0	121.0	173.0	108.0	153.0	162.0	133.0	161.0	120.0	170.0	174.0	135.0	124.0	204.0	237.0	248.0	271.0	198.0	190.0	268.0	343.0	268.0	312.0	265.0	295.0	319.0	443.0	472.0	422.0	478.0	310.0	652.0	788.0	667.0	469.0	553.0	591.0	576.0	436.0	513.0	564.0	173.0	145.0	134.0	132.0
40	20140722 20:04:08.713	1076.0	805.0	85.0	120.0	135.0	134.0	104.0	190.0	120.0	115.0	118.0	138.0	103.0	126.0	86.0	91.0	84.0	161.0	133.0	72.0	97.0	110.0	112.0	122.0	109.0	108.0	104.0	94.0	125.0	139.0	152.0	155.0	147.0	168.0	152.0	162.0	169.0	143.0	136.0	154.0	116.0	153.0	181.0	150.0	186.0	191.0	167.0	187.0	196.0	150.0	189.0	213.0	240.0	151.0	202.0	166.0	225.0	206.0	271.0	210.0	157.0	231.0	217.0	303.0	406.0	317.0	276.0	355.0	593.0	446.0	477.0	489.0	389.0	192.0	171.0	120.0	194.0
41	20140722 20:04:08.713	354.0	801.0	107.0	114.0	131.0	136.0	108.0	110.0	164.0	112.0	126.0	120.0	102.0	95.0	98.0	123.0	107.0	162.0	117.0	136.0	122.0	100.0	112.0	120.0	152.0	177.0	204.0	111.0	152.0	123.0	221.0	225.0	139.0	230.0	201.0	281.0	213.0	185.0	220.0	172.0	176.0	227.0	194.0	161.0	183.0	215.0	207.0	252.0	235.0	201.0	229.0	329.0	223.0	299.0	330.0	373.0	316.0	420.0	511.0	445.0	432.0	552.0	419.0	1079.0	1799.0	1465.0	1042.0	951.0	2112.0	1341.0	1161.0	1494.0	1388.0	307.0	250.0	231.0	240.0
42	20140722 20:04:08.713	752.0	781.0	86.0	106.0	106.0	99.0	132.0	173.0	100.0	101.0	125.0	134.0	123.0	98.0	109.0	97.0	107.0	114.0	112.0	94.0	98.0	106.0	142.0	171.0	139.0	149.0	180.0	174.0	135.0	108.0	158.0	209.0	207.0	177.0	119.0	151.0	187.0	162.0	215.0	168.0	167.0	267.0	208.0	180.0	170.0	251.0	329.0	258.0	236.0	258.0	261.0	319.0	263.0	304.0	300.0	331.0	342.0	367.0	386.0	555.0	385.0	489.0	438.0	648.0	999.0	865.0	847.0	365.0	1584.0	1289.0	890.0	1325.0	1242.0	204.0	173.0	163.0	193.0
43	20140722 19:04:04.411	36.0	776.0	0.0	0.0	0.0	0.0	0.0	0.0	0.0	0.0	0.0	0.0	0.0	0.0	0.0	0.0	0.0	0.0	0.0	0.0	0.0	0.0	0.0	0.0	0.0	0.0	0.0	0.0	0.0	0.0	0.0	0.0	0.0	0.0	0.0	0.0	0.0	0.0	0.0	0.0	0.0	0.0	0.0	0.0	0.0	0.0	0.0	0.0	0.0	0.0	0.0	0.0	0.0	0.0	0.0	0.0	0.0	0.0	0.0	1.0	150.0	225.0	135.0	657.0	634.0	661.0	813.0	787.0	751.0	624.0	644.0	498.0	494.0	0.0	3.0	2.0	3.0
44	20140723 05:04:07.152	73.0	774.0	0.0	0.0	0.0	0.0	0.0	0.0	0.0	0.0	0.0	0.0	0.0	0.0	0.0	0.0	0.0	0.0	0.0	0.0	0.0	0.0	0.0	0.0	0.0	0.0	0.0	0.0	0.0	0.0	0.0	0.0	0.0	0.0	0.0	0.0	0.0	0.0	0.0	0.0	0.0	0.0	0.0	0.0	0.0	0.0	35.0	132.0	185.0	155.0	201.0	203.0	137.0	290.0	203.0	200.0	225.0	191.0	258.0	266.0	224.0	246.0	295.0	394.0	545.0	433.0	397.0	421.0	1186.0	798.0	654.0	1240.0	1053.0	118.0	113.0	124.0	163.0
45	20140722 19:04:04.411	272.0	766.0	13.0	0.0	0.0	0.0	0.0	0.0	2.0	109.0	99.0	98.0	119.0	107.0	126.0	144.0	85.0	102.0	98.0	108.0	83.0	121.0	111.0	112.0	125.0	120.0	112.0	157.0	141.0	119.0	151.0	184.0	118.0	190.0	209.0	199.0	208.0	209.0	187.0	177.0	175.0	195.0	244.0	172.0	186.0	237.0	229.0	266.0	238.0	280.0	236.0	302.0	286.0	260.0	290.0	259.0	298.0	309.0	314.0	322.0	338.0	392.0	383.0	834.0	1132.0	867.0	635.0	739.0	1589.0	1046.0	932.0	1291.0	1429.0	223.0	163.0	174.0	225.0
46	20140722 20:04:08.713	671.0	744.0	95.0	103.0	120.0	177.0	94.0	129.0	101.0	87.0	114.0	129.0	108.0	108.0	128.0	110.0	126.0	126.0	111.0	106.0	104.0	84.0	74.0	151.0	114.0	133.0	142.0	174.0	123.0	174.0	136.0	214.0	161.0	141.0	143.0	212.0	142.0	165.0	178.0	196.0	207.0	144.0	135.0	158.0	151.0	208.0	194.0	208.0	205.0	205.0	236.0	243.0	234.0	303.0	244.0	269.0	318.0	275.0	427.0	426.0	428.0	482.0	460.0	535.0	764.0	790.0	847.0	828.0	1007.0	1025.0	894.0	1031.0	1111.0	210.0	220.0	143.0	173.0
47	20140722 19:04:04.411	828.0	737.0	114.0	98.0	113.0	96.0	82.0	118.0	111.0	78.0	93.0	116.0	90.0	106.0	119.0	154.0	98.0	91.0	130.0	82.0	111.0	125.0	138.0	128.0	146.0	90.0	146.0	120.0	114.0	122.0	120.0	136.0	154.0	151.0	110.0	128.0	93.0	134.0	111.0	122.0	108.0	117.0	146.0	115.0	115.0	109.0	170.0	121.0	90.0	88.0	143.0	119.0	170.0	135.0	137.0	111.0	153.0	111.0	95.0	94.0	108.0	153.0	103.0	418.0	575.0	467.0	420.0	292.0	202.0	148.0	151.0	196.0	130.0	328.0	226.0	277.0	211.0
48	20140722 19:04:04.411	32.0	736.0	0.0	0.0	0.0	0.0	0.0	0.0	0.0	0.0	0.0	0.0	0.0	0.0	0.0	0.0	0.0	0.0	0.0	0.0	0.0	0.0	0.0	0.0	0.0	0.0	0.0	0.0	0.0	0.0	0.0	0.0	0.0	0.0	0.0	0.0	0.0	0.0	0.0	0.0	0.0	0.0	0.0	0.0	0.0	0.0	0.0	0.0	0.0	0.0	0.0	0.0	0.0	0.0	0.0	0.0	0.0	0.0	0.0	0.0	17.0	609.0	511.0	1385.0	1832.0	1514.0	1224.0	1024.0	1841.0	1604.0	1266.0	1476.0	1317.0	0.0	0.0	0.0	0.0
49	20140722 19:04:04.411	1225.0	718.0	123.0	79.0	174.0	117.0	118.0	114.0	112.0	101.0	90.0	125.0	78.0	154.0	101.0	88.0	97.0	116.0	143.0	77.0	115.0	130.0	109.0	149.0	139.0	117.0	112.0	159.0	129.0	105.0	119.0	139.0	191.0	139.0	129.0	140.0	110.0	155.0	124.0	204.0	76.0	134.0	126.0	87.0	94.0	112.0	137.0	203.0	147.0	105.0	120.0	109.0	189.0	163.0	206.0	184.0	203.0	187.0	196.0	166.0	264.0	268.0	175.0	401.0	296.0	431.0	413.0	427.0	486.0	542.0	511.0	559.0	478.0	203.0	169.0	150.0	160.0
50	20140722 04:23:27.793	1383.0	707.0	69.0	0.0	0.0	0.0	0.0	0.0	0.0	0.0	0.0	2.0	3.0	1.0	2.0	2.0	76.0	77.0	92.0	117.0	75.0	77.0	134.0	191.0	140.0	128.0	159.0	146.0	161.0	114.0	134.0	183.0	148.0	161.0	121.0	126.0	124.0	143.0	127.0	137.0	119.0	152.0	118.0	163.0	107.0	136.0	159.0	139.0	212.0	180.0	143.0	112.0	147.0	183.0	121.0	147.0	167.0	151.0	176.0	189.0	156.0	521.0	402.0	0.0	0.0	0.0	0.0	0.0	0.0	0.0	0.0	0.0	0.0	0.0	0.0	0.0	0.0
51	20140722 19:04:04.411	747.0	701.0	103.0	140.0	131.0	93.0	121.0	128.0	111.0	107.0	134.0	144.0	111.0	96.0	164.0	135.0	98.0	102.0	144.0	88.0	127.0	90.0	117.0	146.0	146.0	126.0	102.0	144.0	110.0	126.0	133.0	142.0	198.0	130.0	185.0	160.0	226.0	123.0	173.0	171.0	111.0	188.0	149.0	154.0	167.0	204.0	291.0	161.0	310.0	253.0	263.0	279.0	287.0	244.0	296.0	368.0	354.0	259.0	341.0	336.0	388.0	374.0	386.0	1502.0	1130.0	1251.0	1468.0	1503.0	1402.0	1375.0	1341.0	1387.0	1353.0	247.0	164.0	170.0	209.0
52	20140722 19:04:04.411	787.0	699.0	90.0	105.0	150.0	108.0	118.0	134.0	103.0	167.0	161.0	90.0	123.0	112.0	110.0	131.0	89.0	125.0	131.0	106.0	96.0	147.0	134.0	197.0	155.0	160.0	157.0	131.0	127.0	149.0	227.0	168.0	221.0	213.0	156.0	181.0	142.0	198.0	140.0	180.0	124.0	168.0	214.0	175.0	196.0	223.0	277.0	229.0	219.0	300.0	254.0	366.0	312.0	314.0	360.0	403.0	326.0	352.0	490.0	394.0	338.0	373.0	388.0	735.0	796.0	905.0	978.0	887.0	858.0	907.0	664.0	810.0	764.0	243.0	219.0	223.0	201.0
53	20140722 20:04:08.713	29.0	697.0	0.0	0.0	0.0	0.0	0.0	0.0	0.0	0.0	0.0	0.0	0.0	0.0	0.0	0.0	0.0	0.0	0.0	0.0	0.0	0.0	0.0	0.0	0.0	0.0	0.0	0.0	0.0	0.0	0.0	0.0	0.0	0.0	0.0	0.0	0.0	0.0	0.0	0.0	0.0	0.0	0.0	0.0	0.0	0.0	0.0	0.0	0.0	0.0	0.0	0.0	0.0	0.0	0.0	0.0	0.0	0.0	0.0	0.0	0.0	394.0	727.0	743.0	865.0	773.0	794.0	836.0	1545.0	1179.0	1022.0	1363.0	1097.0	0.0	0.0	0.0	0.0
54	20140721 23:23:30.731	68.0	694.0	0.0	0.0	0.0	0.0	0.0	0.0	0.0	0.0	0.0	0.0	0.0	0.0	0.0	0.0	0.0	0.0	0.0	0.0	0.0	0.0	0.0	0.0	0.0	0.0	0.0	0.0	0.0	0.0	0.0	0.0	0.0	0.0	0.0	0.0	0.0	0.0	0.0	0.0	0.0	0.0	0.0	0.0	0.0	0.0	0.0	5.0	162.0	165.0	235.0	156.0	176.0	251.0	327.0	382.0	432.0	605.0	496.0	500.0	684.0	656.0	621.0	596.0	587.0	611.0	606.0	633.0	852.0	684.0	610.0	725.0	712.0	249.0	207.0	190.0	237.0
55	20140722 19:04:04.411	148.0	690.0	0.0	0.0	0.0	0.0	0.0	0.0	0.0	0.0	0.0	0.0	0.0	0.0	0.0	0.0	0.0	0.0	0.0	0.0	0.0	0.0	0.0	0.0	0.0	0.0	0.0	0.0	0.0	0.0	0.0	0.0	0.0	0.0	1.0	5.0	124.0	144.0	166.0	147.0	153.0	185.0	203.0	179.0	205.0	170.0	213.0	188.0	250.0	222.0	220.0	335.0	309.0	387.0	321.0	295.0	398.0	352.0	478.0	458.0	462.0	465.0	457.0	1060.0	1454.0	1236.0	952.0	976.0	1920.0	1588.0	1199.0	1503.0	1323.0	145.0	154.0	144.0	106.0
56	20140722 22:04:06.885	387.0	678.0	130.0	117.0	139.0	114.0	116.0	112.0	118.0	153.0	81.0	110.0	103.0	79.0	106.0	142.0	85.0	99.0	145.0	94.0	112.0	99.0	111.0	185.0	128.0	98.0	132.0	130.0	171.0	113.0	150.0	162.0	112.0	156.0	133.0	139.0	176.0	161.0	147.0	130.0	158.0	175.0	238.0	146.0	196.0	181.0	201.0	134.0	184.0	229.0	165.0	275.0	178.0	213.0	234.0	277.0	241.0	264.0	231.0	279.0	222.0	248.0	385.0	517.0	560.0	644.0	1267.0	1158.0	1573.0	953.0	855.0	948.0	894.0	153.0	153.0	118.0	150.0
57	20140721 21:23:27.44	86.0	671.0	0.0	0.0	0.0	0.0	0.0	0.0	0.0	0.0	0.0	0.0	0.0	0.0	0.0	0.0	0.0	0.0	0.0	0.0	0.0	0.0	0.0	0.0	0.0	0.0	0.0	0.0	0.0	0.0	0.0	0.0	0.0	0.0	0.0	0.0	0.0	0.0	0.0	0.0	0.0	0.0	0.0	0.0	0.0	108.0	113.0	97.0	130.0	111.0	152.0	150.0	203.0	132.0	217.0	194.0	134.0	185.0	163.0	204.0	191.0	240.0	212.0	319.0	410.0	333.0	219.0	210.0	200.0	195.0	180.0	174.0	127.0	104.0	143.0	95.0	136.0
58	20140722 19:04:04.411	665.0	664.0	87.0	106.0	88.0	164.0	106.0	132.0	108.0	140.0	93.0	83.0	102.0	104.0	111.0	136.0	132.0	116.0	125.0	133.0	102.0	92.0	101.0	123.0	132.0	131.0	161.0	140.0	90.0	142.0	186.0	155.0	212.0	193.0	196.0	108.0	169.0	208.0	170.0	148.0	148.0	180.0	134.0	147.0	122.0	156.0	168.0	163.0	201.0	231.0	170.0	223.0	206.0	242.0	277.0	318.0	337.0	335.0	422.0	387.0	494.0	450.0	447.0	695.0	768.0	782.0	720.0	857.0	1087.0	971.0	878.0	1105.0	1016.0	186.0	167.0	159.0	156.0
59	20140722 04:23:27.793	31.0	657.0	0.0	0.0	0.0	0.0	0.0	0.0	0.0	0.0	0.0	0.0	0.0	0.0	0.0	0.0	0.0	0.0	0.0	0.0	0.0	0.0	0.0	0.0	0.0	0.0	0.0	0.0	0.0	0.0	0.0	0.0	0.0	0.0	0.0	0.0	0.0	0.0	0.0	0.0	0.0	0.0	0.0	0.0	0.0	0.0	0.0	0.0	0.0	0.0	0.0	0.0	0.0	0.0	0.0	0.0	0.0	0.0	0.0	0.0	1.0	674.0	774.0	563.0	538.0	551.0	683.0	720.0	759.0	592.0	553.0	557.0	518.0	0.0	0.0	0.0	0.0
60	20140722 19:04:04.411	944.0	653.0	89.0	100.0	98.0	95.0	85.0	136.0	96.0	109.0	93.0	84.0	86.0	114.0	102.0	103.0	83.0	96.0	112.0	100.0	103.0	141.0	127.0	139.0	133.0	126.0	124.0	122.0	166.0	100.0	133.0	188.0	156.0	178.0	122.0	164.0	151.0	176.0	112.0	145.0	129.0	158.0	154.0	125.0	208.0	150.0	198.0	176.0	214.0	192.0	213.0	256.0	262.0	297.0	307.0	322.0	335.0	318.0	298.0	403.0	353.0	397.0	345.0	728.0	788.0	858.0	973.0	973.0	1118.0	1064.0	855.0	947.0	825.0	181.0	153.0	213.0	127.0
61	20140723 05:04:07.152	66.0	653.0	0.0	0.0	0.0	0.0	0.0	0.0	0.0	0.0	0.0	0.0	0.0	0.0	0.0	0.0	0.0	0.0	0.0	0.0	0.0	0.0	0.0	0.0	0.0	0.0	0.0	0.0	0.0	0.0	0.0	0.0	0.0	0.0	0.0	0.0	0.0	0.0	0.0	0.0	0.0	0.0	0.0	0.0	0.0	0.0	0.0	0.0	31.0	88.0	105.0	99.0	173.0	126.0	121.0	168.0	160.0	186.0	199.0	242.0	184.0	265.0	246.0	174.0	183.0	114.0	175.0	259.0	594.0	377.0	367.0	484.0	354.0	150.0	154.0	132.0	155.0
62	20140723 05:04:07.152	416.0	649.0	106.0	124.0	116.0	169.0	116.0	130.0	117.0	135.0	91.0	89.0	87.0	76.0	99.0	134.0	100.0	91.0	98.0	123.0	134.0	111.0	96.0	97.0	128.0	127.0	123.0	145.0	79.0	101.0	102.0	146.0	160.0	134.0	86.0	114.0	107.0	110.0	128.0	97.0	126.0	162.0	102.0	100.0	107.0	145.0	110.0	105.0	129.0	117.0	113.0	123.0	166.0	111.0	129.0	179.0	133.0	157.0	99.0	138.0	150.0	165.0	146.0	181.0	169.0	165.0	229.0	241.0	660.0	146.0	190.0	179.0	171.0	134.0	141.0	101.0	124.0
63	20140722 19:04:04.411	473.0	648.0	116.0	109.0	103.0	139.0	105.0	131.0	103.0	90.0	149.0	80.0	109.0	114.0	107.0	173.0	106.0	102.0	97.0	110.0	106.0	123.0	131.0	133.0	125.0	124.0	130.0	151.0	101.0	96.0	153.0	109.0	131.0	105.0	98.0	102.0	163.0	90.0	93.0	127.0	141.0	83.0	138.0	138.0	110.0	102.0	123.0	116.0	182.0	146.0	135.0	99.0	163.0	167.0	214.0	120.0	144.0	135.0	167.0	119.0	135.0	173.0	155.0	396.0	511.0	412.0	306.0	141.0	226.0	147.0	197.0	122.0	132.0	148.0	113.0	108.0	137.0
64	20140722 21:04:11.566	1182.0	640.0	105.0	95.0	144.0	127.0	132.0	85.0	84.0	113.0	133.0	107.0	78.0	98.0	104.0	110.0	104.0	103.0	126.0	172.0	131.0	127.0	126.0	129.0	112.0	127.0	120.0	125.0	100.0	95.0	130.0	153.0	144.0	152.0	117.0	135.0	158.0	130.0	155.0	204.0	168.0	174.0	180.0	184.0	185.0	183.0	227.0	215.0	236.0	212.0	207.0	291.0	224.0	372.0	299.0	275.0	269.0	253.0	326.0	299.0	341.0	388.0	304.0	520.0	602.0	625.0	661.0	681.0	1105.0	1168.0	981.0	968.0	974.0	211.0	211.0	256.0	212.0
65	20140723 05:04:07.152	943.0	641.0	150.0	137.0	89.0	116.0	87.0	129.0	127.0	109.0	139.0	121.0	105.0	88.0	138.0	107.0	84.0	105.0	155.0	105.0	119.0	77.0	77.0	120.0	129.0	99.0	138.0	137.0	99.0	91.0	108.0	119.0	128.0	109.0	100.0	127.0	119.0	111.0	109.0	123.0	119.0	100.0	128.0	109.0	125.0	97.0	124.0	103.0	161.0	88.0	114.0	144.0	148.0	215.0	124.0	146.0	178.0	116.0	135.0	163.0	133.0	124.0	139.0	146.0	208.0	136.0	123.0	130.0	467.0	439.0	395.0	654.0	494.0	119.0	121.0	114.0	129.0
66	20140722 20:04:08.713	465.0	635.0	115.0	107.0	127.0	128.0	128.0	100.0	101.0	113.0	144.0	100.0	99.0	118.0	88.0	85.0	101.0	82.0	137.0	127.0	128.0	108.0	117.0	158.0	131.0	141.0	177.0	152.0	106.0	166.0	201.0	121.0	156.0	121.0	150.0	142.0	169.0	102.0	111.0	168.0	163.0	222.0	121.0	136.0	173.0	146.0	195.0	209.0	151.0	234.0	136.0	119.0	195.0	195.0	157.0	158.0	247.0	193.0	245.0	259.0	215.0	243.0	331.0	485.0	504.0	480.0	611.0	520.0	901.0	804.0	647.0	598.0	571.0	200.0	173.0	112.0	196.0
67	20140722 20:04:08.713	414.0	635.0	68.0	108.0	106.0	144.0	93.0	130.0	96.0	160.0	92.0	91.0	137.0	130.0	76.0	138.0	136.0	127.0	91.0	77.0	123.0	104.0	114.0	145.0	136.0	147.0	132.0	97.0	106.0	120.0	119.0	125.0	156.0	126.0	114.0	133.0	108.0	101.0	99.0	109.0	101.0	98.0	113.0	106.0	144.0	84.0	96.0	141.0	154.0	116.0	156.0	191.0	165.0	102.0	179.0	131.0	182.0	133.0	151.0	156.0	119.0	177.0	222.0	439.0	607.0	513.0	526.0	366.0	856.0	450.0	341.0	491.0	472.0	125.0	165.0	159.0	94.0
68	20140723 05:04:07.152	427.0	634.0	99.0	114.0	125.0	179.0	51.0	144.0	107.0	107.0	130.0	108.0	82.0	169.0	116.0	153.0	133.0	89.0	101.0	138.0	97.0	101.0	118.0	161.0	137.0	167.0	102.0	94.0	124.0	140.0	109.0	123.0	112.0	154.0	116.0	120.0	136.0	142.0	149.0	128.0	139.0	200.0	157.0	164.0	135.0	173.0	214.0	201.0	177.0	188.0	202.0	248.0	216.0	237.0	293.0	238.0	221.0	250.0	241.0	226.0	248.0	369.0	274.0	404.0	462.0	457.0	510.0	508.0	785.0	661.0	806.0	816.0	1167.0	141.0	139.0	168.0	155.0
69	20140722 19:04:04.411	1340.0	632.0	98.0	122.0	96.0	121.0	95.0	110.0	122.0	111.0	105.0	103.0	91.0	119.0	105.0	131.0	100.0	96.0	123.0	94.0	140.0	103.0	110.0	126.0	123.0	134.0	195.0	121.0	111.0	109.0	167.0	116.0	98.0	113.0	146.0	119.0	116.0	180.0	115.0	150.0	150.0	246.0	170.0	240.0	187.0	197.0	230.0	196.0	235.0	225.0	173.0	238.0	212.0	295.0	235.0	272.0	310.0	291.0	387.0	473.0	374.0	452.0	341.0	882.0	919.0	945.0	595.0	660.0	0.0	0.0	0.0	0.0	0.0	0.0	0.0	0.0	0.0
70	20140722 19:04:04.411	438.0	625.0	77.0	111.0	177.0	134.0	111.0	121.0	105.0	112.0	108.0	124.0	76.0	85.0	106.0	139.0	88.0	62.0	95.0	94.0	111.0	94.0	119.0	125.0	97.0	107.0	134.0	119.0	118.0	114.0	104.0	121.0	100.0	175.0	135.0	120.0	128.0	108.0	178.0	85.0	91.0	120.0	97.0	77.0	87.0	119.0	104.0	121.0	161.0	92.0	95.0	132.0	181.0	123.0	124.0	129.0	169.0	111.0	145.0	131.0	162.0	133.0	148.0	363.0	391.0	408.0	345.0	172.0	222.0	177.0	125.0	184.0	180.0	113.0	113.0	119.0	133.0
71	20140721 23:23:30.731	527.0	621.0	110.0	104.0	123.0	128.0	88.0	140.0	118.0	115.0	96.0	90.0	101.0	93.0	129.0	126.0	120.0	145.0	125.0	140.0	112.0	106.0	91.0	152.0	107.0	110.0	100.0	130.0	110.0	104.0	112.0	126.0	82.0	86.0	130.0	118.0	100.0	99.0	100.0	150.0	107.0	106.0	118.0	106.0	84.0	100.0	129.0	75.0	145.0	131.0	160.0	163.0	134.0	160.0	155.0	209.0	274.0	154.0	215.0	193.0	140.0	181.0	157.0	159.0	178.0	110.0	195.0	178.0	465.0	130.0	112.0	137.0	130.0	173.0	110.0	108.0	71.0
72	20140722 19:04:04.411	27.0	615.0	0.0	0.0	0.0	0.0	0.0	0.0	0.0	0.0	0.0	0.0	0.0	0.0	0.0	0.0	0.0	0.0	0.0	0.0	0.0	0.0	0.0	0.0	0.0	0.0	0.0	0.0	0.0	0.0	0.0	0.0	0.0	0.0	0.0	0.0	0.0	0.0	0.0	0.0	0.0	0.0	0.0	0.0	0.0	0.0	0.0	0.0	0.0	0.0	0.0	0.0	0.0	0.0	0.0	0.0	0.0	0.0	0.0	0.0	0.0	1.0	233.0	753.0	921.0	795.0	620.0	751.0	1307.0	944.0	1091.0	1408.0	1434.0	0.0	0.0	0.0	0.0
73	20140723 05:04:07.152	619.0	604.0	145.0	142.0	136.0	96.0	91.0	79.0	92.0	115.0	83.0	92.0	101.0	110.0	191.0	150.0	122.0	112.0	134.0	118.0	112.0	97.0	151.0	112.0	146.0	140.0	102.0	84.0	122.0	111.0	100.0	91.0	122.0	95.0	108.0	125.0	102.0	116.0	92.0	104.0	92.0	132.0	117.0	78.0	89.0	133.0	122.0	91.0	113.0	109.0	158.0	209.0	160.0	128.0	151.0	173.0	198.0	167.0	138.0	189.0	149.0	202.0	141.0	94.0	200.0	110.0	171.0	194.0	369.0	288.0	344.0	508.0	472.0	173.0	129.0	104.0	84.0
74	20140722 19:04:04.411	455.0	602.0	144.0	145.0	116.0	135.0	97.0	98.0	110.0	116.0	143.0	133.0	95.0	98.0	98.0	93.0	104.0	97.0	125.0	87.0	134.0	96.0	150.0	128.0	137.0	96.0	174.0	150.0	109.0	92.0	71.0	101.0	99.0	91.0	94.0	101.0	142.0	162.0	90.0	118.0	120.0	114.0	86.0	130.0	120.0	129.0	111.0	127.0	127.0	101.0	122.0	143.0	114.0	122.0	151.0	97.0	129.0	145.0	137.0	117.0	168.0	140.0	244.0	356.0	448.0	400.0	362.0	340.0	233.0	123.0	111.0	129.0	186.0	99.0	144.0	70.0	88.0
75	20140723 05:04:07.152	503.0	593.0	106.0	103.0	110.0	140.0	109.0	114.0	64.0	97.0	108.0	121.0	69.0	107.0	136.0	130.0	86.0	95.0	112.0	107.0	119.0	90.0	127.0	111.0	200.0	158.0	169.0	135.0	164.0	110.0	229.0	185.0	214.0	152.0	166.0	213.0	177.0	181.0	182.0	201.0	157.0	167.0	171.0	179.0	180.0	224.0	190.0	183.0	230.0	207.0	220.0	282.0	252.0	247.0	217.0	274.0	308.0	317.0	276.0	299.0	365.0	356.0	406.0	330.0	421.0	301.0	396.0	328.0	934.0	297.0	297.0	253.0	249.0	212.0	143.0	181.0	184.0
76	20140723 05:04:07.152	465.0	591.0	88.0	93.0	111.0	138.0	94.0	86.0	158.0	109.0	127.0	109.0	108.0	104.0	127.0	140.0	98.0	150.0	109.0	126.0	113.0	113.0	92.0	98.0	127.0	144.0	104.0	152.0	138.0	136.0	102.0	113.0	117.0	94.0	123.0	128.0	122.0	133.0	148.0	130.0	113.0	145.0	162.0	157.0	124.0	149.0	145.0	191.0	213.0	121.0	177.0	178.0	197.0	225.0	172.0	214.0	258.0	205.0	240.0	188.0	203.0	204.0	202.0	281.0	236.0	232.0	263.0	189.0	907.0	1003.0	960.0	1113.0	961.0	236.0	217.0	157.0	208.0
77	20140722 20:04:08.713	619.0	587.0	123.0	98.0	175.0	118.0	121.0	116.0	105.0	131.0	94.0	125.0	116.0	125.0	131.0	102.0	159.0	152.0	123.0	132.0	151.0	118.0	111.0	127.0	132.0	96.0	159.0	195.0	166.0	104.0	118.0	131.0	141.0	158.0	154.0	156.0	148.0	117.0	108.0	171.0	129.0	208.0	167.0	153.0	142.0	226.0	206.0	216.0	152.0	226.0	207.0	216.0	208.0	233.0	204.0	221.0	233.0	204.0	283.0	278.0	292.0	303.0	320.0	702.0	998.0	840.0	648.0	652.0	1435.0	955.0	963.0	1081.0	914.0	123.0	127.0	104.0	118.0
78	20140722 19:04:04.411	22.0	576.0	0.0	0.0	0.0	0.0	0.0	0.0	0.0	0.0	0.0	0.0	0.0	0.0	0.0	0.0	0.0	0.0	0.0	0.0	0.0	0.0	0.0	0.0	0.0	0.0	0.0	0.0	0.0	0.0	0.0	0.0	0.0	0.0	0.0	0.0	0.0	0.0	0.0	0.0	0.0	0.0	0.0	0.0	0.0	0.0	0.0	0.0	0.0	0.0	0.0	0.0	0.0	0.0	0.0	0.0	0.0	0.0	0.0	0.0	0.0	0.0	2.0	977.0	1022.0	979.0	909.0	990.0	1239.0	1244.0	1056.0	1149.0	1184.0	0.0	0.0	0.0	0.0
79	20140721 19:23:30.556	900.0	573.0	85.0	87.0	105.0	114.0	127.0	121.0	108.0	115.0	112.0	99.0	182.0	101.0	141.0	150.0	73.0	106.0	117.0	102.0	135.0	118.0	130.0	111.0	103.0	112.0	131.0	131.0	159.0	86.0	132.0	187.0	149.0	101.0	159.0	127.0	112.0	131.0	151.0	134.0	138.0	200.0	227.0	268.0	256.0	252.0	232.0	292.0	355.0	304.0	313.0	390.0	425.0	447.0	720.0	723.0	708.0	770.0	712.0	627.0	728.0	615.0	648.0	572.0	500.0	469.0	623.0	645.0	427.0	515.0	504.0	457.0	480.0	135.0	160.0	151.0	113.0
80	20140721 13:23:25.810	938.0	571.0	108.0	115.0	146.0	133.0	71.0	124.0	95.0	156.0	123.0	93.0	128.0	94.0	122.0	78.0	86.0	90.0	128.0	75.0	114.0	124.0	105.0	204.0	126.0	184.0	123.0	121.0	98.0	109.0	210.0	221.0	192.0	181.0	155.0	167.0	178.0	155.0	184.0	203.0	221.0	180.0	226.0	242.0	232.0	300.0	284.0	355.0	280.0	349.0	367.0	387.0	385.0	452.0	396.0	481.0	388.0	452.0	474.0	460.0	597.0	631.0	630.0	539.0	477.0	476.0	589.0	577.0	452.0	466.0	404.0	309.0	365.0	151.0	134.0	127.0	107.0
81	20140722 21:04:11.566	221.0	564.0	0.0	0.0	0.0	0.0	0.0	0.0	0.0	0.0	0.0	0.0	0.0	0.0	0.0	0.0	0.0	0.0	0.0	0.0	0.0	0.0	0.0	0.0	0.0	0.0	0.0	0.0	138.0	138.0	130.0	150.0	156.0	118.0	146.0	115.0	120.0	145.0	113.0	115.0	113.0	164.0	183.0	124.0	124.0	148.0	165.0	116.0	147.0	173.0	124.0	218.0	292.0	242.0	206.0	218.0	200.0	188.0	203.0	189.0	162.0	197.0	222.0	312.0	424.0	854.0	869.0	1014.0	1339.0	893.0	876.0	844.0	731.0	142.0	113.0	102.0	113.0
82	20140723 05:04:07.152	409.0	560.0	103.0	100.0	81.0	124.0	109.0	132.0	101.0	122.0	78.0	127.0	139.0	100.0	122.0	117.0	97.0	98.0	144.0	109.0	106.0	119.0	131.0	192.0	117.0	112.0	108.0	128.0	119.0	133.0	121.0	204.0	164.0	115.0	157.0	94.0	89.0	82.0	120.0	147.0	90.0	109.0	65.0	135.0	82.0	119.0	142.0	89.0	163.0	107.0	121.0	147.0	112.0	138.0	117.0	150.0	98.0	131.0	135.0	138.0	88.0	137.0	94.0	118.0	208.0	149.0	116.0	121.0	1058.0	561.0	434.0	507.0	483.0	130.0	134.0	82.0	149.0
83	20140722 21:04:11.566	340.0	561.0	113.0	101.0	117.0	148.0	117.0	89.0	118.0	134.0	110.0	115.0	76.0	108.0	103.0	113.0	117.0	125.0	151.0	129.0	117.0	170.0	89.0	157.0	190.0	138.0	160.0	153.0	99.0	72.0	170.0	148.0	150.0	136.0	171.0	137.0	133.0	221.0	204.0	185.0	178.0	167.0	156.0	220.0	359.0	170.0	168.0	152.0	163.0	162.0	158.0	242.0	150.0	185.0	173.0	224.0	188.0	168.0	184.0	225.0	285.0	182.0	257.0	266.0	442.0	476.0	339.0	308.0	826.0	497.0	395.0	670.0	633.0	177.0	139.0	172.0	224.0
84	20140722 19:04:04.411	1335.0	551.0	111.0	135.0	177.0	129.0	111.0	138.0	125.0	93.0	141.0	117.0	116.0	119.0	132.0	118.0	98.0	165.0	132.0	93.0	89.0	121.0	101.0	115.0	119.0	96.0	111.0	123.0	138.0	98.0	164.0	168.0	176.0	122.0	179.0	159.0	91.0	191.0	235.0	198.0	164.0	224.0	145.0	174.0	196.0	208.0	239.0	202.0	236.0	244.0	203.0	312.0	227.0	286.0	292.0	342.0	281.0	283.0	365.0	418.0	344.0	436.0	337.0	818.0	1110.0	1081.0	515.0	504.0	0.0	0.0	0.0	0.0	0.0	0.0	0.0	0.0	0.0
85	20140723 05:04:07.152	402.0	547.0	98.0	110.0	148.0	113.0	90.0	114.0	71.0	108.0	98.0	94.0	89.0	70.0	106.0	120.0	143.0	107.0	119.0	130.0	103.0	96.0	93.0	107.0	111.0	195.0	127.0	124.0	110.0	109.0	92.0	81.0	118.0	118.0	101.0	113.0	106.0	139.0	166.0	123.0	90.0	171.0	145.0	129.0	114.0	116.0	123.0	132.0	118.0	165.0	108.0	158.0	170.0	143.0	169.0	154.0	221.0	107.0	154.0	147.0	119.0	139.0	110.0	130.0	138.0	162.0	117.0	155.0	604.0	235.0	184.0	247.0	194.0	136.0	87.0	134.0	145.0
86	20140722 20:04:08.713	19.0	537.0	0.0	0.0	0.0	0.0	0.0	0.0	0.0	0.0	0.0	0.0	0.0	0.0	0.0	0.0	0.0	0.0	0.0	0.0	0.0	0.0	0.0	0.0	0.0	0.0	0.0	0.0	0.0	0.0	0.0	0.0	0.0	0.0	0.0	0.0	0.0	0.0	0.0	0.0	0.0	0.0	0.0	0.0	0.0	0.0	0.0	0.0	0.0	0.0	0.0	0.0	0.0	0.0	0.0	0.0	0.0	0.0	0.0	0.0	0.0	0.0	0.0	577.0	676.0	596.0	812.0	615.0	1178.0	1027.0	902.0	1189.0	1193.0	0.0	0.0	0.0	0.0
87	20140723 05:04:07.152	1020.0	526.0	94.0	102.0	93.0	124.0	97.0	120.0	120.0	152.0	99.0	120.0	95.0	146.0	86.0	102.0	80.0	131.0	150.0	115.0	113.0	96.0	118.0	166.0	107.0	158.0	110.0	150.0	149.0	98.0	116.0	167.0	110.0	113.0	102.0	124.0	131.0	186.0	104.0	124.0	110.0	140.0	128.0	110.0	103.0	122.0	115.0	134.0	168.0	115.0	141.0	126.0	99.0	158.0	115.0	161.0	129.0	183.0	143.0	188.0	240.0	177.0	142.0	174.0	182.0	255.0	233.0	229.0	559.0	517.0	383.0	582.0	589.0	154.0	184.0	158.0	145.0
88	20140723 05:04:07.152	1055.0	525.0	91.0	126.0	142.0	121.0	120.0	114.0	88.0	139.0	109.0	108.0	113.0	121.0	115.0	100.0	107.0	89.0	135.0	133.0	138.0	135.0	119.0	152.0	178.0	122.0	147.0	116.0	133.0	149.0	107.0	173.0	78.0	106.0	109.0	121.0	101.0	122.0	116.0	93.0	144.0	128.0	152.0	171.0	143.0	143.0	136.0	168.0	109.0	122.0	127.0	205.0	127.0	155.0	161.0	168.0	138.0	192.0	179.0	211.0	147.0	134.0	135.0	189.0	216.0	241.0	194.0	238.0	342.0	320.0	356.0	468.0	488.0	168.0	148.0	148.0	130.0
89	20140723 05:04:07.152	1015.0	520.0	76.0	110.0	111.0	132.0	87.0	110.0	73.0	139.0	113.0	95.0	64.0	107.0	79.0	108.0	117.0	92.0	117.0	112.0	146.0	170.0	112.0	98.0	97.0	123.0	130.0	161.0	178.0	94.0	88.0	143.0	77.0	109.0	143.0	117.0	114.0	132.0	101.0	132.0	108.0	161.0	122.0	151.0	107.0	99.0	85.0	177.0	90.0	127.0	179.0	97.0	137.0	156.0	140.0	123.0	151.0	167.0	124.0	182.0	166.0	164.0	118.0	158.0	137.0	177.0	112.0	171.0	576.0	531.0	449.0	556.0	521.0	148.0	128.0	158.0	179.0
90	20140721 18:23:27.319	457.0	513.0	107.0	104.0	145.0	119.0	123.0	109.0	108.0	114.0	125.0	107.0	95.0	109.0	119.0	107.0	124.0	145.0	110.0	104.0	106.0	125.0	112.0	136.0	99.0	129.0	116.0	110.0	137.0	98.0	156.0	176.0	133.0	180.0	136.0	100.0	181.0	154.0	176.0	147.0	159.0	144.0	186.0	166.0	224.0	279.0	331.0	306.0	335.0	371.0	353.0	472.0	401.0	433.0	459.0	403.0	403.0	403.0	484.0	427.0	433.0	547.0	423.0	663.0	809.0	773.0	738.0	731.0	779.0	540.0	519.0	465.0	467.0	116.0	142.0	131.0	175.0
91	20140723 05:04:07.152	498.0	512.0	111.0	124.0	79.0	107.0	115.0	97.0	161.0	105.0	78.0	146.0	97.0	166.0	133.0	111.0	92.0	117.0	119.0	125.0	97.0	96.0	74.0	93.0	143.0	187.0	124.0	147.0	128.0	121.0	115.0	139.0	226.0	152.0	173.0	144.0	177.0	155.0	133.0	115.0	174.0	195.0	190.0	164.0	218.0	204.0	188.0	238.0	183.0	217.0	242.0	219.0	239.0	193.0	273.0	234.0	290.0	294.0	193.0	305.0	390.0	317.0	281.0	769.0	987.0	860.0	863.0	1001.0	2120.0	1299.0	1203.0	1307.0	1143.0	174.0	199.0	148.0	169.0
92	20140721 02:23:22.239	1373.0	510.0	151.0	91.0	127.0	137.0	117.0	100.0	99.0	118.0	142.0	114.0	134.0	92.0	111.0	127.0	121.0	114.0	125.0	101.0	125.0	117.0	71.0	223.0	141.0	93.0	107.0	127.0	99.0	116.0	143.0	149.0	184.0	165.0	140.0	158.0	169.0	208.0	186.0	151.0	203.0	272.0	166.0	189.0	158.0	215.0	204.0	237.0	246.0	233.0	236.0	249.0	259.0	286.0	276.0	273.0	340.0	375.0	279.0	276.0	259.0	362.0	323.0	0.0	0.0	0.0	0.0	0.0	0.0	0.0	0.0	0.0	0.0	0.0	0.0	0.0	0.0
93	20140721 18:23:27.319	616.0	504.0	92.0	91.0	100.0	103.0	88.0	98.0	79.0	90.0	140.0	107.0	124.0	148.0	131.0	117.0	100.0	120.0	154.0	64.0	159.0	125.0	119.0	164.0	88.0	148.0	123.0	107.0	160.0	138.0	139.0	155.0	150.0	145.0	103.0	115.0	111.0	110.0	101.0	147.0	150.0	162.0	153.0	168.0	139.0	127.0	188.0	127.0	188.0	287.0	337.0	473.0	356.0	358.0	442.0	462.0	460.0	483.0	509.0	485.0	537.0	835.0	434.0	433.0	545.0	494.0	417.0	447.0	690.0	721.0	668.0	650.0	624.0	187.0	146.0	168.0	147.0
94	20140722 19:04:04.411	16.0	497.0	0.0	0.0	0.0	0.0	0.0	0.0	0.0	0.0	0.0	0.0	0.0	0.0	0.0	0.0	0.0	0.0	0.0	0.0	0.0	0.0	0.0	0.0	0.0	0.0	0.0	0.0	0.0	0.0	0.0	0.0	0.0	0.0	0.0	0.0	0.0	0.0	0.0	0.0	0.0	0.0	0.0	0.0	0.0	0.0	0.0	0.0	0.0	0.0	0.0	0.0	0.0	0.0	0.0	0.0	0.0	0.0	0.0	0.0	0.0	0.0	0.0	931.0	956.0	1017.0	873.0	973.0	1354.0	1054.0	1068.0	1426.0	1436.0	0.0	0.0	0.0	0.0
95	20140722 22:04:06.885	179.0	496.0	0.0	0.0	0.0	0.0	0.0	0.0	0.0	0.0	0.0	0.0	0.0	0.0	0.0	0.0	0.0	0.0	0.0	0.0	0.0	0.0	0.0	0.0	0.0	0.0	0.0	0.0	0.0	0.0	0.0	0.0	113.0	172.0	104.0	145.0	111.0	131.0	136.0	155.0	133.0	138.0	114.0	112.0	139.0	116.0	178.0	136.0	105.0	145.0	106.0	142.0	169.0	218.0	170.0	171.0	150.0	156.0	170.0	205.0	176.0	212.0	236.0	220.0	243.0	285.0	430.0	589.0	797.0	278.0	325.0	272.0	282.0	122.0	140.0	109.0	126.0
96	20140722 23:04:06.176	175.0	490.0	0.0	0.0	0.0	0.0	0.0	0.0	0.0	0.0	0.0	0.0	0.0	0.0	0.0	0.0	0.0	0.0	0.0	0.0	0.0	0.0	0.0	0.0	0.0	0.0	0.0	0.0	0.0	0.0	0.0	0.0	4.0	133.0	153.0	158.0	150.0	200.0	184.0	192.0	169.0	193.0	170.0	177.0	180.0	160.0	192.0	232.0	193.0	205.0	181.0	209.0	254.0	246.0	202.0	221.0	221.0	297.0	264.0	237.0	244.0	276.0	311.0	387.0	518.0	459.0	489.0	648.0	1249.0	617.0	543.0	787.0	663.0	169.0	137.0	126.0	201.0
97	20140723 05:04:07.152	184.0	483.0	0.0	0.0	0.0	0.0	0.0	0.0	0.0	0.0	0.0	0.0	0.0	0.0	0.0	0.0	0.0	0.0	0.0	0.0	0.0	0.0	0.0	0.0	0.0	0.0	0.0	0.0	0.0	0.0	0.0	0.0	110.0	115.0	82.0	99.0	136.0	136.0	163.0	116.0	110.0	150.0	127.0	155.0	139.0	100.0	134.0	179.0	176.0	153.0	159.0	133.0	151.0	147.0	206.0	130.0	171.0	197.0	138.0	127.0	166.0	178.0	101.0	109.0	181.0	169.0	167.0	248.0	772.0	353.0	278.0	382.0	354.0	101.0	124.0	83.0	162.0
98	20140723 05:04:07.152	574.0	468.0	104.0	122.0	77.0	183.0	101.0	144.0	148.0	115.0	133.0	111.0	94.0	57.0	156.0	159.0	89.0	97.0	124.0	110.0	96.0	166.0	120.0	140.0	161.0	164.0	116.0	123.0	156.0	178.0	163.0	128.0	190.0	135.0	125.0	173.0	134.0	152.0	132.0	196.0	123.0	164.0	133.0	144.0	184.0	178.0	175.0	180.0	199.0	156.0	174.0	229.0	211.0	177.0	193.0	202.0	232.0	215.0	214.0	209.0	182.0	216.0	200.0	507.0	551.0	544.0	332.0	422.0	1697.0	1228.0	1033.0	1281.0	1093.0	124.0	81.0	106.0	107.0
99	20140722 19:04:04.411	59.0	462.0	0.0	0.0	0.0	0.0	0.0	0.0	0.0	0.0	0.0	0.0	0.0	0.0	0.0	0.0	0.0	0.0	0.0	0.0	0.0	0.0	0.0	0.0	0.0	0.0	0.0	0.0	0.0	0.0	0.0	0.0	0.0	0.0	0.0	0.0	0.0	0.0	0.0	0.0	0.0	0.0	0.0	0.0	0.0	0.0	0.0	0.0	0.0	1.0	14.0	76.0	29.0	108.0	124.0	131.0	187.0	144.0	195.0	173.0	266.0	210.0	233.0	456.0	558.0	476.0	338.0	433.0	295.0	207.0	158.0	183.0	207.0	105.0	79.0	120.0	133.0
100	20140723 05:04:07.152	775.0	457.0	112.0	118.0	141.0	114.0	92.0	107.0	111.0	115.0	137.0	117.0	104.0	115.0	121.0	127.0	90.0	135.0	123.0	135.0	122.0	111.0	66.0	117.0	142.0	140.0	81.0	116.0	124.0	92.0	193.0	158.0	197.0	179.0	110.0	137.0	118.0	124.0	164.0	117.0	133.0	144.0	140.0	132.0	113.0	140.0	139.0	139.0	189.0	121.0	129.0	188.0	176.0	138.0	200.0	194.0	250.0	193.0	168.0	212.0	231.0	237.0	237.0	389.0	469.0	503.0	591.0	602.0	1083.0	1265.0	1075.0	1046.0	1018.0	95.0	134.0	98.0	90.0
101	20140722 19:04:04.411	14.0	456.0	0.0	0.0	0.0	0.0	0.0	0.0	0.0	0.0	0.0	0.0	0.0	0.0	0.0	0.0	0.0	0.0	0.0	0.0	0.0	0.0	0.0	0.0	0.0	0.0	0.0	0.0	0.0	0.0	0.0	0.0	0.0	0.0	0.0	0.0	0.0	0.0	0.0	0.0	0.0	0.0	0.0	0.0	0.0	0.0	0.0	0.0	0.0	0.0	0.0	0.0	0.0	0.0	0.0	0.0	0.0	0.0	0.0	0.0	0.0	0.0	0.0	1124.0	1280.0	1116.0	953.0	896.0	1654.0	1162.0	955.0	1339.0	1125.0	0.0	0.0	0.0	0.0
102	20140722 19:04:04.411	54.0	454.0	0.0	0.0	0.0	0.0	0.0	0.0	0.0	0.0	0.0	0.0	0.0	0.0	0.0	0.0	0.0	0.0	0.0	0.0	0.0	0.0	0.0	0.0	0.0	0.0	0.0	0.0	0.0	0.0	0.0	0.0	0.0	0.0	0.0	0.0	0.0	0.0	0.0	0.0	0.0	0.0	0.0	0.0	0.0	0.0	0.0	0.0	0.0	0.0	0.0	0.0	0.0	0.0	1.0	1.0	290.0	317.0	333.0	404.0	379.0	383.0	348.0	851.0	834.0	767.0	726.0	654.0	1050.0	749.0	673.0	954.0	957.0	223.0	219.0	164.0	217.0
103	20140722 20:04:08.713	133.0	451.0	0.0	0.0	0.0	0.0	0.0	0.0	0.0	0.0	0.0	0.0	0.0	0.0	0.0	0.0	0.0	0.0	0.0	0.0	0.0	0.0	0.0	0.0	0.0	0.0	0.0	0.0	0.0	0.0	0.0	0.0	0.0	0.0	0.0	0.0	0.0	0.0	0.0	9.0	145.0	159.0	148.0	173.0	197.0	183.0	238.0	207.0	202.0	121.0	170.0	149.0	203.0	184.0	165.0	228.0	186.0	225.0	201.0	202.0	235.0	194.0	225.0	351.0	543.0	397.0	319.0	334.0	946.0	589.0	489.0	940.0	965.0	170.0	134.0	115.0	212.0
104	20140722 20:04:08.713	250.0	445.0	0.0	0.0	0.0	0.0	0.0	0.0	0.0	0.0	0.0	0.0	0.0	0.0	0.0	0.0	0.0	0.0	8.0	115.0	119.0	105.0	116.0	134.0	175.0	156.0	127.0	143.0	100.0	113.0	138.0	174.0	163.0	132.0	147.0	111.0	132.0	145.0	147.0	183.0	139.0	133.0	176.0	104.0	167.0	158.0	176.0	152.0	165.0	171.0	142.0	216.0	173.0	244.0	214.0	288.0	227.0	164.0	222.0	333.0	225.0	286.0	258.0	354.0	509.0	411.0	402.0	357.0	727.0	389.0	385.0	530.0	412.0	221.0	162.0	204.0	193.0
105	20140722 19:04:04.411	1128.0	442.0	140.0	126.0	122.0	121.0	120.0	115.0	109.0	170.0	119.0	91.0	131.0	109.0	141.0	97.0	95.0	103.0	116.0	151.0	119.0	139.0	149.0	136.0	144.0	122.0	182.0	128.0	133.0	100.0	219.0	169.0	203.0	179.0	179.0	185.0	181.0	226.0	202.0	206.0	251.0	183.0	196.0	214.0	218.0	305.0	280.0	327.0	294.0	272.0	310.0	377.0	350.0	348.0	354.0	312.0	408.0	364.0	404.0	428.0	368.0	434.0	361.0	836.0	823.0	768.0	689.0	671.0	1364.0	1382.0	1153.0	1408.0	1333.0	185.0	177.0	189.0	225.0
106	20140721 18:23:27.319	1116.0	442.0	105.0	92.0	152.0	131.0	115.0	91.0	100.0	109.0	135.0	133.0	116.0	107.0	167.0	159.0	144.0	93.0	127.0	78.0	94.0	71.0	121.0	117.0	102.0	109.0	130.0	101.0	108.0	123.0	195.0	129.0	119.0	130.0	128.0	169.0	119.0	120.0	101.0	152.0	110.0	130.0	87.0	139.0	118.0	251.0	304.0	230.0	230.0	221.0	217.0	328.0	273.0	218.0	213.0	217.0	257.0	212.0	208.0	260.0	183.0	188.0	284.0	501.0	558.0	413.0	373.0	300.0	319.0	244.0	261.0	185.0	200.0	101.0	161.0	117.0	108.0
107	20140722 19:04:04.411	451.0	435.0	132.0	102.0	125.0	103.0	110.0	123.0	101.0	145.0	83.0	134.0	94.0	126.0	90.0	103.0	107.0	104.0	155.0	167.0	107.0	84.0	97.0	138.0	127.0	117.0	133.0	121.0	110.0	87.0	169.0	112.0	171.0	158.0	178.0	129.0	138.0	202.0	162.0	144.0	134.0	159.0	165.0	161.0	172.0	181.0	183.0	173.0	188.0	179.0	224.0	266.0	240.0	172.0	205.0	237.0	253.0	223.0	249.0	271.0	255.0	245.0	229.0	695.0	816.0	616.0	391.0	471.0	1033.0	675.0	510.0	687.0	641.0	253.0	220.0	217.0	234.0
108	20140722 22:04:06.885	531.0	430.0	117.0	131.0	126.0	126.0	72.0	124.0	93.0	110.0	114.0	99.0	101.0	96.0	138.0	123.0	116.0	113.0	97.0	110.0	97.0	139.0	149.0	175.0	101.0	112.0	147.0	105.0	133.0	138.0	133.0	169.0	160.0	112.0	134.0	134.0	167.0	116.0	133.0	137.0	159.0	190.0	189.0	159.0	176.0	179.0	145.0	156.0	172.0	141.0	207.0	220.0	186.0	140.0	150.0	187.0	188.0	194.0	236.0	223.0	175.0	215.0	273.0	248.0	266.0	272.0	307.0	294.0	484.0	331.0	392.0	384.0	366.0	241.0	223.0	166.0	225.0
109	20140723 05:04:07.152	572.0	425.0	105.0	98.0	152.0	116.0	97.0	124.0	71.0	132.0	112.0	102.0	129.0	156.0	92.0	104.0	111.0	121.0	81.0	77.0	95.0	130.0	111.0	126.0	87.0	147.0	104.0	168.0	138.0	130.0	212.0	187.0	198.0	192.0	113.0	137.0	169.0	179.0	149.0	166.0	121.0	124.0	113.0	151.0	171.0	179.0	226.0	148.0	179.0	186.0	156.0	201.0	177.0	229.0	180.0	238.0	173.0	235.0	247.0	217.0	200.0	245.0	203.0	302.0	344.0	323.0	322.0	322.0	585.0	524.0	484.0	711.0	743.0	178.0	166.0	123.0	178.0
110	20140723 05:04:07.152	68.0	426.0	0.0	0.0	0.0	0.0	0.0	0.0	0.0	0.0	0.0	0.0	0.0	0.0	0.0	0.0	0.0	0.0	0.0	0.0	0.0	0.0	0.0	0.0	0.0	0.0	0.0	0.0	0.0	0.0	0.0	0.0	0.0	0.0	0.0	0.0	0.0	0.0	0.0	0.0	0.0	0.0	0.0	0.0	0.0	0.0	0.0	3.0	95.0	124.0	132.0	107.0	167.0	96.0	93.0	144.0	190.0	96.0	79.0	136.0	152.0	168.0	138.0	180.0	208.0	160.0	200.0	223.0	495.0	108.0	167.0	120.0	172.0	137.0	114.0	97.0	108.0
111	20140722 19:04:04.411	729.0	421.0	89.0	104.0	161.0	115.0	114.0	150.0	87.0	95.0	137.0	82.0	68.0	107.0	102.0	129.0	116.0	88.0	132.0	98.0	107.0	120.0	87.0	138.0	119.0	146.0	114.0	151.0	135.0	93.0	151.0	151.0	187.0	163.0	136.0	162.0	225.0	141.0	133.0	176.0	137.0	131.0	143.0	143.0	136.0	104.0	113.0	124.0	99.0	182.0	133.0	245.0	187.0	206.0	194.0	215.0	254.0	278.0	237.0	366.0	251.0	358.0	401.0	654.0	689.0	707.0	710.0	663.0	1046.0	737.0	576.0	553.0	513.0	199.0	139.0	158.0	152.0
112	20140723 05:04:07.152	11.0	416.0	0.0	0.0	0.0	0.0	0.0	0.0	0.0	0.0	0.0	0.0	0.0	0.0	0.0	0.0	0.0	0.0	0.0	0.0	0.0	0.0	0.0	0.0	0.0	0.0	0.0	0.0	0.0	0.0	0.0	0.0	0.0	0.0	0.0	0.0	0.0	0.0	0.0	0.0	0.0	0.0	0.0	0.0	0.0	0.0	0.0	0.0	0.0	0.0	0.0	0.0	0.0	0.0	0.0	0.0	0.0	0.0	0.0	0.0	0.0	0.0	0.0	273.0	327.0	305.0	349.0	288.0	591.0	853.0	647.0	835.0	808.0	0.0	0.0	0.0	0.0
113	20140722 19:04:04.411	50.0	414.0	0.0	0.0	0.0	0.0	0.0	0.0	0.0	0.0	0.0	0.0	0.0	0.0	0.0	0.0	0.0	0.0	0.0	0.0	0.0	0.0	0.0	0.0	0.0	0.0	0.0	0.0	0.0	0.0	0.0	0.0	0.0	0.0	0.0	0.0	0.0	0.0	0.0	0.0	0.0	0.0	0.0	0.0	0.0	0.0	0.0	0.0	0.0	0.0	0.0	0.0	0.0	0.0	0.0	0.0	1.0	212.0	375.0	306.0	325.0	310.0	296.0	888.0	1278.0	1114.0	952.0	1011.0	1686.0	1145.0	872.0	1109.0	1046.0	189.0	213.0	205.0	193.0
114	20140721 23:23:30.731	130.0	411.0	0.0	0.0	0.0	0.0	0.0	0.0	0.0	0.0	0.0	0.0	0.0	0.0	0.0	0.0	0.0	0.0	0.0	0.0	0.0	0.0	0.0	0.0	0.0	0.0	0.0	0.0	0.0	0.0	0.0	0.0	0.0	0.0	0.0	0.0	0.0	0.0	0.0	0.0	56.0	149.0	142.0	152.0	147.0	109.0	166.0	182.0	166.0	126.0	169.0	169.0	150.0	186.0	142.0	150.0	226.0	180.0	214.0	200.0	164.0	231.0	205.0	209.0	198.0	184.0	191.0	246.0	451.0	366.0	274.0	408.0	363.0	193.0	148.0	117.0	178.0
115	20140723 05:04:07.152	66.0	405.0	0.0	0.0	0.0	0.0	0.0	0.0	0.0	0.0	0.0	0.0	0.0	0.0	0.0	0.0	0.0	0.0	0.0	0.0	0.0	0.0	0.0	0.0	0.0	0.0	0.0	0.0	0.0	0.0	0.0	0.0	0.0	0.0	0.0	0.0	0.0	0.0	0.0	0.0	0.0	0.0	0.0	0.0	0.0	0.0	0.0	0.0	44.0	98.0	115.0	132.0	111.0	106.0	102.0	129.0	143.0	126.0	155.0	133.0	136.0	163.0	118.0	200.0	295.0	254.0	254.0	233.0	689.0	196.0	182.0	238.0	238.0	130.0	120.0	126.0	131.0
116	20140721 19:23:30.556	1126.0	401.0	83.0	133.0	89.0	114.0	114.0	104.0	129.0	137.0	118.0	136.0	96.0	115.0	95.0	106.0	154.0	106.0	125.0	87.0	119.0	162.0	136.0	156.0	138.0	140.0	128.0	134.0	170.0	88.0	176.0	185.0	124.0	143.0	132.0	138.0	141.0	125.0	144.0	111.0	127.0	136.0	164.0	126.0	135.0	148.0	201.0	187.0	172.0	149.0	235.0	239.0	331.0	278.0	313.0	259.0	346.0	307.0	303.0	449.0	363.0	406.0	566.0	249.0	204.0	252.0	255.0	245.0	490.0	475.0	464.0	490.0	492.0	232.0	194.0	190.0	189.0
117	20140722 19:04:04.411	1246.0	396.0	112.0	114.0	136.0	143.0	120.0	134.0	96.0	88.0	92.0	117.0	88.0	88.0	119.0	145.0	80.0	93.0	100.0	103.0	96.0	97.0	110.0	195.0	97.0	100.0	127.0	122.0	108.0	80.0	134.0	160.0	153.0	133.0	137.0	157.0	132.0	145.0	142.0	130.0	118.0	174.0	198.0	153.0	228.0	151.0	154.0	193.0	227.0	222.0	186.0	274.0	267.0	224.0	253.0	243.0	204.0	198.0	273.0	268.0	178.0	199.0	243.0	529.0	484.0	577.0	523.0	555.0	585.0	627.0	577.0	616.0	678.0	299.0	320.0	217.0	213.0
118	20140722 20:04:08.713	410.0	395.0	102.0	108.0	103.0	127.0	110.0	133.0	144.0	107.0	121.0	115.0	107.0	99.0	128.0	127.0	96.0	93.0	95.0	124.0	82.0	102.0	109.0	135.0	130.0	136.0	114.0	135.0	112.0	75.0	159.0	151.0	192.0	178.0	157.0	171.0	130.0	242.0	208.0	200.0	260.0	222.0	198.0	358.0	214.0	221.0	222.0	214.0	259.0	262.0	187.0	290.0	221.0	313.0	310.0	332.0	353.0	319.0	411.0	529.0	470.0	430.0	404.0	669.0	905.0	817.0	853.0	1256.0	1658.0	1229.0	1057.0	1254.0	1145.0	203.0	215.0	192.0	189.0
119	20140723 05:04:07.152	63.0	394.0	0.0	0.0	0.0	0.0	0.0	0.0	0.0	0.0	0.0	0.0	0.0	0.0	0.0	0.0	0.0	0.0	0.0	0.0	0.0	0.0	0.0	0.0	0.0	0.0	0.0	0.0	0.0	0.0	0.0	0.0	0.0	0.0	0.0	0.0	0.0	0.0	0.0	0.0	0.0	0.0	0.0	0.0	0.0	0.0	0.0	0.0	0.0	121.0	103.0	99.0	83.0	107.0	147.0	118.0	122.0	161.0	127.0	147.0	99.0	191.0	90.0	225.0	280.0	259.0	231.0	203.0	704.0	344.0	252.0	416.0	351.0	124.0	122.0	120.0	120.0
120	20140723 05:04:07.152	528.0	391.0	106.0	99.0	101.0	141.0	115.0	105.0	120.0	129.0	117.0	111.0	95.0	79.0	125.0	129.0	112.0	154.0	118.0	127.0	133.0	80.0	103.0	190.0	120.0	134.0	113.0	135.0	169.0	121.0	171.0	134.0	152.0	148.0	196.0	192.0	204.0	156.0	134.0	231.0	131.0	140.0	194.0	218.0	185.0	247.0	253.0	220.0	209.0	228.0	180.0	228.0	232.0	241.0	291.0	258.0	283.0	312.0	331.0	375.0	301.0	319.0	322.0	609.0	801.0	752.0	840.0	810.0	1904.0	1453.0	1373.0	1338.0	1405.0	302.0	261.0	208.0	214.0
121	20140722 05:23:24.916	726.0	381.0	76.0	91.0	124.0	96.0	96.0	130.0	99.0	142.0	114.0	131.0	91.0	118.0	91.0	175.0	121.0	119.0	94.0	97.0	113.0	125.0	132.0	122.0	127.0	133.0	163.0	124.0	156.0	102.0	169.0	184.0	182.0	172.0	142.0	219.0	134.0	153.0	150.0	159.0	148.0	149.0	138.0	191.0	138.0	225.0	223.0	246.0	238.0	247.0	213.0	261.0	242.0	288.0	365.0	256.0	324.0	312.0	321.0	369.0	440.0	421.0	644.0	681.0	774.0	642.0	666.0	744.0	822.0	863.0	908.0	1112.0	1044.0	127.0	174.0	129.0	149.0
122	20140722 20:04:08.713	766.0	379.0	110.0	95.0	106.0	91.0	121.0	129.0	111.0	156.0	127.0	127.0	78.0	116.0	93.0	144.0	79.0	96.0	137.0	103.0	142.0	120.0	94.0	211.0	95.0	122.0	123.0	106.0	112.0	131.0	151.0	138.0	155.0	160.0	118.0	173.0	137.0	127.0	127.0	112.0	150.0	143.0	154.0	141.0	143.0	168.0	231.0	224.0	130.0	230.0	154.0	224.0	173.0	183.0	231.0	219.0	224.0	188.0	208.0	302.0	308.0	309.0	301.0	416.0	495.0	513.0	359.0	402.0	617.0	668.0	554.0	886.0	874.0	211.0	123.0	136.0	200.0
123	20140722 19:04:04.411	807.0	377.0	119.0	100.0	125.0	137.0	92.0	90.0	106.0	164.0	116.0	101.0	139.0	123.0	86.0	193.0	140.0	125.0	111.0	79.0	111.0	119.0	99.0	149.0	140.0	120.0	142.0	175.0	116.0	127.0	134.0	125.0	133.0	187.0	112.0	97.0	109.0	201.0	113.0	144.0	153.0	185.0	139.0	146.0	161.0	174.0	164.0	158.0	187.0	186.0	152.0	215.0	164.0	187.0	225.0	180.0	254.0	178.0	207.0	205.0	218.0	261.0	254.0	531.0	631.0	660.0	625.0	677.0	595.0	688.0	703.0	821.0	788.0	218.0	217.0	162.0	238.0
124	20140722 19:04:04.411	49.0	371.0	0.0	0.0	0.0	0.0	0.0	0.0	0.0	0.0	0.0	0.0	0.0	0.0	0.0	0.0	0.0	0.0	0.0	0.0	0.0	0.0	0.0	0.0	0.0	0.0	0.0	0.0	0.0	0.0	0.0	0.0	0.0	0.0	0.0	0.0	0.0	0.0	0.0	0.0	0.0	0.0	0.0	0.0	0.0	0.0	0.0	0.0	0.0	0.0	0.0	0.0	0.0	0.0	0.0	0.0	0.0	41.0	369.0	443.0	469.0	529.0	376.0	706.0	811.0	760.0	657.0	685.0	1218.0	727.0	529.0	633.0	560.0	121.0	97.0	101.0	128.0
125	20140722 19:04:04.411	326.0	361.0	107.0	96.0	102.0	99.0	107.0	136.0	103.0	146.0	88.0	105.0	89.0	114.0	93.0	121.0	138.0	117.0	88.0	92.0	122.0	104.0	100.0	167.0	121.0	108.0	135.0	132.0	119.0	94.0	137.0	139.0	120.0	125.0	150.0	119.0	131.0	169.0	157.0	147.0	140.0	217.0	148.0	130.0	155.0	177.0	213.0	183.0	149.0	161.0	199.0	194.0	221.0	202.0	183.0	195.0	193.0	225.0	267.0	219.0	170.0	226.0	190.0	447.0	429.0	390.0	354.0	282.0	606.0	502.0	442.0	530.0	586.0	279.0	184.0	174.0	293.0
126	20140722 01:23:27.578	405.0	357.0	100.0	94.0	101.0	128.0	109.0	111.0	106.0	150.0	96.0	165.0	117.0	115.0	149.0	128.0	99.0	111.0	123.0	111.0	126.0	144.0	96.0	139.0	116.0	152.0	124.0	131.0	133.0	119.0	164.0	114.0	157.0	148.0	143.0	172.0	163.0	136.0	186.0	188.0	171.0	160.0	188.0	126.0	209.0	166.0	182.0	226.0	220.0	298.0	290.0	345.0	265.0	407.0	458.0	439.0	566.0	837.0	939.0	779.0	711.0	790.0	588.0	851.0	969.0	1021.0	853.0	862.0	1736.0	1260.0	1261.0	1330.0	1361.0	238.0	222.0	226.0	282.0
127	20140722 20:04:08.713	604.0	347.0	80.0	125.0	122.0	96.0	73.0	98.0	116.0	137.0	92.0	78.0	123.0	108.0	114.0	112.0	99.0	114.0	167.0	121.0	125.0	121.0	143.0	112.0	86.0	136.0	127.0	131.0	113.0	115.0	175.0	159.0	175.0	201.0	165.0	208.0	165.0	171.0	181.0	166.0	171.0	208.0	212.0	214.0	187.0	266.0	265.0	226.0	206.0	245.0	190.0	288.0	217.0	273.0	245.0	271.0	254.0	308.0	336.0	357.0	337.0	376.0	378.0	707.0	794.0	789.0	669.0	728.0	1503.0	1275.0	1080.0	1242.0	1273.0	152.0	141.0	165.0	135.0
128	20140722 19:04:04.411	763.0	338.0	83.0	136.0	131.0	130.0	123.0	116.0	106.0	112.0	93.0	107.0	91.0	117.0	101.0	141.0	117.0	111.0	89.0	86.0	101.0	118.0	117.0	167.0	135.0	155.0	174.0	139.0	130.0	117.0	148.0	157.0	188.0	196.0	137.0	149.0	156.0	124.0	163.0	177.0	114.0	155.0	118.0	140.0	117.0	194.0	222.0	172.0	193.0	226.0	240.0	329.0	233.0	337.0	291.0	272.0	293.0	211.0	223.0	341.0	277.0	332.0	318.0	505.0	704.0	514.0	432.0	480.0	582.0	627.0	627.0	737.0	780.0	152.0	154.0	148.0	173.0
129	20140722 20:04:08.713	7.0	336.0	0.0	0.0	0.0	0.0	0.0	0.0	0.0	0.0	0.0	0.0	0.0	0.0	0.0	0.0	0.0	0.0	0.0	0.0	0.0	0.0	0.0	0.0	0.0	0.0	0.0	0.0	0.0	0.0	0.0	0.0	0.0	0.0	0.0	0.0	0.0	0.0	0.0	0.0	0.0	0.0	0.0	0.0	0.0	0.0	0.0	0.0	0.0	0.0	0.0	0.0	0.0	0.0	0.0	0.0	0.0	0.0	0.0	0.0	0.0	0.0	0.0	355.0	407.0	480.0	395.0	503.0	733.0	703.0	602.0	604.0	757.0	0.0	0.0	0.0	0.0
130	20140722 19:04:04.411	46.0	334.0	0.0	0.0	0.0	0.0	0.0	0.0	0.0	0.0	0.0	0.0	0.0	0.0	0.0	0.0	0.0	0.0	0.0	0.0	0.0	0.0	0.0	0.0	0.0	0.0	0.0	0.0	0.0	0.0	0.0	0.0	0.0	0.0	0.0	0.0	0.0	0.0	0.0	0.0	0.0	0.0	0.0	0.0	0.0	0.0	0.0	0.0	0.0	0.0	0.0	0.0	0.0	0.0	0.0	0.0	0.0	0.0	561.0	595.0	637.0	679.0	656.0	1292.0	1610.0	1371.0	1202.0	1122.0	1779.0	1234.0	1046.0	1418.0	1171.0	270.0	180.0	157.0	199.0
131	20140723 05:04:07.152	86.0	332.0	0.0	0.0	0.0	0.0	0.0	0.0	0.0	0.0	0.0	0.0	0.0	0.0	0.0	0.0	0.0	0.0	0.0	0.0	0.0	0.0	0.0	0.0	0.0	0.0	0.0	0.0	0.0	0.0	0.0	0.0	0.0	0.0	0.0	0.0	0.0	0.0	0.0	0.0	0.0	0.0	0.0	0.0	0.0	183.0	185.0	210.0	244.0	194.0	157.0	212.0	178.0	221.0	215.0	200.0	252.0	198.0	272.0	245.0	189.0	182.0	253.0	442.0	542.0	459.0	314.0	318.0	1096.0	585.0	626.0	821.0	823.0	213.0	201.0	167.0	223.0
132	20140722 03:23:27.254	1004.0	326.0	71.0	87.0	122.0	127.0	86.0	86.0	116.0	116.0	101.0	111.0	79.0	101.0	86.0	117.0	84.0	128.0	151.0	106.0	120.0	127.0	74.0	226.0	85.0	135.0	117.0	162.0	151.0	116.0	133.0	159.0	118.0	133.0	149.0	153.0	99.0	184.0	129.0	175.0	121.0	165.0	110.0	168.0	84.0	247.0	150.0	156.0	174.0	132.0	144.0	194.0	216.0	234.0	264.0	236.0	273.0	288.0	272.0	297.0	317.0	306.0	221.0	411.0	312.0	428.0	492.0	522.0	498.0	529.0	480.0	521.0	444.0	124.0	119.0	92.0	101.0
133	20140722 20:04:08.713	443.0	315.0	92.0	91.0	162.0	95.0	107.0	118.0	73.0	106.0	154.0	108.0	78.0	126.0	134.0	167.0	116.0	106.0	78.0	103.0	110.0	111.0	126.0	176.0	186.0	124.0	117.0	89.0	116.0	130.0	132.0	229.0	176.0	131.0	116.0	177.0	194.0	144.0	155.0	153.0	163.0	207.0	171.0	191.0	163.0	148.0	185.0	192.0	205.0	187.0	168.0	202.0	182.0	222.0	179.0	210.0	237.0	241.0	258.0	259.0	304.0	280.0	286.0	688.0	788.0	736.0	517.0	611.0	1181.0	978.0	963.0	1316.0	1310.0	232.0	178.0	200.0	181.0
134	20140722 23:04:06.176	712.0	306.0	78.0	106.0	128.0	102.0	117.0	80.0	118.0	128.0	149.0	109.0	107.0	149.0	95.0	160.0	97.0	129.0	114.0	85.0	112.0	170.0	108.0	198.0	127.0	110.0	113.0	169.0	125.0	103.0	104.0	165.0	119.0	165.0	124.0	142.0	143.0	113.0	105.0	168.0	172.0	149.0	130.0	165.0	122.0	133.0	166.0	140.0	124.0	142.0	168.0	194.0	133.0	240.0	265.0	174.0	185.0	167.0	197.0	173.0	184.0	273.0	203.0	200.0	225.0	211.0	173.0	318.0	504.0	522.0	495.0	555.0	455.0	164.0	210.0	147.0	125.0
135	20140722 05:23:24.916	721.0	302.0	104.0	132.0	99.0	107.0	108.0	107.0	101.0	109.0	120.0	127.0	80.0	93.0	167.0	122.0	73.0	143.0	133.0	117.0	132.0	145.0	88.0	162.0	152.0	128.0	107.0	103.0	153.0	151.0	228.0	198.0	150.0	212.0	147.0	164.0	173.0	157.0	138.0	215.0	162.0	199.0	172.0	190.0	228.0	188.0	216.0	185.0	169.0	185.0	197.0	179.0	297.0	188.0	239.0	231.0	234.0	269.0	366.0	291.0	284.0	350.0	432.0	427.0	567.0	547.0	577.0	736.0	743.0	644.0	485.0	698.0	650.0	318.0	221.0	229.0	188.0
136	20140722 19:04:04.411	681.0	303.0	99.0	108.0	107.0	127.0	97.0	153.0	72.0	77.0	121.0	127.0	84.0	125.0	116.0	125.0	82.0	101.0	97.0	104.0	103.0	117.0	109.0	167.0	121.0	133.0	136.0	155.0	141.0	86.0	204.0	172.0	162.0	173.0	118.0	154.0	132.0	164.0	147.0	156.0	105.0	153.0	160.0	205.0	223.0	186.0	234.0	203.0	218.0	216.0	271.0	288.0	281.0	433.0	321.0	397.0	284.0	330.0	396.0	298.0	409.0	400.0	441.0	904.0	1107.0	1062.0	869.0	960.0	1605.0	1419.0	1135.0	1447.0	1564.0	246.0	236.0	221.0	175.0
137	20140722 19:04:04.411	5.0	297.0	0.0	0.0	0.0	0.0	0.0	0.0	0.0	0.0	0.0	0.0	0.0	0.0	0.0	0.0	0.0	0.0	0.0	0.0	0.0	0.0	0.0	0.0	0.0	0.0	0.0	0.0	0.0	0.0	0.0	0.0	0.0	0.0	0.0	0.0	0.0	0.0	0.0	0.0	0.0	0.0	0.0	0.0	0.0	0.0	0.0	0.0	0.0	0.0	0.0	0.0	0.0	0.0	0.0	0.0	0.0	0.0	0.0	0.0	0.0	0.0	0.0	685.0	486.0	553.0	684.0	662.0	669.0	587.0	592.0	572.0	559.0	0.0	0.0	0.0	0.0
138	20140723 05:04:07.152	44.0	293.0	0.0	0.0	0.0	0.0	0.0	0.0	0.0	0.0	0.0	0.0	0.0	0.0	0.0	0.0	0.0	0.0	0.0	0.0	0.0	0.0	0.0	0.0	0.0	0.0	0.0	0.0	0.0	0.0	0.0	0.0	0.0	0.0	0.0	0.0	0.0	0.0	0.0	0.0	0.0	0.0	0.0	0.0	0.0	0.0	0.0	0.0	0.0	0.0	0.0	0.0	0.0	0.0	0.0	0.0	0.0	0.0	10.0	149.0	145.0	193.0	182.0	278.0	389.0	321.0	253.0	350.0	1137.0	726.0	592.0	864.0	761.0	229.0	148.0	145.0	96.0
139	20140722 19:04:04.411	203.0	287.0	0.0	0.0	0.0	0.0	0.0	0.0	0.0	0.0	0.0	0.0	0.0	0.0	0.0	0.0	0.0	0.0	0.0	0.0	0.0	0.0	0.0	0.0	0.0	0.0	0.0	0.0	0.0	85.0	121.0	118.0	152.0	129.0	204.0	137.0	186.0	173.0	133.0	162.0	140.0	240.0	166.0	149.0	193.0	172.0	256.0	199.0	197.0	222.0	261.0	240.0	232.0	275.0	290.0	262.0	277.0	279.0	350.0	355.0	287.0	374.0	296.0	1139.0	1719.0	1957.0	1874.0	1785.0	2143.0	1966.0	1854.0	1751.0	1823.0	247.0	191.0	156.0	144.0
140	20140722 19:04:04.411	1084.0	283.0	140.0	110.0	116.0	82.0	121.0	89.0	95.0	90.0	96.0	112.0	96.0	105.0	74.0	113.0	92.0	143.0	177.0	122.0	156.0	136.0	102.0	167.0	116.0	94.0	124.0	154.0	160.0	166.0	212.0	271.0	179.0	200.0	141.0	110.0	148.0	133.0	111.0	176.0	78.0	130.0	151.0	108.0	94.0	111.0	107.0	118.0	114.0	105.0	129.0	154.0	134.0	145.0	205.0	143.0	147.0	196.0	157.0	256.0	216.0	207.0	221.0	527.0	629.0	539.0	285.0	390.0	728.0	663.0	572.0	856.0	687.0	223.0	151.0	187.0	166.0
141	20140723 05:04:07.152	361.0	278.0	99.0	112.0	131.0	115.0	105.0	96.0	79.0	110.0	101.0	112.0	117.0	137.0	97.0	160.0	110.0	130.0	145.0	159.0	111.0	113.0	89.0	159.0	142.0	111.0	127.0	130.0	189.0	108.0	157.0	154.0	191.0	183.0	117.0	135.0	154.0	124.0	128.0	154.0	126.0	185.0	190.0	154.0	131.0	249.0	176.0	190.0	182.0	272.0	219.0	273.0	235.0	275.0	227.0	200.0	262.0	211.0	244.0	252.0	247.0	219.0	284.0	386.0	437.0	401.0	320.0	340.0	1017.0	705.0	586.0	935.0	916.0	233.0	213.0	191.0	202.0
142	20140722 19:04:04.411	1278.0	275.0	109.0	86.0	107.0	106.0	94.0	124.0	107.0	123.0	124.0	125.0	135.0	95.0	105.0	127.0	108.0	126.0	110.0	97.0	123.0	99.0	112.0	123.0	149.0	89.0	114.0	133.0	126.0	102.0	166.0	182.0	136.0	117.0	103.0	138.0	130.0	138.0	177.0	233.0	178.0	205.0	254.0	164.0	237.0	271.0	211.0	263.0	225.0	248.0	337.0	290.0	301.0	300.0	305.0	273.0	309.0	331.0	295.0	299.0	410.0	426.0	452.0	656.0	724.0	701.0	984.0	834.0	666.0	655.0	668.0	617.0	527.0	150.0	185.0	156.0	114.0
143	20140721 21:23:27.44	480.0	273.0	146.0	87.0	152.0	111.0	88.0	74.0	128.0	94.0	153.0	150.0	111.0	114.0	125.0	110.0	125.0	113.0	123.0	83.0	125.0	140.0	106.0	172.0	148.0	138.0	152.0	137.0	124.0	124.0	132.0	161.0	161.0	162.0	130.0	121.0	144.0	162.0	91.0	124.0	189.0	174.0	156.0	155.0	147.0	171.0	162.0	144.0	139.0	129.0	122.0	146.0	154.0	164.0	247.0	160.0	183.0	173.0	203.0	249.0	177.0	220.0	167.0	271.0	238.0	260.0	236.0	252.0	391.0	395.0	320.0	385.0	390.0	241.0	181.0	159.0	211.0
144	20140722 19:04:04.411	1239.0	270.0	94.0	106.0	142.0	125.0	110.0	110.0	115.0	105.0	124.0	144.0	46.0	103.0	104.0	103.0	101.0	116.0	117.0	94.0	80.0	108.0	133.0	100.0	127.0	123.0	170.0	148.0	128.0	128.0	84.0	132.0	131.0	118.0	125.0	127.0	134.0	125.0	104.0	121.0	101.0	122.0	115.0	107.0	128.0	123.0	114.0	105.0	110.0	100.0	144.0	126.0	125.0	179.0	162.0	181.0	168.0	126.0	140.0	136.0	159.0	142.0	131.0	281.0	412.0	301.0	266.0	176.0	182.0	181.0	193.0	117.0	169.0	143.0	122.0	133.0	102.0
145	20140723 05:04:07.152	757.0	260.0	157.0	104.0	112.0	143.0	118.0	110.0	118.0	156.0	109.0	108.0	83.0	115.0	177.0	131.0	142.0	98.0	186.0	86.0	101.0	116.0	135.0	155.0	109.0	131.0	151.0	104.0	141.0	122.0	135.0	138.0	180.0	157.0	141.0	160.0	180.0	220.0	151.0	176.0	128.0	135.0	121.0	121.0	169.0	149.0	166.0	139.0	163.0	159.0	178.0	178.0	194.0	187.0	175.0	167.0	215.0	231.0	182.0	165.0	210.0	226.0	250.0	295.0	361.0	346.0	338.0	272.0	665.0	726.0	630.0	1104.0	971.0	269.0	226.0	171.0	230.0
146	20140723 05:04:07.152	2.0	256.0	0.0	0.0	0.0	0.0	0.0	0.0	0.0	0.0	0.0	0.0	0.0	0.0	0.0	0.0	0.0	0.0	0.0	0.0	0.0	0.0	0.0	0.0	0.0	0.0	0.0	0.0	0.0	0.0	0.0	0.0	0.0	0.0	0.0	0.0	0.0	0.0	0.0	0.0	0.0	0.0	0.0	0.0	0.0	0.0	0.0	0.0	0.0	0.0	0.0	0.0	0.0	0.0	0.0	0.0	0.0	0.0	0.0	0.0	0.0	0.0	0.0	472.0	737.0	710.0	655.0	708.0	1958.0	1511.0	1103.0	1488.0	1316.0	0.0	0.0	0.0	0.0
147	20140722 02:23:30.40	39.0	253.0	0.0	0.0	0.0	0.0	0.0	0.0	0.0	0.0	0.0	0.0	0.0	0.0	0.0	0.0	0.0	0.0	0.0	0.0	0.0	0.0	0.0	0.0	0.0	0.0	0.0	0.0	0.0	0.0	0.0	0.0	0.0	0.0	0.0	0.0	0.0	0.0	0.0	0.0	0.0	0.0	0.0	0.0	0.0	0.0	0.0	0.0	0.0	0.0	0.0	0.0	0.0	0.0	0.0	0.0	0.0	0.0	0.0	456.0	533.0	472.0	528.0	543.0	539.0	622.0	703.0	708.0	900.0	780.0	763.0	800.0	847.0	165.0	178.0	182.0	141.0
148	20140722 19:04:04.411	956.0	249.0	91.0	132.0	107.0	132.0	115.0	147.0	88.0	82.0	101.0	93.0	92.0	147.0	138.0	123.0	122.0	128.0	131.0	95.0	121.0	102.0	123.0	213.0	146.0	143.0	125.0	149.0	143.0	114.0	189.0	204.0	189.0	202.0	154.0	110.0	195.0	154.0	153.0	129.0	129.0	157.0	128.0	168.0	170.0	187.0	233.0	191.0	212.0	248.0	204.0	287.0	280.0	346.0	325.0	419.0	274.0	341.0	394.0	470.0	475.0	534.0	327.0	1487.0	1527.0	1578.0	1474.0	1397.0	1836.0	2031.0	1734.0	1924.0	1854.0	236.0	182.0	203.0	200.0
149	20140722 20:04:08.713	158.0	248.0	0.0	0.0	0.0	0.0	0.0	0.0	0.0	0.0	0.0	0.0	0.0	0.0	0.0	0.0	0.0	0.0	0.0	0.0	0.0	0.0	0.0	0.0	0.0	0.0	0.0	0.0	0.0	0.0	0.0	0.0	0.0	0.0	133.0	139.0	192.0	197.0	197.0	187.0	145.0	181.0	167.0	163.0	162.0	149.0	209.0	172.0	178.0	176.0	193.0	185.0	247.0	190.0	284.0	341.0	305.0	447.0	394.0	470.0	355.0	417.0	412.0	737.0	907.0	976.0	945.0	1259.0	1568.0	1326.0	1134.0	1346.0	1219.0	237.0	198.0	215.0	206.0
150	20140722 22:04:06.885	240.0	244.0	0.0	0.0	0.0	0.0	0.0	0.0	0.0	0.0	0.0	0.0	0.0	0.0	0.0	0.0	0.0	0.0	0.0	0.0	0.0	150.0	105.0	124.0	123.0	109.0	124.0	144.0	79.0	121.0	128.0	119.0	151.0	133.0	158.0	181.0	211.0	158.0	237.0	175.0	196.0	216.0	237.0	176.0	187.0	213.0	276.0	263.0	276.0	272.0	213.0	258.0	340.0	238.0	308.0	285.0	259.0	252.0	339.0	399.0	402.0	376.0	461.0	810.0	769.0	843.0	887.0	864.0	1719.0	1408.0	1393.0	1417.0	1380.0	246.0	138.0	133.0	261.0
151	20140723 06:04:07.70	279.0	243.0	93.0	0.0	2.0	2.0	118.0	64.0	103.0	135.0	113.0	144.0	102.0	143.0	85.0	107.0	76.0	113.0	112.0	148.0	116.0	102.0	137.0	162.0	144.0	196.0	138.0	147.0	101.0	115.0	146.0	164.0	136.0	150.0	117.0	140.0	125.0	188.0	168.0	140.0	161.0	196.0	195.0	135.0	168.0	150.0	218.0	232.0	193.0	139.0	118.0	182.0	167.0	230.0	244.0	253.0	204.0	216.0	251.0	196.0	202.0	294.0	253.0	358.0	390.0	345.0	400.0	416.0	1112.0	2315.0	1813.0	2100.0	1835.0	354.0	243.0	246.0	294.0
152	20140722 19:04:04.411	517.0	230.0	102.0	100.0	127.0	90.0	107.0	164.0	102.0	145.0	120.0	99.0	112.0	100.0	126.0	115.0	122.0	123.0	116.0	100.0	107.0	146.0	115.0	107.0	124.0	175.0	104.0	129.0	99.0	149.0	163.0	172.0	152.0	185.0	179.0	161.0	124.0	135.0	170.0	209.0	158.0	209.0	198.0	185.0	224.0	260.0	171.0	235.0	202.0	171.0	229.0	200.0	277.0	265.0	276.0	229.0	296.0	277.0	297.0	325.0	347.0	299.0	377.0	550.0	450.0	553.0	665.0	709.0	521.0	592.0	603.0	546.0	442.0	250.0	205.0	172.0	242.0
153	20140722 19:04:04.411	38.0	214.0	0.0	0.0	0.0	0.0	0.0	0.0	0.0	0.0	0.0	0.0	0.0	0.0	0.0	0.0	0.0	0.0	0.0	0.0	0.0	0.0	0.0	0.0	0.0	0.0	0.0	0.0	0.0	0.0	0.0	0.0	0.0	0.0	0.0	0.0	0.0	0.0	0.0	0.0	0.0	0.0	0.0	0.0	0.0	0.0	0.0	0.0	0.0	0.0	0.0	0.0	0.0	0.0	0.0	0.0	0.0	0.0	0.0	28.0	756.0	793.0	698.0	1089.0	1426.0	1398.0	1199.0	1218.0	1958.0	1604.0	1349.0	1467.0	1363.0	39.0	176.0	32.0	40.0
154	20140722 00:23:28.977	197.0	207.0	0.0	0.0	0.0	0.0	0.0	0.0	0.0	0.0	0.0	0.0	0.0	0.0	0.0	0.0	0.0	0.0	0.0	0.0	0.0	0.0	0.0	0.0	0.0	0.0	0.0	0.0	0.0	0.0	118.0	170.0	112.0	176.0	198.0	157.0	128.0	200.0	141.0	149.0	193.0	157.0	173.0	156.0	147.0	176.0	210.0	223.0	178.0	208.0	225.0	197.0	182.0	277.0	244.0	253.0	302.0	399.0	428.0	408.0	346.0	398.0	380.0	466.0	565.0	479.0	352.0	409.0	654.0	497.0	343.0	589.0	481.0	307.0	252.0	217.0	217.0
155	20140723 05:04:07.152	236.0	205.0	0.0	0.0	0.0	0.0	0.0	0.0	0.0	0.0	0.0	0.0	0.0	0.0	0.0	0.0	0.0	0.0	0.0	0.0	0.0	0.0	72.0	104.0	125.0	100.0	126.0	164.0	142.0	99.0	200.0	152.0	173.0	203.0	188.0	177.0	169.0	204.0	155.0	156.0	163.0	189.0	222.0	180.0	181.0	208.0	216.0	258.0	237.0	209.0	187.0	189.0	233.0	181.0	287.0	192.0	236.0	201.0	213.0	315.0	270.0	277.0	284.0	534.0	557.0	552.0	445.0	536.0	1030.0	1027.0	1010.0	1880.0	1489.0	189.0	136.0	123.0	151.0
156	20140722 20:04:08.713	1073.0	203.0	102.0	116.0	159.0	135.0	98.0	153.0	85.0	128.0	96.0	89.0	138.0	97.0	87.0	124.0	111.0	135.0	134.0	120.0	114.0	157.0	122.0	155.0	138.0	113.0	151.0	141.0	121.0	84.0	127.0	134.0	145.0	128.0	178.0	211.0	164.0	196.0	178.0	154.0	159.0	281.0	223.0	141.0	187.0	261.0	245.0	207.0	284.0	259.0	244.0	261.0	225.0	265.0	323.0	307.0	298.0	313.0	328.0	389.0	304.0	412.0	352.0	666.0	967.0	723.0	642.0	649.0	976.0	1151.0	938.0	1271.0	1333.0	212.0	242.0	120.0	208.0
157	20140722 04:23:27.793	316.0	201.0	122.0	100.0	103.0	128.0	79.0	104.0	128.0	95.0	101.0	135.0	129.0	128.0	95.0	112.0	101.0	88.0	146.0	84.0	105.0	140.0	112.0	132.0	109.0	128.0	109.0	124.0	151.0	96.0	132.0	162.0	137.0	148.0	145.0	163.0	142.0	166.0	188.0	133.0	115.0	134.0	201.0	175.0	187.0	152.0	145.0	172.0	143.0	208.0	222.0	201.0	299.0	232.0	235.0	273.0	230.0	264.0	288.0	288.0	280.0	910.0	653.0	404.0	598.0	484.0	360.0	542.0	724.0	513.0	456.0	745.0	505.0	162.0	147.0	117.0	158.0
158	20140722 21:04:11.566	355.0	198.0	88.0	104.0	119.0	151.0	112.0	121.0	113.0	98.0	89.0	115.0	93.0	98.0	131.0	135.0	133.0	74.0	158.0	94.0	132.0	87.0	129.0	132.0	126.0	115.0	118.0	89.0	78.0	155.0	152.0	162.0	129.0	105.0	134.0	165.0	148.0	164.0	129.0	111.0	160.0	162.0	160.0	122.0	139.0	141.0	175.0	188.0	166.0	160.0	141.0	239.0	188.0	218.0	206.0	171.0	242.0	245.0	224.0	211.0	193.0	205.0	263.0	432.0	550.0	833.0	485.0	552.0	1320.0	667.0	638.0	845.0	822.0	217.0	146.0	143.0	205.0
159	20140722 23:04:06.176	395.0	197.0	142.0	118.0	100.0	111.0	99.0	127.0	107.0	88.0	114.0	105.0	133.0	88.0	140.0	181.0	120.0	89.0	121.0	96.0	92.0	140.0	109.0	135.0	126.0	129.0	138.0	127.0	137.0	110.0	141.0	180.0	185.0	164.0	143.0	166.0	176.0	229.0	201.0	192.0	197.0	191.0	225.0	196.0	197.0	219.0	186.0	231.0	233.0	210.0	276.0	289.0	235.0	249.0	262.0	258.0	318.0	312.0	290.0	386.0	341.0	329.0	360.0	477.0	538.0	554.0	549.0	731.0	1062.0	792.0	930.0	783.0	748.0	213.0	239.0	165.0	196.0
160	20140723 08:04:08.203	593.0	188.0	110.0	101.0	108.0	99.0	96.0	122.0	126.0	138.0	173.0	161.0	69.0	116.0	114.0	150.0	126.0	97.0	122.0	113.0	111.0	108.0	140.0	134.0	149.0	131.0	116.0	157.0	125.0	104.0	185.0	133.0	155.0	164.0	139.0	142.0	106.0	121.0	133.0	149.0	149.0	174.0	177.0	146.0	146.0	205.0	173.0	185.0	185.0	146.0	151.0	189.0	174.0	208.0	275.0	217.0	262.0	217.0	205.0	236.0	236.0	245.0	274.0	178.0	291.0	241.0	252.0	207.0	473.0	440.0	519.0	1305.0	1168.0	270.0	218.0	215.0	210.0
161	20140722 03:23:27.254	35.0	174.0	0.0	0.0	0.0	0.0	0.0	0.0	0.0	0.0	0.0	0.0	0.0	0.0	0.0	0.0	0.0	0.0	0.0	0.0	0.0	0.0	0.0	0.0	0.0	0.0	0.0	0.0	0.0	0.0	0.0	0.0	0.0	0.0	0.0	0.0	0.0	0.0	0.0	0.0	0.0	0.0	0.0	0.0	0.0	0.0	0.0	0.0	0.0	0.0	0.0	0.0	0.0	0.0	0.0	0.0	0.0	0.0	0.0	0.0	536.0	526.0	510.0	526.0	773.0	584.0	520.0	478.0	780.0	473.0	418.0	543.0	601.0	0.0	0.0	0.0	0.0
162	20140723 05:04:07.152	114.0	170.0	0.0	0.0	0.0	0.0	0.0	0.0	0.0	0.0	0.0	0.0	0.0	0.0	0.0	0.0	0.0	0.0	0.0	0.0	0.0	0.0	0.0	0.0	0.0	0.0	0.0	0.0	0.0	0.0	0.0	0.0	0.0	0.0	0.0	0.0	0.0	0.0	0.0	0.0	0.0	0.0	0.0	3.0	187.0	191.0	186.0	198.0	203.0	223.0	264.0	187.0	231.0	247.0	310.0	277.0	332.0	285.0	298.0	328.0	231.0	262.0	336.0	242.0	320.0	297.0	218.0	325.0	755.0	552.0	701.0	718.0	615.0	198.0	251.0	188.0	181.0
163	20140722 19:04:04.411	154.0	168.0	0.0	0.0	0.0	0.0	0.0	0.0	0.0	0.0	0.0	0.0	0.0	0.0	0.0	0.0	0.0	0.0	0.0	0.0	0.0	0.0	0.0	0.0	0.0	0.0	0.0	0.0	0.0	0.0	0.0	0.0	0.0	0.0	138.0	125.0	177.0	151.0	142.0	103.0	131.0	180.0	149.0	196.0	117.0	126.0	168.0	146.0	166.0	176.0	212.0	139.0	198.0	177.0	207.0	246.0	219.0	161.0	187.0	285.0	225.0	328.0	299.0	831.0	1008.0	886.0	781.0	827.0	1056.0	868.0	690.0	815.0	789.0	294.0	210.0	150.0	246.0
164	20140723 05:04:07.152	1174.0	166.0	100.0	108.0	97.0	116.0	100.0	162.0	84.0	137.0	136.0	78.0	111.0	148.0	89.0	218.0	121.0	116.0	92.0	96.0	102.0	134.0	89.0	145.0	75.0	131.0	167.0	124.0	85.0	119.0	161.0	94.0	90.0	133.0	136.0	120.0	119.0	144.0	99.0	97.0	131.0	121.0	200.0	82.0	165.0	110.0	126.0	117.0	108.0	136.0	147.0	147.0	161.0	130.0	127.0	119.0	93.0	109.0	136.0	124.0	207.0	100.0	144.0	148.0	175.0	124.0	119.0	217.0	492.0	571.0	539.0	555.0	574.0	127.0	151.0	146.0	165.0
165	20140722 20:04:08.713	1030.0	165.0	149.0	101.0	151.0	101.0	125.0	134.0	97.0	122.0	104.0	100.0	110.0	106.0	121.0	127.0	87.0	143.0	114.0	116.0	98.0	77.0	117.0	162.0	150.0	102.0	164.0	116.0	152.0	123.0	127.0	153.0	132.0	83.0	158.0	105.0	150.0	145.0	164.0	165.0	144.0	134.0	185.0	157.0	123.0	145.0	142.0	147.0	143.0	136.0	194.0	217.0	222.0	272.0	269.0	227.0	262.0	332.0	351.0	387.0	372.0	442.0	458.0	581.0	694.0	686.0	454.0	611.0	1130.0	1020.0	907.0	1156.0	929.0	135.0	155.0	120.0	126.0
166	20140721 23:23:30.731	233.0	164.0	0.0	0.0	0.0	0.0	0.0	0.0	0.0	0.0	0.0	0.0	0.0	0.0	0.0	0.0	0.0	0.0	0.0	0.0	0.0	0.0	3.0	2.0	80.0	155.0	117.0	102.0	152.0	86.0	145.0	112.0	133.0	127.0	119.0	152.0	216.0	140.0	165.0	126.0	150.0	127.0	111.0	139.0	141.0	143.0	174.0	138.0	156.0	185.0	208.0	193.0	155.0	252.0	231.0	240.0	288.0	223.0	269.0	203.0	248.0	255.0	233.0	294.0	279.0	275.0	321.0	328.0	549.0	428.0	547.0	437.0	499.0	284.0	244.0	221.0	201.0
167	20140722 19:04:04.411	273.0	162.0	67.0	0.0	0.0	0.0	0.0	0.0	48.0	110.0	94.0	59.0	110.0	132.0	89.0	91.0	109.0	85.0	131.0	102.0	125.0	110.0	100.0	134.0	121.0	102.0	90.0	116.0	129.0	149.0	173.0	136.0	233.0	173.0	143.0	171.0	136.0	211.0	225.0	144.0	161.0	167.0	158.0	151.0	149.0	150.0	186.0	215.0	199.0	162.0	241.0	206.0	233.0	236.0	287.0	335.0	372.0	386.0	432.0	502.0	461.0	479.0	527.0	602.0	566.0	669.0	651.0	628.0	1083.0	913.0	891.0	1110.0	1084.0	183.0	174.0	152.0	176.0
168	20140722 19:04:04.411	1191.0	157.0	92.0	139.0	133.0	141.0	146.0	84.0	129.0	93.0	91.0	119.0	98.0	89.0	108.0	147.0	65.0	86.0	120.0	88.0	108.0	133.0	104.0	150.0	131.0	87.0	104.0	137.0	118.0	84.0	137.0	138.0	116.0	107.0	97.0	127.0	98.0	111.0	126.0	121.0	181.0	119.0	140.0	185.0	130.0	324.0	272.0	281.0	335.0	302.0	252.0	259.0	311.0	318.0	296.0	317.0	277.0	276.0	336.0	255.0	289.0	299.0	349.0	660.0	822.0	825.0	793.0	829.0	609.0	772.0	726.0	718.0	626.0	256.0	188.0	167.0	193.0
169	20140723 05:04:07.152	1176.0	149.0	139.0	93.0	140.0	101.0	113.0	128.0	115.0	159.0	96.0	125.0	100.0	108.0	137.0	153.0	82.0	139.0	117.0	101.0	126.0	148.0	105.0	146.0	128.0	87.0	113.0	101.0	111.0	119.0	138.0	103.0	105.0	119.0	158.0	94.0	65.0	80.0	80.0	101.0	118.0	117.0	100.0	113.0	145.0	123.0	111.0	103.0	109.0	106.0	120.0	146.0	91.0	124.0	194.0	113.0	136.0	127.0	192.0	130.0	127.0	125.0	199.0	161.0	102.0	111.0	124.0	109.0	440.0	392.0	353.0	571.0	464.0	116.0	137.0	98.0	153.0
170	20140722 20:04:08.713	830.0	136.0	97.0	105.0	94.0	119.0	67.0	150.0	116.0	154.0	112.0	109.0	102.0	145.0	117.0	113.0	75.0	98.0	144.0	109.0	125.0	128.0	123.0	158.0	137.0	111.0	187.0	146.0	149.0	135.0	208.0	130.0	227.0	186.0	190.0	138.0	164.0	217.0	155.0	195.0	180.0	216.0	168.0	219.0	204.0	212.0	222.0	237.0	205.0	202.0	238.0	258.0	240.0	270.0	242.0	171.0	226.0	238.0	243.0	250.0	240.0	290.0	282.0	462.0	682.0	568.0	615.0	602.0	703.0	777.0	910.0	965.0	875.0	277.0	219.0	230.0	200.0
171	20140722 19:04:04.411	33.0	134.0	0.0	0.0	0.0	0.0	0.0	0.0	0.0	0.0	0.0	0.0	0.0	0.0	0.0	0.0	0.0	0.0	0.0	0.0	0.0	0.0	0.0	0.0	0.0	0.0	0.0	0.0	0.0	0.0	0.0	0.0	0.0	0.0	0.0	0.0	0.0	0.0	0.0	0.0	0.0	0.0	0.0	0.0	0.0	0.0	0.0	0.0	0.0	0.0	0.0	0.0	0.0	0.0	0.0	0.0	0.0	0.0	0.0	0.0	508.0	624.0	718.0	1068.0	1516.0	1182.0	892.0	877.0	1303.0	989.0	946.0	986.0	998.0	0.0	0.0	0.0	0.0
172	20140722 05:23:24.916	869.0	133.0	102.0	94.0	150.0	120.0	93.0	164.0	100.0	110.0	95.0	144.0	129.0	136.0	194.0	149.0	106.0	89.0	121.0	82.0	72.0	108.0	113.0	128.0	101.0	105.0	83.0	108.0	96.0	84.0	144.0	174.0	174.0	152.0	145.0	130.0	175.0	119.0	127.0	171.0	196.0	199.0	159.0	183.0	165.0	263.0	217.0	263.0	269.0	303.0	257.0	337.0	346.0	334.0	356.0	296.0	315.0	309.0	294.0	292.0	346.0	377.0	397.0	664.0	479.0	530.0	653.0	698.0	481.0	618.0	546.0	499.0	481.0	216.0	186.0	171.0	169.0
173	20140722 19:04:04.411	71.0	133.0	0.0	0.0	0.0	0.0	0.0	0.0	0.0	0.0	0.0	0.0	0.0	0.0	0.0	0.0	0.0	0.0	0.0	0.0	0.0	0.0	0.0	0.0	0.0	0.0	0.0	0.0	0.0	0.0	0.0	0.0	0.0	0.0	0.0	0.0	0.0	0.0	0.0	0.0	0.0	0.0	0.0	0.0	0.0	0.0	4.0	192.0	222.0	225.0	195.0	334.0	248.0	314.0	282.0	316.0	331.0	244.0	360.0	304.0	311.0	418.0	346.0	935.0	1305.0	1005.0	521.0	571.0	1350.0	1009.0	783.0	1105.0	916.0	175.0	176.0	198.0	172.0
174	20140722 21:04:11.566	949.0	129.0	137.0	111.0	113.0	121.0	116.0	123.0	68.0	136.0	79.0	116.0	100.0	145.0	121.0	137.0	95.0	119.0	110.0	91.0	132.0	101.0	126.0	118.0	133.0	112.0	169.0	89.0	156.0	135.0	114.0	129.0	128.0	131.0	91.0	176.0	127.0	187.0	180.0	112.0	124.0	170.0	158.0	79.0	104.0	174.0	160.0	133.0	82.0	148.0	104.0	123.0	173.0	128.0	117.0	132.0	126.0	122.0	134.0	135.0	152.0	142.0	153.0	187.0	136.0	276.0	169.0	166.0	251.0	252.0	318.0	365.0	367.0	221.0	155.0	123.0	196.0
175	20140721 20:23:23.279	151.0	129.0	0.0	0.0	0.0	0.0	0.0	0.0	0.0	0.0	0.0	0.0	0.0	0.0	0.0	0.0	0.0	0.0	0.0	0.0	0.0	0.0	0.0	0.0	0.0	0.0	0.0	0.0	0.0	0.0	0.0	0.0	0.0	0.0	90.0	110.0	127.0	130.0	139.0	137.0	172.0	187.0	142.0	145.0	158.0	166.0	130.0	189.0	194.0	143.0	198.0	233.0	274.0	314.0	352.0	379.0	402.0	388.0	388.0	357.0	440.0	406.0	600.0	118.0	116.0	118.0	147.0	127.0	165.0	93.0	127.0	132.0	135.0	286.0	213.0	164.0	240.0
176	20140722 20:04:08.713	191.0	127.0	0.0	0.0	0.0	0.0	0.0	0.0	0.0	0.0	0.0	0.0	0.0	0.0	0.0	0.0	0.0	0.0	0.0	0.0	0.0	0.0	0.0	0.0	0.0	0.0	0.0	0.0	0.0	0.0	0.0	1.0	120.0	136.0	116.0	158.0	121.0	129.0	169.0	163.0	182.0	121.0	194.0	168.0	147.0	180.0	174.0	163.0	217.0	163.0	163.0	279.0	185.0	169.0	181.0	191.0	255.0	207.0	224.0	196.0	213.0	203.0	203.0	260.0	348.0	337.0	257.0	301.0	575.0	436.0	376.0	491.0	567.0	182.0	163.0	172.0	184.0
177	20140722 21:04:11.566	1067.0	124.0	111.0	111.0	102.0	114.0	70.0	132.0	69.0	124.0	117.0	108.0	94.0	113.0	126.0	118.0	113.0	102.0	82.0	86.0	95.0	126.0	106.0	129.0	134.0	108.0	209.0	141.0	121.0	128.0	252.0	230.0	209.0	186.0	220.0	193.0	212.0	226.0	219.0	177.0	202.0	221.0	268.0	208.0	181.0	216.0	195.0	211.0	219.0	250.0	212.0	262.0	235.0	227.0	223.0	316.0	259.0	223.0	367.0	279.0	262.0	272.0	229.0	480.0	719.0	1058.0	669.0	745.0	1215.0	1220.0	1031.0	1472.0	1415.0	251.0	240.0	195.0	222.0
178	20140722 20:04:08.713	349.0	119.0	109.0	86.0	113.0	141.0	153.0	97.0	106.0	92.0	90.0	102.0	92.0	158.0	112.0	119.0	91.0	118.0	137.0	161.0	97.0	97.0	123.0	151.0	113.0	152.0	201.0	106.0	93.0	101.0	137.0	180.0	122.0	158.0	186.0	144.0	148.0	168.0	182.0	169.0	151.0	171.0	145.0	135.0	153.0	174.0	222.0	222.0	185.0	183.0	216.0	273.0	228.0	273.0	251.0	356.0	301.0	252.0	314.0	267.0	319.0	377.0	381.0	639.0	788.0	604.0	538.0	612.0	1107.0	991.0	1032.0	1441.0	1327.0	316.0	205.0	196.0	205.0
179	20140721 18:23:27.319	1188.0	118.0	105.0	110.0	105.0	145.0	98.0	99.0	97.0	121.0	149.0	103.0	116.0	100.0	142.0	143.0	124.0	133.0	137.0	78.0	135.0	97.0	73.0	149.0	161.0	136.0	103.0	149.0	139.0	92.0	119.0	124.0	125.0	153.0	99.0	120.0	124.0	152.0	101.0	133.0	146.0	147.0	121.0	113.0	100.0	168.0	142.0	207.0	198.0	208.0	225.0	276.0	338.0	287.0	302.0	348.0	271.0	297.0	363.0	309.0	288.0	365.0	311.0	348.0	412.0	467.0	301.0	368.0	305.0	284.0	246.0	263.0	268.0	189.0	178.0	203.0	183.0
180	20140722 00:23:28.977	1226.0	115.0	110.0	76.0	138.0	106.0	77.0	139.0	83.0	118.0	87.0	117.0	149.0	121.0	134.0	131.0	117.0	123.0	153.0	148.0	143.0	118.0	109.0	137.0	138.0	146.0	172.0	200.0	199.0	93.0	132.0	190.0	138.0	170.0	165.0	254.0	188.0	157.0	216.0	164.0	152.0	236.0	210.0	191.0	201.0	239.0	232.0	197.0	231.0	208.0	198.0	263.0	276.0	283.0	350.0	237.0	319.0	364.0	331.0	334.0	279.0	441.0	441.0	615.0	638.0	633.0	647.0	634.0	366.0	410.0	447.0	491.0	496.0	181.0	150.0	155.0	115.0
181	20140722 01:23:27.578	1306.0	113.0	89.0	93.0	121.0	132.0	128.0	106.0	74.0	102.0	104.0	122.0	119.0	156.0	105.0	144.0	86.0	115.0	124.0	117.0	93.0	133.0	100.0	86.0	99.0	158.0	142.0	138.0	146.0	92.0	172.0	157.0	167.0	149.0	137.0	195.0	181.0	172.0	162.0	247.0	157.0	233.0	275.0	191.0	196.0	254.0	235.0	257.0	245.0	226.0	235.0	314.0	324.0	292.0	257.0	340.0	316.0	346.0	459.0	507.0	471.0	615.0	395.0	824.0	757.0	833.0	715.0	699.0	804.0	834.0	1.0	0.0	0.0	200.0	179.0	188.0	221.0
182	20140722 19:04:04.411	1113.0	112.0	94.0	79.0	134.0	163.0	116.0	102.0	100.0	136.0	118.0	118.0	112.0	121.0	105.0	97.0	98.0	124.0	168.0	108.0	132.0	94.0	108.0	109.0	144.0	117.0	166.0	138.0	118.0	113.0	147.0	117.0	186.0	150.0	85.0	157.0	144.0	136.0	94.0	115.0	121.0	158.0	84.0	122.0	106.0	69.0	115.0	185.0	114.0	86.0	115.0	121.0	121.0	181.0	161.0	92.0	137.0	103.0	203.0	141.0	164.0	120.0	171.0	394.0	523.0	369.0	353.0	386.0	219.0	178.0	144.0	135.0	136.0	138.0	142.0	114.0	154.0
183	20140723 05:04:07.152	24.0	109.0	0.0	0.0	0.0	0.0	0.0	0.0	0.0	0.0	0.0	0.0	0.0	0.0	0.0	0.0	0.0	0.0	0.0	0.0	0.0	0.0	0.0	0.0	0.0	0.0	0.0	0.0	0.0	0.0	0.0	0.0	0.0	0.0	0.0	0.0	0.0	0.0	0.0	0.0	0.0	0.0	0.0	0.0	0.0	0.0	0.0	0.0	0.0	0.0	0.0	0.0	0.0	0.0	0.0	0.0	0.0	0.0	0.0	0.0	0.0	0.0	32.0	185.0	142.0	112.0	158.0	148.0	326.0	469.0	397.0	425.0	435.0	0.0	0.0	0.0	0.0
184	20140723 05:04:07.152	588.0	106.0	69.0	73.0	85.0	91.0	110.0	107.0	138.0	93.0	85.0	107.0	108.0	151.0	132.0	113.0	135.0	134.0	115.0	112.0	120.0	121.0	115.0	155.0	143.0	180.0	124.0	156.0	152.0	143.0	198.0	158.0	154.0	130.0	117.0	102.0	102.0	158.0	139.0	181.0	135.0	105.0	144.0	146.0	168.0	119.0	152.0	159.0	148.0	154.0	158.0	169.0	165.0	187.0	214.0	206.0	352.0	193.0	200.0	193.0	270.0	304.0	231.0	263.0	246.0	327.0	334.0	375.0	833.0	823.0	735.0	920.0	875.0	266.0	254.0	236.0	276.0
185	20140722 05:23:24.916	548.0	108.0	95.0	121.0	80.0	182.0	91.0	86.0	90.0	105.0	146.0	108.0	89.0	124.0	130.0	97.0	93.0	125.0	117.0	124.0	107.0	105.0	86.0	135.0	128.0	112.0	123.0	138.0	113.0	115.0	191.0	163.0	207.0	227.0	82.0	130.0	143.0	120.0	156.0	134.0	126.0	146.0	133.0	172.0	158.0	163.0	166.0	147.0	190.0	159.0	153.0	161.0	224.0	203.0	208.0	199.0	187.0	186.0	201.0	185.0	213.0	145.0	280.0	171.0	236.0	203.0	244.0	234.0	381.0	419.0	346.0	406.0	424.0	224.0	211.0	171.0	182.0
186	20140723 05:04:07.152	8.0	105.0	0.0	0.0	0.0	0.0	0.0	0.0	0.0	0.0	0.0	0.0	0.0	0.0	0.0	0.0	0.0	0.0	0.0	0.0	0.0	0.0	0.0	0.0	0.0	0.0	0.0	0.0	0.0	0.0	0.0	0.0	0.0	0.0	0.0	0.0	0.0	0.0	0.0	0.0	0.0	0.0	0.0	0.0	0.0	0.0	0.0	0.0	0.0	0.0	0.0	0.0	0.0	0.0	0.0	0.0	0.0	0.0	0.0	0.0	0.0	0.0	0.0	133.0	160.0	104.0	105.0	87.0	483.0	437.0	341.0	438.0	405.0	0.0	0.0	0.0	0.0
187	20140721 20:23:23.279	787.0	98.0	85.0	104.0	113.0	137.0	121.0	116.0	111.0	77.0	96.0	76.0	115.0	98.0	103.0	107.0	91.0	145.0	86.0	130.0	136.0	122.0	97.0	121.0	113.0	134.0	189.0	142.0	89.0	111.0	128.0	169.0	156.0	155.0	152.0	110.0	191.0	166.0	170.0	129.0	158.0	160.0	151.0	163.0	150.0	188.0	252.0	202.0	162.0	191.0	216.0	266.0	181.0	275.0	198.0	240.0	244.0	266.0	213.0	257.0	223.0	226.0	315.0	276.0	255.0	289.0	298.0	336.0	368.0	422.0	382.0	420.0	471.0	245.0	239.0	241.0	243.0
188	20140722 19:04:04.411	827.0	96.0	88.0	92.0	137.0	79.0	125.0	137.0	65.0	83.0	119.0	110.0	101.0	132.0	95.0	77.0	119.0	91.0	119.0	99.0	82.0	68.0	121.0	123.0	113.0	120.0	159.0	138.0	129.0	110.0	211.0	216.0	263.0	155.0	168.0	111.0	152.0	157.0	137.0	137.0	189.0	187.0	204.0	158.0	176.0	228.0	174.0	239.0	195.0	181.0	228.0	233.0	205.0	222.0	257.0	216.0	249.0	293.0	252.0	223.0	298.0	275.0	268.0	433.0	348.0	389.0	407.0	519.0	401.0	526.0	570.0	579.0	608.0	234.0	261.0	181.0	223.0
189	20140721 23:23:30.731	867.0	94.0	85.0	125.0	134.0	80.0	91.0	125.0	94.0	81.0	104.0	82.0	101.0	147.0	144.0	122.0	148.0	118.0	112.0	82.0	123.0	126.0	117.0	164.0	91.0	138.0	128.0	152.0	132.0	124.0	136.0	124.0	136.0	169.0	115.0	107.0	147.0	69.0	115.0	121.0	151.0	153.0	185.0	149.0	121.0	153.0	163.0	171.0	192.0	180.0	201.0	193.0	290.0	307.0	381.0	318.0	442.0	467.0	404.0	446.0	505.0	465.0	415.0	533.0	697.0	624.0	375.0	445.0	601.0	589.0	508.0	594.0	529.0	175.0	154.0	150.0	172.0
190	20140722 04:23:27.793	29.0	94.0	0.0	0.0	0.0	0.0	0.0	0.0	0.0	0.0	0.0	0.0	0.0	0.0	0.0	0.0	0.0	0.0	0.0	0.0	0.0	0.0	0.0	0.0	0.0	0.0	0.0	0.0	0.0	0.0	0.0	0.0	0.0	0.0	0.0	0.0	0.0	0.0	0.0	0.0	0.0	0.0	0.0	0.0	0.0	0.0	0.0	0.0	0.0	0.0	0.0	0.0	0.0	0.0	0.0	0.0	0.0	0.0	0.0	0.0	0.0	497.0	465.0	569.0	516.0	568.0	607.0	548.0	640.0	552.0	526.0	661.0	562.0	0.0	0.0	0.0	0.0
191	20140722 20:04:08.713	946.0	88.0	112.0	110.0	123.0	176.0	89.0	115.0	115.0	145.0	144.0	107.0	116.0	147.0	96.0	141.0	103.0	93.0	112.0	117.0	106.0	102.0	144.0	146.0	142.0	113.0	128.0	124.0	183.0	102.0	138.0	130.0	117.0	139.0	133.0	182.0	167.0	145.0	150.0	142.0	114.0	102.0	173.0	113.0	159.0	213.0	199.0	171.0	207.0	276.0	224.0	244.0	219.0	207.0	325.0	213.0	264.0	251.0	266.0	253.0	304.0	276.0	282.0	582.0	840.0	698.0	692.0	631.0	984.0	961.0	811.0	1121.0	939.0	197.0	178.0	171.0	130.0
192	20140722 22:04:06.885	1105.0	81.0	114.0	86.0	116.0	220.0	91.0	158.0	125.0	130.0	120.0	119.0	129.0	109.0	121.0	147.0	85.0	114.0	147.0	121.0	98.0	88.0	117.0	121.0	121.0	113.0	119.0	115.0	116.0	87.0	148.0	150.0	166.0	185.0	204.0	170.0	139.0	143.0	154.0	156.0	106.0	190.0	188.0	139.0	152.0	213.0	188.0	167.0	205.0	227.0	208.0	184.0	203.0	232.0	239.0	210.0	179.0	200.0	184.0	172.0	248.0	203.0	221.0	263.0	216.0	265.0	381.0	303.0	394.0	415.0	417.0	602.0	484.0	213.0	194.0	180.0	199.0
193	20140722 02:23:30.40	505.0	71.0	100.0	91.0	101.0	109.0	112.0	107.0	113.0	97.0	93.0	159.0	133.0	131.0	114.0	94.0	79.0	84.0	109.0	120.0	133.0	139.0	122.0	150.0	180.0	142.0	130.0	152.0	122.0	116.0	174.0	159.0	176.0	172.0	84.0	115.0	126.0	196.0	124.0	176.0	160.0	152.0	192.0	167.0	188.0	141.0	156.0	155.0	163.0	147.0	182.0	188.0	200.0	193.0	266.0	315.0	358.0	381.0	419.0	496.0	623.0	622.0	724.0	562.0	797.0	565.0	515.0	640.0	680.0	553.0	496.0	678.0	577.0	234.0	243.0	200.0	231.0
194	20140722 19:04:04.411	545.0	68.0	67.0	102.0	118.0	115.0	87.0	107.0	84.0	126.0	114.0	115.0	101.0	106.0	111.0	130.0	110.0	139.0	114.0	73.0	134.0	127.0	133.0	148.0	161.0	147.0	135.0	150.0	161.0	141.0	152.0	172.0	216.0	151.0	116.0	124.0	197.0	108.0	158.0	161.0	111.0	170.0	139.0	168.0	229.0	206.0	230.0	198.0	267.0	243.0	258.0	354.0	338.0	290.0	372.0	454.0	386.0	423.0	605.0	556.0	433.0	642.0	285.0	804.0	970.0	899.0	701.0	557.0	1129.0	1025.0	1022.0	1291.0	1384.0	151.0	165.0	118.0	193.0
195	20140721 16:23:26.901	742.0	59.0	100.0	114.0	111.0	139.0	100.0	88.0	137.0	99.0	82.0	101.0	132.0	142.0	104.0	176.0	126.0	112.0	123.0	100.0	109.0	68.0	114.0	150.0	152.0	168.0	132.0	129.0	84.0	109.0	124.0	109.0	164.0	141.0	112.0	141.0	149.0	172.0	140.0	162.0	149.0	148.0	143.0	179.0	139.0	209.0	227.0	244.0	242.0	311.0	309.0	293.0	222.0	277.0	315.0	353.0	310.0	418.0	215.0	304.0	330.0	236.0	326.0	325.0	294.0	244.0	424.0	472.0	411.0	451.0	527.0	482.0	527.0	217.0	182.0	175.0	182.0
196	20140722 05:23:24.916	784.0	56.0	92.0	125.0	108.0	129.0	135.0	126.0	95.0	113.0	133.0	103.0	111.0	146.0	103.0	149.0	106.0	134.0	183.0	110.0	102.0	112.0	86.0	141.0	140.0	138.0	176.0	133.0	163.0	128.0	160.0	154.0	173.0	166.0	160.0	104.0	124.0	128.0	153.0	114.0	104.0	130.0	125.0	149.0	149.0	165.0	109.0	201.0	149.0	131.0	171.0	164.0	103.0	154.0	191.0	201.0	162.0	186.0	269.0	232.0	302.0	315.0	344.0	369.0	426.0	412.0	467.0	501.0	414.0	597.0	474.0	457.0	484.0	195.0	161.0	113.0	131.0
197	20140722 19:04:04.411	27.0	54.0	0.0	0.0	0.0	0.0	0.0	0.0	0.0	0.0	0.0	0.0	0.0	0.0	0.0	0.0	0.0	0.0	0.0	0.0	0.0	0.0	0.0	0.0	0.0	0.0	0.0	0.0	0.0	0.0	0.0	0.0	0.0	0.0	0.0	0.0	0.0	0.0	0.0	0.0	0.0	0.0	0.0	0.0	0.0	0.0	0.0	0.0	0.0	0.0	0.0	0.0	0.0	0.0	0.0	0.0	0.0	0.0	0.0	0.0	0.0	2.0	781.0	1153.0	1380.0	1231.0	1027.0	1192.0	1903.0	1187.0	1150.0	1276.0	1247.0	0.0	0.0	0.0	0.0
198	20140722 20:04:08.713	864.0	53.0	110.0	117.0	114.0	108.0	63.0	128.0	103.0	113.0	118.0	127.0	201.0	119.0	102.0	102.0	146.0	110.0	143.0	107.0	62.0	74.0	98.0	163.0	124.0	133.0	138.0	162.0	144.0	141.0	181.0	171.0	195.0	142.0	127.0	156.0	150.0	160.0	163.0	199.0	140.0	119.0	126.0	151.0	154.0	175.0	235.0	202.0	174.0	222.0	192.0	256.0	203.0	235.0	277.0	193.0	248.0	241.0	231.0	231.0	256.0	266.0	251.0	400.0	506.0	880.0	594.0	751.0	916.0	797.0	743.0	811.0	812.0	166.0	108.0	110.0	125.0
199	20140722 03:23:27.254	1062.0	43.0	109.0	107.0	111.0	113.0	111.0	108.0	118.0	101.0	96.0	94.0	82.0	117.0	174.0	120.0	93.0	152.0	118.0	125.0	109.0	98.0	93.0	169.0	87.0	83.0	92.0	117.0	104.0	90.0	111.0	159.0	130.0	108.0	130.0	121.0	110.0	131.0	135.0	134.0	146.0	173.0	220.0	170.0	143.0	160.0	195.0	184.0	257.0	213.0	241.0	233.0	259.0	239.0	227.0	303.0	289.0	356.0	343.0	379.0	398.0	334.0	526.0	271.0	354.0	252.0	228.0	255.0	683.0	620.0	598.0	621.0	603.0	222.0	202.0	179.0	212.0
200	20140723 05:04:07.152	263.0	41.0	0.0	0.0	0.0	0.0	0.0	0.0	0.0	0.0	0.0	0.0	5.0	65.0	135.0	103.0	64.0	85.0	93.0	104.0	109.0	88.0	117.0	128.0	166.0	122.0	142.0	134.0	143.0	126.0	88.0	128.0	178.0	147.0	139.0	97.0	131.0	126.0	189.0	128.0	151.0	162.0	137.0	87.0	125.0	185.0	149.0	190.0	168.0	138.0	168.0	166.0	255.0	163.0	191.0	205.0	196.0	168.0	209.0	210.0	244.0	220.0	168.0	275.0	323.0	343.0	349.0	252.0	867.0	861.0	711.0	861.0	877.0	185.0	180.0	137.0	150.0
201	20140723 05:04:07.152	1221.0	36.0	116.0	157.0	108.0	126.0	86.0	89.0	66.0	128.0	83.0	82.0	102.0	119.0	134.0	147.0	68.0	110.0	119.0	103.0	90.0	86.0	95.0	153.0	131.0	116.0	91.0	138.0	150.0	102.0	140.0	177.0	154.0	183.0	160.0	177.0	160.0	196.0	199.0	218.0	179.0	181.0	236.0	229.0	262.0	221.0	244.0	216.0	206.0	301.0	219.0	240.0	272.0	303.0	297.0	293.0	340.0	285.0	322.0	374.0	329.0	375.0	303.0	529.0	771.0	647.0	458.0	493.0	1261.0	1394.0	1312.0	1534.0	1446.0	263.0	166.0	183.0	180.0
202	20140723 06:04:07.70	1234.0	33.0	93.0	93.0	108.0	141.0	128.0	119.0	118.0	93.0	106.0	111.0	102.0	76.0	86.0	125.0	89.0	113.0	103.0	106.0	112.0	99.0	92.0	191.0	136.0	111.0	87.0	96.0	158.0	60.0	112.0	128.0	78.0	116.0	113.0	134.0	115.0	106.0	111.0	99.0	81.0	129.0	103.0	80.0	123.0	142.0	84.0	105.0	166.0	132.0	105.0	122.0	102.0	134.0	129.0	175.0	167.0	137.0	222.0	161.0	94.0	167.0	140.0	186.0	176.0	141.0	190.0	180.0	263.0	495.0	364.0	326.0	290.0	119.0	188.0	83.0	150.0
203	20140722 19:04:04.411	1301.0	32.0	110.0	124.0	86.0	108.0	101.0	101.0	94.0	160.0	135.0	137.0	126.0	96.0	99.0	161.0	94.0	134.0	102.0	92.0	120.0	108.0	108.0	152.0	125.0	125.0	103.0	141.0	75.0	118.0	131.0	198.0	122.0	145.0	118.0	95.0	150.0	161.0	169.0	155.0	161.0	207.0	203.0	216.0	238.0	231.0	264.0	244.0	292.0	231.0	321.0	312.0	274.0	320.0	321.0	376.0	405.0	308.0	367.0	355.0	396.0	372.0	387.0	628.0	884.0	715.0	383.0	424.0	879.0	668.0	598.0	3.0	0.0	218.0	228.0	181.0	206.0
204	20140722 04:23:27.793	543.0	29.0	108.0	132.0	174.0	102.0	75.0	78.0	65.0	140.0	115.0	97.0	101.0	136.0	180.0	120.0	65.0	132.0	102.0	111.0	124.0	137.0	86.0	200.0	119.0	148.0	202.0	140.0	95.0	84.0	116.0	149.0	125.0	143.0	136.0	140.0	138.0	119.0	168.0	141.0	141.0	173.0	215.0	182.0	173.0	226.0	185.0	216.0	197.0	220.0	223.0	236.0	244.0	261.0	368.0	465.0	461.0	546.0	573.0	649.0	630.0	751.0	768.0	879.0	1154.0	911.0	929.0	972.0	1172.0	1272.0	989.0	1314.0	1080.0	163.0	173.0	116.0	181.0
205	20140722 19:04:04.411	24.0	14.0	0.0	0.0	0.0	0.0	0.0	0.0	0.0	0.0	0.0	0.0	0.0	0.0	0.0	0.0	0.0	0.0	0.0	0.0	0.0	0.0	0.0	0.0	0.0	0.0	0.0	0.0	0.0	0.0	0.0	0.0	0.0	0.0	0.0	0.0	0.0	0.0	0.0	0.0	0.0	0.0	0.0	0.0	0.0	0.0	0.0	0.0	0.0	0.0	0.0	0.0	0.0	0.0	0.0	0.0	0.0	0.0	0.0	0.0	0.0	0.0	537.0	1080.0	1328.0	1222.0	1119.0	973.0	1454.0	1101.0	997.0	1131.0	1075.0	0.0	0.0	0.0	0.0
206	20140721 23:23:30.731	63.0	12.0	0.0	0.0	0.0	0.0	0.0	0.0	0.0	0.0	0.0	0.0	0.0	0.0	0.0	0.0	0.0	0.0	0.0	0.0	0.0	0.0	0.0	0.0	0.0	0.0	0.0	0.0	0.0	0.0	0.0	0.0	0.0	0.0	0.0	0.0	0.0	0.0	0.0	0.0	0.0	0.0	0.0	0.0	0.0	0.0	0.0	0.0	0.0	115.0	141.0	169.0	105.0	150.0	215.0	159.0	329.0	277.0	212.0	211.0	240.0	360.0	256.0	266.0	231.0	332.0	394.0	414.0	566.0	421.0	347.0	520.0	503.0	269.0	205.0	186.0	210.0
207	20140722 19:04:04.411	1289.0	4.0	53.0	66.0	116.0	144.0	118.0	137.0	106.0	120.0	64.0	148.0	3.0	0.0	0.0	0.0	0.0	0.0	0.0	0.0	0.0	0.0	0.0	0.0	0.0	0.0	0.0	0.0	0.0	0.0	0.0	0.0	0.0	0.0	0.0	0.0	0.0	0.0	0.0	0.0	0.0	0.0	0.0	90.0	2.0	87.0	103.0	91.0	3.0	0.0	0.0	0.0	0.0	0.0	0.0	0.0	131.0	0.0	6.0	1.0	1.0	155.0	185.0	378.0	440.0	419.0	313.0	362.0	169.0	2.0	138.0	72.0	139.0	1.0	0.0	0.0	0.0
208	20140722 19:04:04.411	1019.0	5.0	99.0	96.0	126.0	109.0	139.0	124.0	93.0	144.0	66.0	79.0	3.0	4.0	0.0	0.0	0.0	0.0	0.0	0.0	0.0	0.0	0.0	0.0	0.0	0.0	0.0	0.0	0.0	0.0	0.0	0.0	0.0	0.0	0.0	0.0	0.0	0.0	0.0	0.0	0.0	0.0	0.0	96.0	7.0	176.0	165.0	157.0	22.0	0.0	0.0	0.0	0.0	1.0	0.0	1.0	278.0	9.0	186.0	15.0	7.0	204.0	241.0	466.0	533.0	391.0	430.0	444.0	649.0	8.0	742.0	768.0	909.0	2.0	0.0	2.0	0.0
209	20140723 05:04:07.152	223.0	5.0	0.0	0.0	0.0	0.0	0.0	0.0	0.0	0.0	0.0	0.0	0.0	0.0	0.0	0.0	0.0	0.0	0.0	0.0	0.0	0.0	0.0	0.0	0.0	0.0	0.0	0.0	0.0	0.0	0.0	0.0	0.0	0.0	0.0	0.0	0.0	0.0	0.0	0.0	0.0	0.0	0.0	60.0	12.0	153.0	145.0	137.0	12.0	0.0	0.0	0.0	0.0	1.0	0.0	1.0	412.0	6.0	450.0	23.0	15.0	499.0	427.0	604.0	626.0	605.0	523.0	605.0	954.0	9.0	938.0	1214.0	1432.0	1.0	0.0	1.0	0.0
210	20140722 19:04:04.411	1099.0	4.0	76.0	72.0	149.0	116.0	79.0	105.0	110.0	90.0	33.0	111.0	2.0	0.0	0.0	0.0	0.0	0.0	0.0	0.0	0.0	0.0	0.0	0.0	0.0	0.0	0.0	0.0	0.0	0.0	0.0	0.0	0.0	0.0	0.0	0.0	0.0	0.0	0.0	0.0	0.0	0.0	0.0	67.0	1.0	141.0	97.0	66.0	1.0	0.0	0.0	0.0	0.0	0.0	0.0	0.0	111.0	0.0	21.0	0.0	1.0	249.0	287.0	419.0	738.0	441.0	457.0	452.0	607.0	4.0	414.0	697.0	715.0	1.0	0.0	0.0	0.0
211	20140722 19:04:04.411	262.0	4.0	0.0	0.0	0.0	0.0	0.0	0.0	0.0	0.0	0.0	0.0	0.0	0.0	0.0	0.0	0.0	0.0	0.0	0.0	0.0	0.0	0.0	0.0	0.0	0.0	0.0	0.0	0.0	0.0	0.0	0.0	0.0	0.0	0.0	0.0	0.0	0.0	0.0	0.0	0.0	0.0	0.0	93.0	1.0	229.0	163.0	173.0	1.0	0.0	0.0	0.0	0.0	0.0	0.0	0.0	333.0	1.0	22.0	2.0	1.0	429.0	302.0	655.0	797.0	692.0	531.0	630.0	850.0	6.0	756.0	835.0	1108.0	1.0	0.0	0.0	0.0
