index	mortality	x	y	20150906 18:08:11.619	20150908 07:41:55.847	20150908 21:19:54.26	20150908 22:30:21.76	20150908 23:40:44.268	20150909 00:51:15.482	20150909 02:01:41.905	20150909 03:12:11.391	20150909 04:22:35.548	20150909 05:33:07.144	20150909 06:43:20.89	20150909 07:53:42.84	20150909 09:04:03.724	20150909 10:14:31.445	20150909 11:25:02.553	20150909 12:35:37.570	20150909 13:45:54.124	20150909 14:56:20.940	20150909 16:06:50.476	20150909 17:17:20.977	20150909 18:27:33.961	20150909 19:37:59.384	20150909 20:48:16.571	20150909 21:58:49.236	20150909 23:09:14.797	20150910 00:19:32.765	20150910 01:29:53.876	20150910 02:40:19.99	20150910 03:50:40.862	20150910 05:00:50.644	20150910 06:11:09.532	20150910 07:21:27.567	20150910 08:31:45.928	20150910 10:50:48.293	20150910 11:59:47.532	20150910 13:08:47.13	20150910 14:17:44.548	20150910 15:26:48.810	20150910 16:35:48.279	20150910 17:44:54.854	20150910 18:53:54.958	20150910 20:02:49.683	20150910 21:11:42.367	20150910 22:20:37.146	20150910 23:29:30.294	20150911 00:38:28.09	20150911 01:47:17.455	20150911 02:56:14.17	20150911 04:05:08.765	20150911 05:13:56.250	20150911 09:49:51.291	20150911 11:00:05.277	20150911 12:10:28.716	20150911 13:20:44.876	20150911 16:54:24.524	20150911 18:04:48.905	20150911 19:15:06.528	20150911 20:25:24.622	20150911 21:35:55.293	20150911 22:46:17.616	20150911 23:56:39.716	20150912 01:07:06.13	20150912 02:17:37.10	20150912 03:28:05.464	20150912 04:38:35.952	20150912 05:48:56.106	20150912 06:59:26.870	20150912 08:09:47.548	20150912 09:20:10.260	20150912 10:30:25.616
1	20150910 05:00:50.644	425.0	993.0	0.0	0.0	0.0	0.0	0.0	0.0	0.0	0.0	0.0	0.0	0.0	0.0	0.0	0.0	0.0	0.0	0.0	0.0	0.0	0.0	0.0	0.0	0.0	0.0	0.0	228.0	231.0	341.0	342.0	623.0	724.0	527.0	864.0	4.0	0.0	0.0	0.0	0.0	0.0	0.0	0.0	0.0	4.0	665.0	712.0	596.0	629.0	566.0	553.0	678.0	0.0	0.0	0.0	0.0	0.0	0.0	0.0	0.0	0.0	0.0	0.0	0.0	0.0	0.0	0.0	0.0	0.0	0.0	0.0	0.0
2	20150910 05:00:50.644	422.0	993.0	0.0	0.0	0.0	0.0	0.0	0.0	0.0	0.0	0.0	0.0	0.0	0.0	0.0	0.0	0.0	0.0	0.0	0.0	0.0	0.0	0.0	0.0	0.0	0.0	0.0	302.0	213.0	341.0	305.0	612.0	623.0	617.0	854.0	4.0	0.0	0.0	0.0	0.0	0.0	0.0	0.0	0.0	5.0	705.0	671.0	607.0	662.0	593.0	609.0	632.0	0.0	0.0	0.0	0.0	0.0	0.0	0.0	0.0	0.0	0.0	0.0	0.0	0.0	0.0	0.0	0.0	0.0	0.0	0.0	0.0
3	20150910 00:19:32.765	98.0	992.0	0.0	0.0	0.0	0.0	0.0	0.0	0.0	0.0	0.0	0.0	0.0	0.0	0.0	0.0	0.0	0.0	0.0	0.0	0.0	0.0	0.0	0.0	0.0	0.0	11.0	911.0	788.0	739.0	867.0	826.0	828.0	858.0	645.0	4.0	0.0	0.0	0.0	0.0	0.0	0.0	0.0	0.0	31.0	939.0	984.0	963.0	1019.0	840.0	842.0	790.0	0.0	0.0	0.0	0.0	0.0	0.0	0.0	0.0	0.0	0.0	0.0	0.0	0.0	0.0	0.0	0.0	0.0	0.0	0.0	0.0
4	20150910 00:19:32.765	750.0	992.0	0.0	0.0	0.0	0.0	0.0	0.0	0.0	0.0	0.0	0.0	0.0	0.0	0.0	0.0	0.0	0.0	0.0	0.0	0.0	0.0	0.0	0.0	0.0	0.0	4.0	193.0	229.0	267.0	214.0	213.0	260.0	232.0	276.0	2.0	0.0	0.0	0.0	0.0	0.0	0.0	0.0	0.0	12.0	278.0	238.0	260.0	284.0	171.0	239.0	250.0	0.0	0.0	0.0	0.0	0.0	0.0	0.0	0.0	0.0	0.0	0.0	0.0	0.0	0.0	0.0	0.0	0.0	0.0	0.0	0.0
5	20150910 00:19:32.765	744.0	992.0	0.0	0.0	0.0	0.0	0.0	0.0	0.0	0.0	0.0	0.0	0.0	0.0	0.0	0.0	0.0	0.0	0.0	0.0	0.0	0.0	0.0	0.0	0.0	0.0	3.0	234.0	292.0	240.0	209.0	221.0	192.0	200.0	270.0	3.0	0.0	0.0	0.0	0.0	0.0	0.0	0.0	0.0	10.0	209.0	207.0	233.0	219.0	154.0	274.0	304.0	0.0	0.0	0.0	0.0	0.0	0.0	0.0	0.0	0.0	0.0	0.0	0.0	0.0	0.0	0.0	0.0	0.0	0.0	0.0	0.0
6	20150910 05:00:50.644	418.0	992.0	0.0	0.0	0.0	0.0	0.0	0.0	0.0	0.0	0.0	0.0	0.0	0.0	0.0	0.0	0.0	0.0	0.0	0.0	0.0	0.0	0.0	0.0	0.0	0.0	4.0	227.0	208.0	204.0	265.0	387.0	402.0	426.0	547.0	3.0	0.0	0.0	0.0	0.0	0.0	0.0	0.0	0.0	17.0	495.0	439.0	449.0	537.0	426.0	482.0	544.0	0.0	0.0	0.0	0.0	0.0	0.0	0.0	0.0	0.0	0.0	0.0	0.0	0.0	0.0	0.0	0.0	0.0	0.0	0.0	0.0
7	20150910 05:00:50.644	425.0	991.0	0.0	0.0	0.0	0.0	0.0	0.0	0.0	0.0	0.0	0.0	0.0	0.0	0.0	0.0	0.0	0.0	0.0	0.0	0.0	0.0	0.0	0.0	0.0	0.0	6.0	210.0	173.0	341.0	342.0	575.0	510.0	485.0	661.0	28.0	0.0	0.0	0.0	0.0	0.0	0.0	0.0	0.0	199.0	665.0	712.0	596.0	629.0	566.0	553.0	440.0	0.0	0.0	0.0	0.0	0.0	0.0	0.0	0.0	0.0	0.0	0.0	0.0	0.0	0.0	0.0	0.0	0.0	0.0	0.0	0.0
8	20150910 05:00:50.644	422.0	991.0	0.0	0.0	0.0	0.0	0.0	0.0	0.0	0.0	0.0	0.0	0.0	0.0	0.0	0.0	0.0	0.0	0.0	0.0	0.0	0.0	0.0	0.0	0.0	0.0	6.0	221.0	197.0	341.0	292.0	466.0	519.0	559.0	625.0	25.0	0.0	0.0	0.0	0.0	0.0	0.0	0.0	0.0	230.0	705.0	671.0	607.0	662.0	593.0	609.0	542.0	0.0	0.0	0.0	0.0	0.0	0.0	0.0	0.0	0.0	0.0	0.0	0.0	0.0	0.0	0.0	0.0	0.0	0.0	0.0	0.0
9	20150910 23:29:30.294	553.0	973.0	0.0	102.0	97.0	1.0	0.0	0.0	1.0	3.0	31.0	58.0	89.0	22.0	2.0	106.0	139.0	110.0	120.0	120.0	127.0	124.0	168.0	129.0	104.0	162.0	144.0	154.0	143.0	114.0	134.0	132.0	112.0	128.0	117.0	125.0	109.0	114.0	170.0	107.0	114.0	104.0	110.0	112.0	100.0	91.0	239.0	123.0	87.0	133.0	84.0	128.0	74.0	395.0	151.0	90.0	151.0	120.0	122.0	117.0	107.0	142.0	149.0	105.0	136.0	174.0	116.0	138.0	112.0	105.0	98.0	138.0
10	20150911 05:13:56.250	1232.0	966.0	0.0	0.0	0.0	0.0	0.0	0.0	0.0	0.0	0.0	0.0	0.0	0.0	0.0	0.0	0.0	0.0	0.0	0.0	0.0	0.0	0.0	0.0	0.0	0.0	0.0	0.0	0.0	0.0	0.0	0.0	0.0	0.0	0.0	0.0	0.0	0.0	0.0	0.0	0.0	0.0	0.0	0.0	0.0	0.0	0.0	0.0	0.0	0.0	0.0	653.0	0.0	0.0	0.0	0.0	0.0	0.0	0.0	0.0	0.0	0.0	0.0	0.0	0.0	0.0	0.0	0.0	0.0	0.0	0.0	0.0
11	20150911 09:49:51.291	758.0	956.0	47.0	123.0	121.0	100.0	100.0	117.0	154.0	116.0	116.0	89.0	179.0	149.0	119.0	135.0	128.0	142.0	93.0	167.0	194.0	91.0	148.0	189.0	146.0	162.0	119.0	166.0	173.0	98.0	147.0	70.0	166.0	135.0	115.0	110.0	109.0	149.0	103.0	93.0	91.0	114.0	155.0	149.0	98.0	106.0	142.0	114.0	144.0	120.0	117.0	133.0	692.0	100.0	94.0	98.0	141.0	92.0	139.0	97.0	142.0	110.0	116.0	93.0	198.0	108.0	101.0	125.0	117.0	158.0	127.0	115.0
12	20150911 09:49:51.291	747.0	946.0	115.0	134.0	116.0	191.0	124.0	136.0	86.0	167.0	169.0	107.0	162.0	212.0	103.0	135.0	128.0	153.0	162.0	140.0	183.0	132.0	116.0	119.0	176.0	117.0	128.0	153.0	187.0	151.0	148.0	128.0	134.0	143.0	117.0	172.0	119.0	144.0	88.0	118.0	133.0	119.0	162.0	102.0	116.0	88.0	110.0	97.0	141.0	107.0	121.0	110.0	581.0	99.0	151.0	83.0	104.0	109.0	121.0	140.0	120.0	144.0	88.0	149.0	114.0	116.0	141.0	138.0	112.0	117.0	128.0	149.0
13	20150911 05:13:56.250	1231.0	924.0	0.0	0.0	0.0	0.0	0.0	0.0	0.0	0.0	0.0	0.0	0.0	0.0	0.0	0.0	0.0	0.0	0.0	0.0	0.0	0.0	0.0	0.0	0.0	0.0	0.0	0.0	0.0	0.0	0.0	0.0	0.0	0.0	0.0	0.0	0.0	0.0	0.0	0.0	0.0	0.0	0.0	0.0	0.0	0.0	0.0	0.0	0.0	0.0	0.0	342.0	0.0	0.0	0.0	0.0	0.0	0.0	0.0	0.0	0.0	0.0	0.0	0.0	0.0	0.0	0.0	0.0	0.0	0.0	0.0	0.0
14	20150911 16:54:24.524	586.0	917.0	97.0	119.0	109.0	133.0	143.0	165.0	149.0	117.0	102.0	126.0	133.0	144.0	165.0	198.0	129.0	111.0	149.0	201.0	144.0	110.0	185.0	196.0	199.0	121.0	167.0	174.0	154.0	105.0	155.0	155.0	128.0	166.0	189.0	137.0	100.0	196.0	118.0	145.0	144.0	119.0	103.0	143.0	155.0	133.0	109.0	147.0	127.0	166.0	122.0	131.0	101.0	123.0	169.0	133.0	311.0	335.0	288.0	244.0	258.0	242.0	262.0	315.0	250.0	266.0	193.0	191.0	208.0	176.0	150.0	161.0
15	20150911 11:00:05.277	601.0	908.0	131.0	127.0	105.0	134.0	88.0	116.0	165.0	157.0	172.0	123.0	136.0	128.0	132.0	146.0	145.0	175.0	118.0	113.0	125.0	166.0	188.0	141.0	162.0	160.0	138.0	134.0	124.0	130.0	117.0	143.0	129.0	102.0	180.0	130.0	156.0	118.0	106.0	68.0	117.0	139.0	163.0	112.0	160.0	92.0	181.0	125.0	141.0	97.0	92.0	126.0	115.0	365.0	164.0	161.0	108.0	110.0	142.0	123.0	112.0	181.0	143.0	131.0	116.0	132.0	197.0	139.0	123.0	96.0	143.0	98.0
16	20150911 05:13:56.250	1232.0	886.0	0.0	0.0	0.0	0.0	0.0	0.0	0.0	0.0	0.0	0.0	0.0	0.0	0.0	0.0	0.0	0.0	0.0	0.0	0.0	0.0	0.0	0.0	0.0	0.0	0.0	0.0	0.0	0.0	0.0	0.0	0.0	0.0	0.0	0.0	0.0	0.0	0.0	0.0	0.0	0.0	0.0	0.0	0.0	0.0	0.0	0.0	0.0	0.0	0.0	560.0	0.0	0.0	0.0	0.0	0.0	0.0	0.0	0.0	0.0	0.0	0.0	0.0	0.0	0.0	0.0	0.0	0.0	0.0	0.0	0.0
17	20150911 12:10:28.716	377.0	855.0	126.0	121.0	91.0	148.0	133.0	131.0	157.0	125.0	130.0	109.0	127.0	162.0	131.0	136.0	134.0	170.0	175.0	131.0	144.0	186.0	170.0	108.0	136.0	136.0	139.0	119.0	137.0	147.0	131.0	158.0	116.0	138.0	162.0	149.0	116.0	146.0	179.0	134.0	141.0	128.0	163.0	95.0	138.0	130.0	114.0	151.0	151.0	125.0	124.0	125.0	147.0	152.0	592.0	804.0	185.0	164.0	148.0	187.0	116.0	96.0	172.0	170.0	217.0	149.0	181.0	157.0	150.0	179.0	154.0	208.0
18	20150911 12:10:28.716	374.0	855.0	163.0	113.0	114.0	136.0	133.0	131.0	113.0	183.0	149.0	83.0	149.0	165.0	131.0	126.0	119.0	170.0	139.0	120.0	95.0	186.0	130.0	109.0	193.0	136.0	165.0	131.0	175.0	147.0	115.0	136.0	139.0	134.0	162.0	130.0	118.0	146.0	179.0	110.0	110.0	107.0	163.0	87.0	112.0	155.0	137.0	140.0	166.0	101.0	135.0	119.0	171.0	179.0	639.0	804.0	149.0	120.0	173.0	142.0	116.0	119.0	172.0	136.0	120.0	149.0	183.0	167.0	210.0	180.0	154.0	171.0
19	20150911 12:10:28.716	371.0	855.0	165.0	162.0	134.0	143.0	135.0	82.0	127.0	112.0	141.0	120.0	74.0	248.0	147.0	112.0	119.0	201.0	134.0	118.0	142.0	143.0	168.0	201.0	155.0	139.0	159.0	136.0	137.0	128.0	158.0	146.0	131.0	141.0	126.0	119.0	114.0	161.0	140.0	110.0	135.0	158.0	168.0	129.0	74.0	155.0	107.0	140.0	98.0	155.0	135.0	140.0	198.0	239.0	751.0	598.0	184.0	144.0	173.0	157.0	108.0	132.0	103.0	139.0	143.0	178.0	182.0	147.0	239.0	161.0	144.0	187.0
20	20150912 04:38:35.952	973.0	855.0	114.0	95.0	79.0	108.0	178.0	155.0	136.0	127.0	110.0	141.0	207.0	134.0	115.0	228.0	146.0	124.0	99.0	128.0	174.0	142.0	141.0	134.0	186.0	97.0	163.0	140.0	147.0	147.0	132.0	145.0	153.0	142.0	159.0	83.0	152.0	117.0	157.0	113.0	107.0	144.0	138.0	206.0	116.0	102.0	142.0	157.0	152.0	165.0	202.0	157.0	175.0	180.0	163.0	208.0	140.0	113.0	95.0	157.0	173.0	117.0	148.0	126.0	100.0	105.0	272.0	379.0	341.0	336.0	352.0	416.0
21	20150911 12:10:28.716	368.0	854.0	165.0	122.0	148.0	143.0	91.0	141.0	146.0	219.0	132.0	153.0	164.0	169.0	144.0	141.0	150.0	148.0	144.0	180.0	153.0	163.0	133.0	128.0	96.0	164.0	199.0	136.0	135.0	103.0	147.0	146.0	128.0	145.0	126.0	108.0	114.0	116.0	90.0	149.0	102.0	139.0	168.0	101.0	121.0	95.0	161.0	111.0	124.0	140.0	97.0	145.0	198.0	204.0	539.0	412.0	184.0	134.0	175.0	137.0	144.0	166.0	153.0	158.0	129.0	124.0	157.0	137.0	142.0	161.0	135.0	165.0
22	20150911 12:10:28.716	374.0	851.0	144.0	179.0	167.0	173.0	177.0	111.0	123.0	136.0	114.0	123.0	183.0	178.0	158.0	153.0	184.0	174.0	130.0	128.0	155.0	194.0	179.0	207.0	187.0	164.0	140.0	161.0	109.0	125.0	80.0	116.0	155.0	132.0	117.0	114.0	135.0	153.0	186.0	82.0	126.0	147.0	146.0	97.0	131.0	203.0	92.0	118.0	148.0	105.0	155.0	89.0	171.0	145.0	717.0	695.0	116.0	130.0	131.0	172.0	165.0	182.0	127.0	168.0	118.0	94.0	140.0	162.0	139.0	164.0	176.0	181.0
23	20150911 12:10:28.716	372.0	851.0	125.0	155.0	165.0	148.0	125.0	163.0	123.0	124.0	109.0	98.0	182.0	178.0	129.0	153.0	85.0	174.0	121.0	138.0	155.0	194.0	179.0	142.0	187.0	164.0	130.0	161.0	161.0	125.0	173.0	127.0	155.0	152.0	117.0	125.0	135.0	153.0	186.0	125.0	126.0	147.0	120.0	77.0	131.0	203.0	106.0	116.0	143.0	105.0	155.0	89.0	157.0	145.0	717.0	631.0	109.0	130.0	196.0	130.0	165.0	183.0	111.0	162.0	118.0	84.0	173.0	147.0	174.0	164.0	174.0	181.0
24	20150911 12:10:28.716	369.0	852.0	162.0	122.0	123.0	143.0	136.0	163.0	146.0	174.0	112.0	153.0	133.0	118.0	129.0	166.0	150.0	133.0	135.0	204.0	97.0	163.0	187.0	148.0	96.0	136.0	136.0	162.0	135.0	122.0	173.0	159.0	146.0	152.0	126.0	114.0	94.0	117.0	120.0	125.0	149.0	133.0	120.0	105.0	121.0	174.0	161.0	71.0	114.0	140.0	87.0	145.0	157.0	141.0	594.0	424.0	122.0	133.0	175.0	137.0	144.0	183.0	153.0	162.0	141.0	129.0	147.0	138.0	152.0	177.0	155.0	185.0
25	20150911 12:10:28.716	377.0	851.0	106.0	106.0	151.0	170.0	177.0	130.0	121.0	136.0	142.0	125.0	183.0	125.0	158.0	154.0	184.0	130.0	165.0	160.0	103.0	106.0	175.0	207.0	176.0	175.0	105.0	181.0	171.0	111.0	139.0	115.0	128.0	194.0	212.0	137.0	130.0	99.0	182.0	110.0	114.0	146.0	138.0	125.0	118.0	148.0	128.0	123.0	153.0	159.0	141.0	101.0	171.0	148.0	612.0	678.0	146.0	159.0	208.0	172.0	124.0	182.0	143.0	142.0	143.0	171.0	134.0	161.0	153.0	125.0	189.0	233.0
26	20150911 12:10:28.716	377.0	847.0	128.0	167.0	138.0	106.0	113.0	113.0	126.0	137.0	185.0	184.0	131.0	144.0	145.0	202.0	115.0	142.0	84.0	147.0	92.0	172.0	171.0	143.0	142.0	152.0	118.0	161.0	156.0	118.0	162.0	168.0	101.0	143.0	124.0	139.0	113.0	137.0	139.0	115.0	128.0	131.0	119.0	128.0	107.0	127.0	178.0	120.0	151.0	129.0	170.0	136.0	143.0	142.0	540.0	597.0	169.0	114.0	142.0	121.0	104.0	97.0	76.0	96.0	142.0	101.0	170.0	169.0	202.0	129.0	174.0	157.0
27	20150911 12:10:28.716	374.0	847.0	138.0	162.0	125.0	116.0	139.0	177.0	194.0	117.0	185.0	184.0	144.0	149.0	145.0	156.0	121.0	203.0	133.0	156.0	144.0	169.0	101.0	125.0	132.0	152.0	131.0	122.0	102.0	157.0	162.0	145.0	126.0	123.0	124.0	118.0	85.0	92.0	158.0	153.0	154.0	102.0	161.0	127.0	99.0	140.0	155.0	114.0	151.0	135.0	143.0	128.0	162.0	150.0	556.0	613.0	80.0	115.0	157.0	112.0	119.0	166.0	65.0	118.0	99.0	111.0	220.0	184.0	185.0	158.0	174.0	194.0
28	20150911 12:10:28.716	372.0	847.0	138.0	123.0	130.0	142.0	135.0	118.0	194.0	125.0	150.0	103.0	144.0	149.0	165.0	156.0	140.0	203.0	133.0	100.0	144.0	153.0	90.0	145.0	120.0	180.0	131.0	151.0	141.0	155.0	139.0	145.0	126.0	123.0	150.0	118.0	85.0	98.0	107.0	150.0	154.0	132.0	131.0	144.0	99.0	123.0	104.0	159.0	116.0	135.0	143.0	128.0	134.0	150.0	556.0	513.0	80.0	148.0	135.0	112.0	119.0	129.0	112.0	118.0	103.0	119.0	196.0	184.0	185.0	158.0	171.0	194.0
29	20150910 01:29:53.876	331.0	812.0	115.0	128.0	182.0	202.0	132.0	136.0	141.0	127.0	200.0	152.0	166.0	152.0	100.0	157.0	173.0	160.0	144.0	127.0	190.0	212.0	125.0	167.0	156.0	184.0	143.0	132.0	555.0	143.0	157.0	221.0	154.0	152.0	151.0	150.0	154.0	117.0	92.0	129.0	117.0	160.0	168.0	150.0	154.0	128.0	135.0	128.0	125.0	94.0	120.0	110.0	169.0	190.0	161.0	137.0	175.0	120.0	160.0	106.0	111.0	94.0	116.0	138.0	144.0	118.0	242.0	260.0	218.0	249.0	218.0	200.0
30	20150910 02:40:19.99	350.0	800.0	127.0	124.0	134.0	130.0	132.0	184.0	145.0	207.0	140.0	121.0	199.0	165.0	101.0	175.0	113.0	132.0	142.0	194.0	150.0	170.0	131.0	162.0	142.0	154.0	152.0	155.0	196.0	501.0	386.0	497.0	454.0	456.0	510.0	346.0	352.0	394.0	275.0	381.0	528.0	381.0	413.0	398.0	328.0	339.0	314.0	284.0	340.0	310.0	356.0	351.0	298.0	228.0	247.0	264.0	302.0	245.0	340.0	245.0	298.0	232.0	257.0	225.0	276.0	230.0	225.0	206.0	168.0	145.0	183.0	180.0
31	20150911 16:54:24.524	1039.0	798.0	145.0	164.0	96.0	112.0	99.0	136.0	134.0	117.0	151.0	126.0	137.0	153.0	134.0	146.0	155.0	140.0	143.0	98.0	173.0	127.0	127.0	138.0	154.0	165.0	141.0	154.0	106.0	123.0	134.0	122.0	191.0	137.0	160.0	93.0	147.0	169.0	151.0	104.0	187.0	159.0	134.0	97.0	104.0	145.0	104.0	134.0	120.0	132.0	120.0	138.0	148.0	117.0	132.0	131.0	462.0	347.0	472.0	402.0	372.0	101.0	156.0	135.0	115.0	121.0	125.0	195.0	111.0	144.0	156.0	117.0
32	20150910 10:50:48.293	345.0	798.0	147.0	156.0	116.0	109.0	157.0	134.0	160.0	137.0	125.0	112.0	126.0	148.0	127.0	160.0	154.0	158.0	133.0	132.0	126.0	196.0	152.0	127.0	133.0	142.0	98.0	113.0	139.0	415.0	481.0	415.0	412.0	396.0	394.0	1108.0	1157.0	1065.0	1110.0	1158.0	1060.0	1140.0	945.0	1076.0	1216.0	1143.0	1169.0	1017.0	1159.0	1054.0	1010.0	830.0	652.0	610.0	601.0	506.0	795.0	954.0	846.0	675.0	633.0	795.0	771.0	830.0	649.0	578.0	579.0	359.0	435.0	308.0	235.0	312.0
33	20150910 10:50:48.293	342.0	795.0	137.0	96.0	144.0	178.0	163.0	113.0	119.0	137.0	151.0	116.0	133.0	148.0	134.0	151.0	115.0	148.0	175.0	177.0	160.0	142.0	139.0	157.0	163.0	111.0	95.0	126.0	120.0	164.0	196.0	112.0	162.0	150.0	188.0	1108.0	1157.0	1024.0	1110.0	1158.0	1060.0	1140.0	882.0	1076.0	1216.0	1094.0	1169.0	944.0	1159.0	1054.0	1010.0	830.0	654.0	694.0	653.0	506.0	795.0	1078.0	846.0	826.0	729.0	813.0	788.0	967.0	713.0	709.0	579.0	482.0	537.0	428.0	333.0	394.0
34	20150911 16:54:24.524	1041.0	795.0	177.0	134.0	113.0	136.0	136.0	174.0	107.0	158.0	145.0	122.0	224.0	186.0	127.0	187.0	155.0	179.0	145.0	123.0	149.0	128.0	88.0	162.0	154.0	122.0	115.0	154.0	113.0	144.0	90.0	132.0	174.0	137.0	128.0	171.0	130.0	169.0	83.0	130.0	108.0	159.0	120.0	137.0	87.0	141.0	88.0	120.0	113.0	99.0	118.0	135.0	113.0	92.0	137.0	107.0	462.0	347.0	472.0	470.0	424.0	128.0	156.0	143.0	121.0	121.0	112.0	111.0	166.0	127.0	108.0	144.0
35	20150911 16:54:24.524	1039.0	795.0	121.0	126.0	110.0	145.0	126.0	131.0	107.0	172.0	118.0	107.0	130.0	120.0	127.0	147.0	155.0	176.0	143.0	98.0	149.0	96.0	144.0	162.0	154.0	122.0	103.0	154.0	150.0	128.0	112.0	132.0	174.0	137.0	128.0	93.0	130.0	169.0	84.0	104.0	104.0	159.0	126.0	92.0	133.0	141.0	104.0	134.0	114.0	115.0	124.0	120.0	148.0	92.0	114.0	107.0	462.0	347.0	472.0	470.0	424.0	128.0	156.0	95.0	148.0	121.0	122.0	111.0	166.0	142.0	156.0	144.0
36	20150910 10:50:48.293	345.0	794.0	128.0	135.0	162.0	125.0	149.0	105.0	151.0	141.0	166.0	145.0	191.0	134.0	107.0	139.0	118.0	167.0	112.0	159.0	195.0	146.0	150.0	125.0	162.0	152.0	178.0	95.0	126.0	110.0	300.0	116.0	162.0	188.0	164.0	945.0	1091.0	1039.0	984.0	1067.0	869.0	988.0	914.0	955.0	1090.0	1094.0	1127.0	929.0	1019.0	898.0	870.0	713.0	769.0	762.0	672.0	534.0	826.0	1082.0	893.0	843.0	813.0	944.0	788.0	1007.0	751.0	709.0	542.0	403.0	441.0	379.0	253.0	336.0
37	20150911 09:49:51.291	324.0	794.0	119.0	131.0	155.0	132.0	130.0	125.0	145.0	184.0	162.0	134.0	152.0	184.0	106.0	124.0	147.0	191.0	112.0	87.0	199.0	129.0	202.0	152.0	150.0	118.0	166.0	177.0	154.0	120.0	206.0	121.0	108.0	152.0	84.0	93.0	129.0	135.0	151.0	138.0	132.0	152.0	114.0	105.0	137.0	131.0	122.0	176.0	107.0	142.0	134.0	96.0	273.0	300.0	180.0	224.0	135.0	133.0	127.0	131.0	97.0	115.0	148.0	129.0	159.0	114.0	352.0	262.0	230.0	204.0	186.0	211.0
38	20150911 16:54:24.524	1041.0	793.0	175.0	126.0	94.0	136.0	111.0	174.0	151.0	158.0	145.0	122.0	224.0	109.0	133.0	158.0	133.0	151.0	110.0	141.0	110.0	128.0	144.0	138.0	118.0	141.0	134.0	122.0	113.0	128.0	146.0	112.0	121.0	88.0	140.0	121.0	145.0	133.0	97.0	141.0	108.0	159.0	146.0	129.0	112.0	115.0	88.0	154.0	113.0	99.0	118.0	135.0	147.0	144.0	137.0	136.0	409.0	275.0	391.0	470.0	376.0	128.0	140.0	102.0	121.0	84.0	112.0	111.0	166.0	127.0	124.0	144.0
39	20150911 16:54:24.524	1039.0	793.0	175.0	126.0	97.0	145.0	132.0	135.0	151.0	155.0	118.0	107.0	138.0	120.0	180.0	147.0	115.0	176.0	107.0	141.0	110.0	144.0	199.0	152.0	134.0	186.0	84.0	122.0	150.0	128.0	124.0	119.0	121.0	134.0	137.0	81.0	130.0	145.0	84.0	141.0	104.0	159.0	117.0	129.0	133.0	129.0	87.0	154.0	114.0	99.0	124.0	92.0	147.0	144.0	114.0	136.0	409.0	275.0	391.0	470.0	343.0	128.0	99.0	123.0	148.0	83.0	122.0	111.0	166.0	107.0	100.0	144.0
40	20150910 02:40:19.99	713.0	780.0	140.0	137.0	166.0	156.0	134.0	120.0	96.0	148.0	137.0	91.0	146.0	138.0	143.0	133.0	153.0	148.0	193.0	93.0	170.0	120.0	130.0	122.0	232.0	174.0	130.0	202.0	142.0	258.0	190.0	112.0	170.0	198.0	171.0	112.0	111.0	145.0	157.0	153.0	135.0	128.0	103.0	111.0	145.0	142.0	102.0	148.0	181.0	163.0	142.0	106.0	174.0	417.0	161.0	133.0	106.0	169.0	117.0	159.0	97.0	164.0	177.0	151.0	145.0	187.0	221.0	207.0	239.0	207.0	186.0	152.0
41	20150911 11:00:05.277	702.0	779.0	161.0	119.0	117.0	136.0	121.0	194.0	179.0	160.0	152.0	144.0	183.0	185.0	137.0	141.0	164.0	144.0	148.0	121.0	176.0	206.0	144.0	165.0	155.0	162.0	206.0	163.0	172.0	117.0	172.0	103.0	110.0	130.0	185.0	143.0	180.0	126.0	147.0	170.0	164.0	141.0	112.0	123.0	130.0	126.0	149.0	135.0	131.0	119.0	152.0	145.0	151.0	502.0	158.0	176.0	145.0	141.0	125.0	117.0	137.0	134.0	151.0	134.0	141.0	127.0	256.0	164.0	214.0	175.0	167.0	208.0
42	20150911 12:10:28.716	400.0	776.0	119.0	87.0	122.0	119.0	117.0	169.0	106.0	147.0	190.0	108.0	148.0	116.0	167.0	163.0	166.0	148.0	179.0	155.0	134.0	165.0	148.0	106.0	162.0	164.0	91.0	151.0	137.0	133.0	85.0	156.0	156.0	116.0	144.0	108.0	104.0	102.0	121.0	160.0	134.0	142.0	146.0	110.0	138.0	119.0	130.0	133.0	103.0	130.0	132.0	145.0	129.0	107.0	1169.0	112.0	220.0	136.0	109.0	106.0	133.0	115.0	131.0	117.0	120.0	132.0	107.0	110.0	133.0	118.0	104.0	135.0
43	20150911 12:10:28.716	397.0	774.0	135.0	109.0	147.0	119.0	98.0	147.0	117.0	171.0	190.0	113.0	150.0	107.0	144.0	217.0	131.0	176.0	113.0	182.0	118.0	129.0	157.0	130.0	166.0	189.0	148.0	154.0	97.0	145.0	103.0	156.0	239.0	116.0	127.0	159.0	122.0	143.0	121.0	129.0	113.0	161.0	90.0	109.0	102.0	105.0	109.0	116.0	115.0	155.0	165.0	102.0	131.0	134.0	1131.0	143.0	220.0	132.0	97.0	118.0	171.0	117.0	111.0	176.0	115.0	150.0	130.0	140.0	110.0	144.0	146.0	110.0
44	20150911 12:10:28.716	400.0	774.0	138.0	190.0	149.0	119.0	99.0	154.0	106.0	130.0	190.0	109.0	150.0	170.0	136.0	234.0	166.0	144.0	116.0	155.0	112.0	136.0	148.0	106.0	116.0	147.0	83.0	151.0	137.0	131.0	103.0	156.0	125.0	120.0	127.0	86.0	110.0	102.0	98.0	114.0	134.0	131.0	96.0	86.0	102.0	127.0	147.0	133.0	103.0	155.0	141.0	126.0	95.0	106.0	1169.0	143.0	220.0	151.0	110.0	107.0	171.0	115.0	131.0	117.0	120.0	150.0	107.0	96.0	133.0	118.0	167.0	103.0
45	20150911 12:10:28.716	399.0	772.0	138.0	190.0	127.0	99.0	144.0	137.0	131.0	201.0	111.0	85.0	181.0	170.0	127.0	217.0	139.0	183.0	120.0	85.0	113.0	164.0	157.0	157.0	166.0	147.0	116.0	154.0	88.0	145.0	103.0	136.0	150.0	120.0	112.0	136.0	143.0	105.0	99.0	85.0	111.0	147.0	110.0	101.0	111.0	127.0	147.0	107.0	115.0	155.0	85.0	113.0	95.0	121.0	1055.0	143.0	127.0	151.0	143.0	94.0	171.0	113.0	130.0	154.0	153.0	150.0	149.0	95.0	56.0	137.0	167.0	97.0
46	20150911 12:10:28.716	396.0	772.0	96.0	141.0	147.0	169.0	94.0	147.0	138.0	171.0	165.0	160.0	181.0	163.0	90.0	139.0	131.0	117.0	132.0	157.0	163.0	133.0	157.0	121.0	166.0	164.0	178.0	154.0	116.0	152.0	100.0	180.0	153.0	98.0	148.0	159.0	117.0	110.0	121.0	129.0	106.0	171.0	121.0	130.0	115.0	72.0	110.0	114.0	115.0	100.0	140.0	95.0	131.0	150.0	810.0	143.0	124.0	106.0	120.0	92.0	130.0	117.0	88.0	176.0	134.0	145.0	130.0	140.0	110.0	157.0	129.0	127.0
47	20150909 23:09:14.797	1154.0	768.0	138.0	0.0	0.0	0.0	0.0	0.0	0.0	0.0	0.0	0.0	0.0	0.0	0.0	0.0	0.0	0.0	0.0	0.0	0.0	0.0	0.0	0.0	0.0	0.0	219.0	169.0	197.0	222.0	237.0	235.0	213.0	190.0	259.0	0.0	0.0	0.0	0.0	0.0	0.0	0.0	0.0	0.0	0.0	307.0	353.0	277.0	399.0	316.0	378.0	343.0	0.0	0.0	0.0	0.0	0.0	0.0	0.0	0.0	0.0	0.0	0.0	0.0	0.0	0.0	0.0	0.0	0.0	0.0	0.0	0.0
48	20150909 23:09:14.797	1156.0	768.0	142.0	0.0	0.0	0.0	0.0	0.0	0.0	0.0	0.0	0.0	0.0	0.0	0.0	0.0	0.0	0.0	0.0	0.0	0.0	0.0	0.0	0.0	0.0	0.0	219.0	198.0	197.0	206.0	237.0	235.0	206.0	190.0	277.0	0.0	0.0	0.0	0.0	0.0	0.0	0.0	0.0	0.0	0.0	307.0	353.0	277.0	399.0	340.0	342.0	343.0	0.0	0.0	0.0	0.0	0.0	0.0	0.0	0.0	0.0	0.0	0.0	0.0	0.0	0.0	0.0	0.0	0.0	0.0	0.0	0.0
49	20150911 12:10:28.716	391.0	766.0	109.0	121.0	109.0	107.0	132.0	168.0	121.0	125.0	131.0	133.0	101.0	134.0	147.0	191.0	185.0	150.0	111.0	173.0	192.0	107.0	154.0	137.0	189.0	180.0	122.0	120.0	110.0	107.0	120.0	133.0	107.0	194.0	125.0	134.0	134.0	99.0	154.0	114.0	83.0	120.0	84.0	98.0	145.0	109.0	98.0	136.0	147.0	111.0	98.0	103.0	89.0	149.0	618.0	207.0	86.0	100.0	149.0	117.0	135.0	130.0	109.0	113.0	101.0	125.0	142.0	141.0	131.0	109.0	141.0	139.0
50	20150909 23:09:14.797	1156.0	765.0	156.0	0.0	0.0	0.0	0.0	0.0	0.0	0.0	0.0	0.0	0.0	0.0	0.0	0.0	0.0	0.0	0.0	0.0	0.0	0.0	0.0	0.0	0.0	0.0	291.0	263.0	219.0	242.0	237.0	250.0	197.0	249.0	259.0	0.0	0.0	0.0	0.0	0.0	0.0	0.0	0.0	0.0	0.0	354.0	353.0	325.0	324.0	303.0	365.0	376.0	0.0	0.0	0.0	0.0	0.0	0.0	0.0	0.0	0.0	0.0	0.0	0.0	0.0	0.0	0.0	0.0	0.0	0.0	0.0	0.0
51	20150909 23:09:14.797	1154.0	765.0	138.0	0.0	0.0	0.0	0.0	0.0	0.0	0.0	0.0	0.0	0.0	0.0	0.0	0.0	0.0	0.0	0.0	0.0	0.0	0.0	0.0	0.0	0.0	0.0	215.0	263.0	190.0	242.0	237.0	237.0	194.0	184.0	259.0	0.0	0.0	0.0	0.0	0.0	0.0	0.0	0.0	0.0	0.0	354.0	353.0	383.0	353.0	303.0	378.0	376.0	0.0	0.0	0.0	0.0	0.0	0.0	0.0	0.0	0.0	0.0	0.0	0.0	0.0	0.0	0.0	0.0	0.0	0.0	0.0	0.0
52	20150911 22:46:17.616	1073.0	763.0	189.0	106.0	128.0	141.0	138.0	135.0	118.0	191.0	195.0	125.0	101.0	145.0	135.0	147.0	158.0	113.0	122.0	156.0	115.0	149.0	126.0	128.0	148.0	94.0	150.0	130.0	137.0	190.0	154.0	177.0	142.0	146.0	140.0	141.0	141.0	94.0	95.0	145.0	64.0	165.0	130.0	86.0	124.0	153.0	104.0	142.0	179.0	68.0	101.0	148.0	158.0	118.0	90.0	92.0	108.0	125.0	162.0	122.0	114.0	407.0	506.0	319.0	400.0	487.0	512.0	454.0	378.0	386.0	355.0	420.0
53	20150909 23:09:14.797	1158.0	763.0	156.0	0.0	0.0	0.0	0.0	0.0	0.0	0.0	0.0	0.0	0.0	0.0	0.0	0.0	0.0	0.0	0.0	0.0	0.0	0.0	0.0	0.0	0.0	0.0	291.0	181.0	224.0	175.0	185.0	208.0	146.0	191.0	237.0	0.0	0.0	0.0	0.0	0.0	0.0	0.0	0.0	0.0	0.0	143.0	265.0	325.0	324.0	387.0	348.0	269.0	0.0	0.0	0.0	0.0	0.0	0.0	0.0	0.0	0.0	0.0	0.0	0.0	0.0	0.0	0.0	0.0	0.0	0.0	0.0	0.0
54	20150909 23:09:14.797	1156.0	763.0	156.0	0.0	0.0	0.0	0.0	0.0	0.0	0.0	0.0	0.0	0.0	0.0	0.0	0.0	0.0	0.0	0.0	0.0	0.0	0.0	0.0	0.0	0.0	0.0	291.0	239.0	224.0	242.0	185.0	225.0	201.0	191.0	231.0	0.0	0.0	0.0	0.0	0.0	0.0	0.0	0.0	0.0	0.0	354.0	265.0	325.0	324.0	303.0	365.0	376.0	0.0	0.0	0.0	0.0	0.0	0.0	0.0	0.0	0.0	0.0	0.0	0.0	0.0	0.0	0.0	0.0	0.0	0.0	0.0	0.0
55	20150909 23:09:14.797	1154.0	763.0	123.0	0.0	0.0	0.0	0.0	0.0	0.0	0.0	0.0	0.0	0.0	0.0	0.0	0.0	0.0	0.0	0.0	0.0	0.0	0.0	0.0	0.0	0.0	0.0	223.0	239.0	190.0	242.0	176.0	225.0	201.0	160.0	231.0	0.0	0.0	0.0	0.0	0.0	0.0	0.0	0.0	0.0	0.0	354.0	307.0	383.0	297.0	303.0	365.0	376.0	0.0	0.0	0.0	0.0	0.0	0.0	0.0	0.0	0.0	0.0	0.0	0.0	0.0	0.0	0.0	0.0	0.0	0.0	0.0	0.0
56	20150911 22:46:17.616	1075.0	763.0	158.0	120.0	124.0	141.0	164.0	135.0	117.0	146.0	150.0	125.0	228.0	145.0	135.0	135.0	90.0	156.0	120.0	126.0	111.0	127.0	126.0	154.0	148.0	126.0	150.0	106.0	137.0	167.0	123.0	130.0	166.0	146.0	140.0	129.0	84.0	147.0	116.0	141.0	76.0	118.0	120.0	118.0	124.0	132.0	110.0	117.0	179.0	128.0	124.0	154.0	158.0	123.0	98.0	92.0	108.0	117.0	125.0	130.0	114.0	407.0	506.0	339.0	456.0	499.0	512.0	454.0	378.0	337.0	355.0	420.0
57	20150909 20:48:16.571	871.0	761.0	158.0	107.0	118.0	111.0	116.0	170.0	130.0	140.0	173.0	118.0	146.0	152.0	102.0	148.0	140.0	122.0	154.0	121.0	137.0	218.0	139.0	161.0	796.0	694.0	692.0	722.0	759.0	487.0	333.0	335.0	319.0	331.0	348.0	702.0	777.0	828.0	737.0	895.0	959.0	1054.0	884.0	916.0	396.0	402.0	397.0	337.0	331.0	369.0	429.0	327.0	464.0	664.0	709.0	656.0	880.0	768.0	920.0	866.0	686.0	778.0	914.0	746.0	747.0	725.0	441.0	394.0	464.0	363.0	274.0	379.0
58	20150911 22:46:17.616	1073.0	761.0	117.0	106.0	128.0	141.0	187.0	132.0	118.0	191.0	195.0	122.0	141.0	97.0	135.0	161.0	122.0	122.0	146.0	156.0	188.0	134.0	161.0	167.0	157.0	158.0	150.0	117.0	137.0	138.0	138.0	100.0	142.0	75.0	140.0	130.0	108.0	106.0	95.0	145.0	91.0	165.0	130.0	152.0	148.0	135.0	109.0	118.0	179.0	148.0	125.0	148.0	135.0	118.0	86.0	120.0	135.0	166.0	157.0	170.0	115.0	407.0	506.0	319.0	400.0	487.0	512.0	454.0	378.0	324.0	367.0	420.0
59	20150911 22:46:17.616	1075.0	760.0	119.0	123.0	118.0	141.0	187.0	105.0	188.0	123.0	110.0	122.0	141.0	106.0	135.0	210.0	119.0	113.0	116.0	127.0	188.0	127.0	115.0	167.0	148.0	122.0	150.0	131.0	124.0	119.0	106.0	105.0	105.0	109.0	114.0	129.0	108.0	106.0	84.0	126.0	103.0	118.0	133.0	152.0	148.0	152.0	140.0	135.0	179.0	135.0	122.0	146.0	135.0	70.0	99.0	124.0	141.0	176.0	118.0	170.0	115.0	407.0	418.0	339.0	456.0	499.0	379.0	404.0	351.0	324.0	355.0	376.0
60	20150911 13:20:44.876	394.0	753.0	138.0	118.0	182.0	103.0	83.0	164.0	129.0	104.0	116.0	146.0	109.0	159.0	133.0	169.0	102.0	159.0	153.0	119.0	121.0	120.0	139.0	110.0	135.0	136.0	103.0	152.0	145.0	113.0	125.0	102.0	122.0	126.0	153.0	100.0	120.0	116.0	113.0	125.0	82.0	137.0	113.0	142.0	134.0	167.0	107.0	107.0	138.0	119.0	109.0	92.0	161.0	122.0	122.0	801.0	123.0	92.0	151.0	127.0	112.0	126.0	138.0	123.0	105.0	108.0	122.0	122.0	78.0	90.0	124.0	112.0
61	20150910 02:40:19.99	866.0	752.0	158.0	118.0	140.0	139.0	111.0	119.0	138.0	146.0	78.0	141.0	151.0	115.0	134.0	114.0	131.0	138.0	165.0	154.0	179.0	176.0	144.0	181.0	178.0	192.0	146.0	186.0	168.0	395.0	209.0	317.0	389.0	296.0	413.0	182.0	152.0	184.0	142.0	154.0	160.0	210.0	159.0	105.0	369.0	457.0	359.0	330.0	348.0	404.0	388.0	206.0	158.0	186.0	179.0	205.0	147.0	135.0	136.0	169.0	144.0	132.0	157.0	177.0	164.0	174.0	223.0	202.0	244.0	209.0	164.0	211.0
62	20150911 19:15:06.528	1076.0	750.0	170.0	142.0	98.0	113.0	150.0	134.0	114.0	146.0	106.0	125.0	209.0	124.0	110.0	169.0	121.0	173.0	117.0	148.0	139.0	163.0	169.0	188.0	186.0	112.0	147.0	111.0	163.0	165.0	118.0	95.0	107.0	105.0	144.0	144.0	97.0	108.0	182.0	140.0	110.0	129.0	143.0	126.0	120.0	111.0	114.0	115.0	99.0	103.0	126.0	129.0	122.0	122.0	93.0	117.0	314.0	289.0	365.0	313.0	349.0	280.0	368.0	230.0	337.0	362.0	609.0	592.0	505.0	413.0	423.0	388.0
63	20150911 19:15:06.528	1074.0	750.0	134.0	142.0	121.0	124.0	131.0	134.0	99.0	138.0	106.0	113.0	209.0	132.0	87.0	169.0	113.0	137.0	117.0	99.0	155.0	142.0	138.0	188.0	154.0	112.0	147.0	143.0	137.0	181.0	118.0	166.0	101.0	102.0	118.0	144.0	114.0	116.0	156.0	140.0	110.0	129.0	101.0	115.0	165.0	111.0	171.0	115.0	119.0	106.0	108.0	129.0	122.0	117.0	109.0	117.0	319.0	289.0	365.0	266.0	349.0	280.0	368.0	227.0	337.0	362.0	609.0	592.0	514.0	440.0	440.0	500.0
64	20150912 04:38:35.952	1072.0	750.0	134.0	148.0	121.0	124.0	154.0	110.0	145.0	118.0	105.0	113.0	145.0	132.0	160.0	108.0	138.0	137.0	147.0	134.0	155.0	158.0	169.0	104.0	121.0	106.0	121.0	143.0	137.0	205.0	104.0	166.0	101.0	109.0	140.0	187.0	114.0	116.0	109.0	138.0	124.0	118.0	163.0	96.0	165.0	108.0	171.0	122.0	119.0	143.0	120.0	115.0	136.0	159.0	116.0	110.0	319.0	199.0	252.0	231.0	280.0	257.0	264.0	213.0	325.0	328.0	594.0	417.0	514.0	440.0	440.0	500.0
65	20150911 16:54:24.524	1078.0	749.0	115.0	77.0	88.0	125.0	92.0	107.0	102.0	153.0	124.0	146.0	148.0	121.0	110.0	198.0	109.0	209.0	150.0	148.0	104.0	163.0	217.0	117.0	186.0	103.0	119.0	131.0	154.0	117.0	115.0	93.0	116.0	107.0	144.0	121.0	93.0	108.0	182.0	173.0	108.0	163.0	143.0	126.0	160.0	107.0	127.0	140.0	153.0	98.0	126.0	126.0	132.0	147.0	129.0	115.0	342.0	258.0	347.0	313.0	310.0	277.0	273.0	230.0	306.0	366.0	537.0	456.0	456.0	381.0	336.0	388.0
66	20150911 16:54:24.524	1078.0	747.0	127.0	84.0	115.0	126.0	111.0	106.0	103.0	153.0	147.0	158.0	127.0	157.0	95.0	198.0	136.0	131.0	126.0	101.0	121.0	125.0	212.0	117.0	145.0	142.0	141.0	133.0	154.0	151.0	86.0	120.0	125.0	107.0	134.0	121.0	93.0	172.0	121.0	173.0	160.0	116.0	112.0	138.0	160.0	86.0	137.0	140.0	153.0	82.0	78.0	117.0	151.0	132.0	150.0	115.0	358.0	258.0	347.0	313.0	310.0	277.0	292.0	230.0	306.0	366.0	519.0	431.0	435.0	381.0	370.0	391.0
67	20150911 16:54:24.524	1076.0	747.0	127.0	142.0	139.0	126.0	111.0	93.0	129.0	153.0	147.0	106.0	209.0	157.0	90.0	169.0	116.0	131.0	117.0	101.0	121.0	140.0	177.0	137.0	184.0	168.0	147.0	133.0	154.0	151.0	116.0	120.0	125.0	107.0	134.0	93.0	143.0	172.0	133.0	173.0	117.0	116.0	140.0	109.0	160.0	133.0	137.0	118.0	146.0	86.0	137.0	129.0	151.0	148.0	150.0	115.0	369.0	314.0	357.0	313.0	327.0	280.0	368.0	236.0	352.0	366.0	519.0	592.0	514.0	479.0	394.0	393.0
68	20150911 16:54:24.524	1074.0	747.0	143.0	142.0	139.0	111.0	131.0	85.0	129.0	132.0	116.0	118.0	209.0	111.0	176.0	169.0	157.0	151.0	123.0	91.0	146.0	180.0	168.0	137.0	184.0	168.0	147.0	114.0	137.0	181.0	130.0	113.0	221.0	107.0	104.0	97.0	143.0	85.0	133.0	122.0	117.0	86.0	140.0	98.0	138.0	133.0	137.0	118.0	146.0	87.0	137.0	129.0	122.0	148.0	126.0	118.0	369.0	314.0	357.0	311.0	327.0	286.0	368.0	236.0	355.0	362.0	505.0	592.0	519.0	479.0	394.0	479.0
69	20150911 16:54:24.524	1072.0	747.0	143.0	123.0	120.0	111.0	132.0	85.0	121.0	132.0	128.0	121.0	145.0	148.0	176.0	143.0	157.0	151.0	131.0	91.0	146.0	180.0	168.0	101.0	129.0	166.0	112.0	108.0	168.0	205.0	130.0	118.0	221.0	109.0	104.0	127.0	122.0	116.0	109.0	111.0	140.0	121.0	145.0	98.0	123.0	73.0	137.0	115.0	110.0	143.0	136.0	94.0	155.0	140.0	151.0	138.0	319.0	200.0	196.0	230.0	233.0	286.0	278.0	222.0	355.0	328.0	505.0	442.0	519.0	444.0	390.0	479.0
70	20150911 16:54:24.524	1076.0	745.0	127.0	112.0	139.0	126.0	145.0	93.0	138.0	127.0	157.0	115.0	125.0	157.0	88.0	173.0	127.0	181.0	134.0	101.0	121.0	140.0	175.0	168.0	104.0	168.0	123.0	135.0	196.0	151.0	116.0	158.0	125.0	142.0	134.0	108.0	143.0	172.0	127.0	121.0	116.0	116.0	140.0	109.0	173.0	122.0	137.0	118.0	146.0	103.0	137.0	117.0	151.0	132.0	211.0	162.0	369.0	293.0	299.0	265.0	267.0	236.0	292.0	243.0	342.0	330.0	477.0	411.0	514.0	479.0	370.0	391.0
71	20150911 16:54:24.524	1074.0	745.0	143.0	85.0	139.0	67.0	181.0	93.0	138.0	147.0	116.0	118.0	121.0	116.0	115.0	133.0	157.0	136.0	123.0	101.0	146.0	140.0	150.0	168.0	131.0	168.0	123.0	114.0	196.0	144.0	130.0	151.0	221.0	143.0	65.0	108.0	143.0	140.0	121.0	109.0	116.0	123.0	140.0	128.0	173.0	173.0	156.0	124.0	146.0	117.0	137.0	121.0	119.0	155.0	211.0	162.0	369.0	293.0	299.0	265.0	267.0	234.0	238.0	243.0	342.0	330.0	505.0	442.0	514.0	479.0	333.0	437.0
72	20150912 04:38:35.952	855.0	737.0	103.0	168.0	100.0	201.0	136.0	164.0	101.0	164.0	111.0	109.0	130.0	147.0	163.0	138.0	112.0	148.0	138.0	98.0	140.0	139.0	135.0	109.0	149.0	106.0	114.0	153.0	148.0	153.0	149.0	140.0	129.0	159.0	142.0	103.0	119.0	122.0	127.0	116.0	161.0	148.0	118.0	130.0	229.0	210.0	166.0	101.0	101.0	145.0	141.0	126.0	193.0	151.0	167.0	133.0	146.0	154.0	167.0	130.0	119.0	108.0	112.0	203.0	198.0	120.0	270.0	386.0	308.0	346.0	329.0	376.0
73	20150911 13:20:44.876	447.0	693.0	160.0	140.0	74.0	102.0	167.0	154.0	109.0	199.0	170.0	95.0	152.0	123.0	129.0	157.0	118.0	146.0	129.0	88.0	118.0	128.0	132.0	129.0	118.0	148.0	148.0	144.0	143.0	127.0	88.0	188.0	126.0	97.0	162.0	137.0	75.0	128.0	115.0	126.0	139.0	149.0	93.0	116.0	124.0	134.0	110.0	78.0	90.0	95.0	119.0	143.0	83.0	158.0	137.0	579.0	133.0	166.0	107.0	151.0	112.0	148.0	95.0	124.0	102.0	116.0	219.0	153.0	175.0	144.0	159.0	216.0
74	20150911 04:05:08.765	1196.0	687.0	123.0	0.0	0.0	0.0	0.0	0.0	0.0	0.0	0.0	0.0	0.0	0.0	0.0	0.0	0.0	0.0	0.0	0.0	0.0	0.0	0.0	0.0	0.0	0.0	0.0	0.0	0.0	175.0	218.0	306.0	299.0	306.0	340.0	0.0	0.0	0.0	0.0	0.0	0.0	0.0	0.0	0.0	0.0	0.0	0.0	0.0	0.0	4.0	837.0	803.0	0.0	0.0	0.0	0.0	0.0	0.0	0.0	0.0	0.0	0.0	0.0	0.0	0.0	0.0	0.0	0.0	0.0	0.0	0.0	0.0
75	20150911 04:05:08.765	1199.0	686.0	125.0	0.0	0.0	0.0	0.0	0.0	0.0	0.0	0.0	0.0	0.0	0.0	0.0	0.0	0.0	0.0	0.0	0.0	0.0	0.0	0.0	0.0	0.0	0.0	0.0	0.0	0.0	1.0	304.0	293.0	348.0	375.0	358.0	0.0	0.0	0.0	0.0	0.0	0.0	0.0	0.0	0.0	0.0	0.0	0.0	0.0	0.0	0.0	893.0	779.0	0.0	0.0	0.0	0.0	0.0	0.0	0.0	0.0	0.0	0.0	0.0	0.0	0.0	0.0	0.0	0.0	0.0	0.0	0.0	0.0
76	20150911 04:05:08.765	1196.0	685.0	123.0	0.0	0.0	0.0	0.0	0.0	0.0	0.0	0.0	0.0	0.0	0.0	0.0	0.0	0.0	0.0	0.0	0.0	0.0	0.0	0.0	0.0	0.0	0.0	0.0	0.0	0.0	175.0	218.0	306.0	348.0	348.0	378.0	0.0	0.0	0.0	0.0	0.0	0.0	0.0	0.0	0.0	0.0	0.0	0.0	0.0	0.0	5.0	894.0	826.0	0.0	0.0	0.0	0.0	0.0	0.0	0.0	0.0	0.0	0.0	0.0	0.0	0.0	0.0	0.0	0.0	0.0	0.0	0.0	0.0
77	20150911 04:05:08.765	1194.0	685.0	143.0	0.0	0.0	0.0	0.0	0.0	0.0	0.0	0.0	0.0	0.0	0.0	0.0	0.0	0.0	0.0	0.0	0.0	0.0	0.0	0.0	0.0	0.0	0.0	0.0	0.0	0.0	175.0	205.0	306.0	265.0	286.0	333.0	0.0	0.0	0.0	0.0	0.0	0.0	0.0	0.0	0.0	0.0	0.0	0.0	0.0	0.0	17.0	751.0	826.0	0.0	0.0	0.0	0.0	0.0	0.0	0.0	0.0	0.0	0.0	0.0	0.0	0.0	0.0	0.0	0.0	0.0	0.0	0.0	0.0
78	20150911 04:05:08.765	1198.0	683.0	125.0	0.0	0.0	0.0	0.0	0.0	0.0	0.0	0.0	0.0	0.0	0.0	0.0	0.0	0.0	0.0	0.0	0.0	0.0	0.0	0.0	0.0	0.0	0.0	0.0	0.0	0.0	1.0	256.0	350.0	348.0	375.0	378.0	0.0	0.0	0.0	0.0	0.0	0.0	0.0	0.0	0.0	0.0	0.0	0.0	0.0	0.0	1.0	894.0	793.0	0.0	0.0	0.0	0.0	0.0	0.0	0.0	0.0	0.0	0.0	0.0	0.0	0.0	0.0	0.0	0.0	0.0	0.0	0.0	0.0
79	20150911 04:05:08.765	1196.0	683.0	98.0	0.0	0.0	0.0	0.0	0.0	0.0	0.0	0.0	0.0	0.0	0.0	0.0	0.0	0.0	0.0	0.0	0.0	0.0	0.0	0.0	0.0	0.0	0.0	0.0	0.0	0.0	170.0	256.0	235.0	348.0	348.0	378.0	0.0	0.0	0.0	0.0	0.0	0.0	0.0	0.0	0.0	0.0	0.0	0.0	0.0	0.0	7.0	894.0	826.0	0.0	0.0	0.0	0.0	0.0	0.0	0.0	0.0	0.0	0.0	0.0	0.0	0.0	0.0	0.0	0.0	0.0	0.0	0.0	0.0
80	20150911 04:05:08.765	1194.0	683.0	143.0	0.0	0.0	0.0	0.0	0.0	0.0	0.0	0.0	0.0	0.0	0.0	0.0	0.0	0.0	0.0	0.0	0.0	0.0	0.0	0.0	0.0	0.0	0.0	0.0	0.0	0.0	170.0	176.0	195.0	265.0	260.0	336.0	0.0	0.0	0.0	0.0	0.0	0.0	0.0	0.0	0.0	0.0	0.0	0.0	0.0	0.0	21.0	751.0	826.0	0.0	0.0	0.0	0.0	0.0	0.0	0.0	0.0	0.0	0.0	0.0	0.0	0.0	0.0	0.0	0.0	0.0	0.0	0.0	0.0
81	20150910 10:50:48.293	792.0	645.0	172.0	164.0	200.0	215.0	159.0	167.0	185.0	177.0	190.0	151.0	158.0	197.0	152.0	181.0	211.0	145.0	189.0	204.0	159.0	129.0	200.0	186.0	206.0	199.0	138.0	134.0	113.0	169.0	193.0	154.0	149.0	140.0	160.0	385.0	471.0	518.0	361.0	568.0	554.0	536.0	637.0	578.0	498.0	627.0	421.0	499.0	453.0	459.0	564.0	533.0	300.0	300.0	271.0	217.0	506.0	411.0	422.0	413.0	397.0	402.0	397.0	418.0	456.0	453.0	269.0	217.0	207.0	198.0	148.0	175.0
82	20150910 10:50:48.293	789.0	644.0	124.0	144.0	187.0	128.0	121.0	167.0	175.0	114.0	190.0	183.0	202.0	155.0	175.0	230.0	211.0	230.0	189.0	204.0	175.0	142.0	180.0	154.0	158.0	149.0	184.0	162.0	162.0	126.0	193.0	202.0	219.0	200.0	177.0	455.0	521.0	543.0	486.0	626.0	705.0	653.0	674.0	641.0	550.0	645.0	529.0	519.0	553.0	580.0	606.0	619.0	390.0	372.0	298.0	278.0	615.0	567.0	568.0	596.0	593.0	417.0	592.0	554.0	571.0	675.0	293.0	275.0	294.0	209.0	186.0	225.0
83	20150910 10:50:48.293	792.0	642.0	123.0	191.0	215.0	154.0	187.0	167.0	185.0	182.0	213.0	183.0	177.0	220.0	177.0	230.0	158.0	179.0	198.0	157.0	196.0	181.0	289.0	198.0	246.0	250.0	144.0	193.0	188.0	197.0	230.0	203.0	219.0	228.0	261.0	427.0	494.0	519.0	479.0	626.0	584.0	590.0	637.0	578.0	550.0	627.0	501.0	499.0	486.0	483.0	564.0	533.0	419.0	346.0	289.0	353.0	624.0	553.0	619.0	553.0	616.0	417.0	579.0	554.0	484.0	598.0	300.0	300.0	298.0	209.0	199.0	224.0
84	20150910 10:50:48.293	789.0	642.0	118.0	261.0	215.0	129.0	121.0	167.0	159.0	174.0	190.0	183.0	136.0	204.0	177.0	230.0	158.0	230.0	189.0	154.0	196.0	156.0	180.0	175.0	158.0	250.0	184.0	162.0	188.0	144.0	193.0	202.0	219.0	200.0	202.0	455.0	521.0	543.0	486.0	626.0	705.0	653.0	674.0	641.0	550.0	645.0	529.0	519.0	553.0	580.0	606.0	619.0	419.0	372.0	311.0	353.0	624.0	567.0	619.0	596.0	616.0	417.0	592.0	554.0	595.0	675.0	300.0	300.0	298.0	301.0	225.0	245.0
85	20150910 10:50:48.293	787.0	642.0	144.0	164.0	194.0	129.0	104.0	134.0	169.0	146.0	189.0	150.0	127.0	155.0	156.0	213.0	191.0	230.0	167.0	135.0	139.0	133.0	151.0	181.0	181.0	134.0	184.0	146.0	151.0	129.0	152.0	195.0	168.0	213.0	148.0	423.0	502.0	427.0	486.0	475.0	564.0	614.0	537.0	562.0	523.0	608.0	529.0	485.0	553.0	580.0	546.0	537.0	283.0	290.0	302.0	255.0	546.0	403.0	457.0	480.0	496.0	345.0	511.0	435.0	515.0	533.0	254.0	255.0	294.0	301.0	189.0	245.0
86	20150910 10:50:48.293	791.0	640.0	150.0	261.0	215.0	154.0	187.0	149.0	143.0	174.0	197.0	194.0	177.0	204.0	177.0	178.0	137.0	160.0	185.0	189.0	208.0	156.0	189.0	198.0	216.0	250.0	144.0	193.0	250.0	197.0	230.0	203.0	217.0	228.0	264.0	405.0	457.0	488.0	479.0	557.0	568.0	562.0	521.0	557.0	538.0	525.0	447.0	440.0	486.0	450.0	497.0	374.0	419.0	310.0	311.0	353.0	624.0	519.0	619.0	555.0	616.0	424.0	591.0	495.0	595.0	620.0	300.0	300.0	298.0	233.0	225.0	241.0
87	20150910 10:50:48.293	789.0	640.0	94.0	261.0	215.0	129.0	156.0	149.0	157.0	174.0	197.0	194.0	129.0	204.0	177.0	176.0	132.0	194.0	185.0	189.0	204.0	170.0	140.0	175.0	148.0	250.0	151.0	178.0	188.0	177.0	172.0	161.0	196.0	178.0	202.0	386.0	457.0	411.0	479.0	557.0	568.0	471.0	442.0	534.0	446.0	525.0	427.0	431.0	486.0	464.0	478.0	374.0	419.0	283.0	311.0	353.0	624.0	519.0	619.0	555.0	616.0	393.0	591.0	495.0	595.0	620.0	300.0	300.0	298.0	301.0	237.0	245.0
88	20150911 12:10:28.716	567.0	609.0	123.0	125.0	137.0	125.0	100.0	125.0	160.0	169.0	160.0	196.0	163.0	119.0	138.0	146.0	174.0	135.0	156.0	95.0	133.0	167.0	136.0	174.0	127.0	123.0	96.0	171.0	109.0	114.0	141.0	106.0	137.0	122.0	85.0	106.0	138.0	161.0	116.0	107.0	141.0	128.0	93.0	89.0	124.0	95.0	165.0	115.0	123.0	136.0	138.0	150.0	195.0	186.0	635.0	232.0	167.0	128.0	123.0	109.0	111.0	109.0	130.0	134.0	149.0	90.0	241.0	231.0	223.0	270.0	228.0	288.0
89	20150911 13:20:44.876	571.0	602.0	121.0	116.0	93.0	130.0	130.0	110.0	95.0	158.0	132.0	105.0	160.0	166.0	166.0	131.0	136.0	141.0	115.0	110.0	94.0	148.0	177.0	155.0	115.0	218.0	147.0	128.0	157.0	125.0	135.0	118.0	156.0	134.0	84.0	113.0	106.0	100.0	127.0	177.0	96.0	158.0	90.0	115.0	94.0	108.0	79.0	105.0	118.0	137.0	132.0	95.0	137.0	113.0	288.0	819.0	123.0	115.0	146.0	99.0	127.0	120.0	121.0	158.0	136.0	81.0	151.0	180.0	189.0	155.0	191.0	186.0
90	20150910 22:20:37.146	872.0	605.0	139.0	161.0	176.0	181.0	183.0	152.0	134.0	200.0	191.0	149.0	206.0	146.0	169.0	146.0	132.0	164.0	111.0	163.0	172.0	120.0	161.0	155.0	158.0	162.0	216.0	151.0	156.0	172.0	178.0	121.0	136.0	88.0	136.0	156.0	210.0	212.0	191.0	287.0	272.0	320.0	280.0	337.0	529.0	977.0	777.0	638.0	655.0	596.0	677.0	460.0	459.0	399.0	344.0	376.0	480.0	641.0	580.0	579.0	451.0	561.0	579.0	624.0	390.0	435.0	398.0	269.0	259.0	258.0	204.0	192.0
91	20150910 21:11:42.367	870.0	605.0	175.0	178.0	176.0	168.0	183.0	151.0	222.0	200.0	204.0	149.0	176.0	197.0	169.0	140.0	171.0	164.0	116.0	132.0	166.0	156.0	183.0	187.0	132.0	199.0	216.0	198.0	156.0	172.0	178.0	142.0	142.0	142.0	169.0	156.0	210.0	199.0	191.0	217.0	272.0	293.0	280.0	337.0	513.0	849.0	749.0	537.0	598.0	536.0	551.0	460.0	354.0	326.0	344.0	336.0	382.0	630.0	494.0	424.0	355.0	476.0	450.0	509.0	390.0	338.0	363.0	230.0	190.0	258.0	205.0	184.0
92	20150910 21:11:42.367	874.0	603.0	139.0	159.0	170.0	181.0	99.0	187.0	142.0	151.0	190.0	137.0	203.0	146.0	169.0	151.0	132.0	164.0	194.0	163.0	128.0	133.0	184.0	146.0	158.0	150.0	150.0	151.0	181.0	143.0	138.0	126.0	177.0	132.0	100.0	202.0	220.0	212.0	191.0	287.0	239.0	320.0	250.0	321.0	540.0	977.0	777.0	638.0	655.0	596.0	677.0	442.0	459.0	399.0	339.0	412.0	494.0	730.0	596.0	593.0	478.0	639.0	605.0	659.0	598.0	481.0	410.0	269.0	259.0	197.0	187.0	192.0
93	20150910 22:20:37.146	872.0	603.0	139.0	159.0	179.0	181.0	183.0	152.0	142.0	200.0	190.0	149.0	203.0	146.0	169.0	151.0	132.0	264.0	112.0	163.0	128.0	141.0	142.0	154.0	158.0	146.0	145.0	151.0	162.0	161.0	178.0	180.0	136.0	132.0	122.0	202.0	220.0	228.0	191.0	287.0	272.0	320.0	280.0	337.0	540.0	977.0	777.0	638.0	655.0	596.0	677.0	472.0	459.0	399.0	344.0	412.0	494.0	730.0	596.0	593.0	478.0	639.0	605.0	659.0	598.0	544.0	410.0	269.0	275.0	277.0	254.0	209.0
94	20150910 21:11:42.367	870.0	603.0	125.0	138.0	179.0	168.0	183.0	143.0	139.0	200.0	204.0	149.0	176.0	147.0	159.0	145.0	112.0	264.0	105.0	179.0	166.0	156.0	183.0	187.0	132.0	158.0	155.0	115.0	162.0	161.0	178.0	180.0	142.0	120.0	127.0	156.0	210.0	228.0	191.0	224.0	272.0	293.0	280.0	337.0	513.0	849.0	749.0	537.0	598.0	536.0	551.0	472.0	354.0	326.0	344.0	336.0	397.0	630.0	509.0	424.0	445.0	534.0	538.0	509.0	438.0	544.0	387.0	255.0	275.0	277.0	254.0	275.0
95	20150910 21:11:42.367	872.0	601.0	114.0	159.0	179.0	157.0	165.0	159.0	169.0	168.0	153.0	148.0	163.0	149.0	144.0	151.0	153.0	264.0	138.0	172.0	175.0	141.0	182.0	154.0	153.0	112.0	125.0	150.0	162.0	161.0	128.0	180.0	137.0	132.0	111.0	202.0	220.0	228.0	184.0	251.0	182.0	270.0	250.0	273.0	540.0	753.0	611.0	484.0	601.0	427.0	546.0	472.0	392.0	326.0	339.0	412.0	494.0	730.0	596.0	593.0	478.0	639.0	605.0	659.0	598.0	544.0	410.0	255.0	275.0	277.0	254.0	209.0
96	20150910 23:29:30.294	549.0	597.0	146.0	234.0	197.0	157.0	187.0	189.0	214.0	235.0	237.0	150.0	181.0	169.0	174.0	176.0	192.0	244.0	255.0	234.0	191.0	178.0	167.0	179.0	181.0	196.0	178.0	197.0	188.0	229.0	210.0	222.0	200.0	236.0	199.0	205.0	305.0	289.0	294.0	285.0	325.0	277.0	295.0	283.0	330.0	396.0	436.0	439.0	574.0	676.0	579.0	538.0	552.0	485.0	444.0	446.0	562.0	725.0	562.0	589.0	480.0	630.0	543.0	529.0	459.0	443.0	474.0	262.0	277.0	234.0	277.0	235.0
97	20150912 04:38:35.952	1018.0	596.0	114.0	102.0	164.0	91.0	108.0	142.0	95.0	130.0	121.0	129.0	143.0	128.0	164.0	136.0	143.0	119.0	172.0	132.0	118.0	141.0	133.0	144.0	128.0	148.0	99.0	110.0	139.0	135.0	113.0	139.0	120.0	172.0	111.0	139.0	112.0	161.0	121.0	120.0	99.0	136.0	116.0	109.0	149.0	98.0	151.0	110.0	120.0	88.0	125.0	127.0	135.0	128.0	119.0	108.0	141.0	146.0	136.0	164.0	186.0	147.0	133.0	179.0	170.0	140.0	1038.0	987.0	1005.0	838.0	634.0	697.0
98	20150912 04:38:35.952	1015.0	596.0	132.0	111.0	116.0	116.0	145.0	164.0	138.0	151.0	76.0	146.0	131.0	109.0	161.0	112.0	120.0	136.0	143.0	113.0	121.0	113.0	153.0	107.0	120.0	113.0	100.0	113.0	132.0	153.0	127.0	138.0	96.0	121.0	155.0	111.0	125.0	130.0	110.0	109.0	84.0	136.0	101.0	125.0	153.0	109.0	179.0	123.0	120.0	102.0	99.0	63.0	152.0	128.0	101.0	138.0	164.0	172.0	168.0	178.0	169.0	143.0	107.0	131.0	170.0	133.0	1056.0	1081.0	1042.0	838.0	624.0	797.0
99	20150912 04:38:35.952	1020.0	593.0	130.0	112.0	116.0	138.0	132.0	137.0	160.0	142.0	137.0	130.0	150.0	152.0	121.0	150.0	135.0	117.0	119.0	109.0	113.0	136.0	123.0	159.0	113.0	225.0	126.0	156.0	130.0	125.0	169.0	139.0	154.0	110.0	151.0	211.0	127.0	140.0	110.0	135.0	119.0	125.0	107.0	93.0	131.0	129.0	113.0	108.0	104.0	164.0	141.0	130.0	122.0	115.0	103.0	120.0	117.0	118.0	158.0	172.0	116.0	140.0	148.0	151.0	150.0	168.0	1107.0	1091.0	1016.0	805.0	826.0	784.0
100	20150912 04:38:35.952	1018.0	592.0	113.0	128.0	181.0	138.0	136.0	111.0	139.0	82.0	133.0	114.0	150.0	152.0	106.0	146.0	121.0	143.0	93.0	132.0	135.0	99.0	174.0	159.0	159.0	225.0	126.0	156.0	130.0	125.0	169.0	144.0	159.0	143.0	151.0	211.0	127.0	102.0	92.0	100.0	119.0	125.0	107.0	115.0	112.0	115.0	108.0	108.0	104.0	164.0	141.0	125.0	122.0	129.0	132.0	144.0	141.0	160.0	158.0	172.0	129.0	132.0	148.0	150.0	150.0	168.0	1212.0	1269.0	1076.0	1000.0	1065.0	1105.0
101	20150912 04:38:35.952	1015.0	594.0	74.0	128.0	116.0	96.0	110.0	142.0	138.0	189.0	153.0	146.0	159.0	116.0	112.0	112.0	114.0	136.0	143.0	115.0	121.0	113.0	153.0	129.0	126.0	113.0	115.0	118.0	132.0	122.0	127.0	138.0	159.0	121.0	90.0	111.0	124.0	130.0	110.0	109.0	141.0	136.0	101.0	125.0	81.0	96.0	179.0	138.0	98.0	102.0	139.0	99.0	134.0	128.0	90.0	144.0	164.0	172.0	160.0	178.0	169.0	143.0	177.0	131.0	170.0	135.0	1087.0	1158.0	1178.0	1030.0	839.0	1118.0
102	20150912 04:38:35.952	1012.0	593.0	120.0	101.0	142.0	103.0	112.0	167.0	169.0	125.0	153.0	159.0	194.0	131.0	157.0	137.0	105.0	158.0	143.0	113.0	149.0	146.0	145.0	129.0	136.0	112.0	139.0	129.0	93.0	94.0	127.0	161.0	135.0	115.0	146.0	109.0	113.0	125.0	85.0	116.0	90.0	93.0	133.0	128.0	100.0	88.0	135.0	94.0	122.0	102.0	139.0	109.0	134.0	155.0	132.0	137.0	164.0	179.0	161.0	143.0	120.0	127.0	168.0	111.0	160.0	176.0	981.0	1000.0	1004.0	895.0	897.0	975.0
103	20150911 12:10:28.716	557.0	591.0	119.0	134.0	125.0	155.0	156.0	162.0	111.0	114.0	173.0	153.0	158.0	112.0	174.0	113.0	132.0	113.0	137.0	143.0	148.0	139.0	147.0	132.0	107.0	169.0	93.0	196.0	146.0	154.0	184.0	121.0	174.0	129.0	121.0	134.0	144.0	137.0	127.0	143.0	107.0	148.0	163.0	140.0	134.0	142.0	135.0	200.0	158.0	181.0	145.0	128.0	194.0	100.0	339.0	496.0	168.0	156.0	159.0	196.0	197.0	148.0	171.0	170.0	140.0	164.0	206.0	89.0	99.0	113.0	117.0	96.0
104	20150910 07:21:27.567	21.0	590.0	0.0	182.0	183.0	154.0	146.0	203.0	106.0	190.0	185.0	181.0	231.0	177.0	182.0	181.0	190.0	178.0	148.0	208.0	223.0	229.0	188.0	200.0	158.0	222.0	138.0	169.0	210.0	227.0	288.0	295.0	208.0	351.0	233.0	261.0	279.0	318.0	288.0	322.0	338.0	384.0	290.0	345.0	374.0	428.0	565.0	333.0	418.0	422.0	454.0	475.0	531.0	459.0	443.0	388.0	535.0	699.0	578.0	588.0	492.0	598.0	529.0	665.0	538.0	473.0	466.0	398.0	472.0	256.0	268.0	276.0
105	20150912 04:38:35.952	1015.0	590.0	156.0	103.0	181.0	131.0	123.0	116.0	118.0	193.0	142.0	121.0	103.0	116.0	84.0	129.0	177.0	121.0	166.0	153.0	135.0	146.0	115.0	138.0	169.0	169.0	98.0	146.0	108.0	182.0	140.0	144.0	167.0	138.0	145.0	125.0	117.0	94.0	169.0	88.0	128.0	152.0	129.0	145.0	100.0	95.0	109.0	104.0	101.0	133.0	123.0	162.0	139.0	123.0	132.0	114.0	128.0	164.0	166.0	169.0	121.0	85.0	111.0	167.0	149.0	162.0	1169.0	1219.0	1183.0	1096.0	1065.0	1075.0
106	20150912 04:38:35.952	1013.0	590.0	156.0	103.0	121.0	130.0	123.0	116.0	122.0	193.0	142.0	121.0	118.0	79.0	157.0	137.0	103.0	138.0	166.0	138.0	112.0	146.0	128.0	124.0	169.0	169.0	123.0	129.0	112.0	122.0	140.0	181.0	167.0	138.0	143.0	125.0	117.0	156.0	126.0	106.0	128.0	152.0	129.0	128.0	108.0	151.0	132.0	106.0	157.0	133.0	137.0	145.0	139.0	161.0	132.0	114.0	128.0	179.0	199.0	169.0	148.0	116.0	117.0	159.0	165.0	162.0	1055.0	1122.0	1082.0	1000.0	1017.0	1004.0
107	20150912 04:38:35.952	1020.0	590.0	149.0	133.0	135.0	104.0	121.0	122.0	139.0	110.0	101.0	114.0	161.0	105.0	103.0	184.0	133.0	178.0	150.0	150.0	102.0	121.0	174.0	159.0	159.0	176.0	141.0	155.0	127.0	105.0	169.0	116.0	139.0	117.0	151.0	159.0	148.0	118.0	110.0	144.0	119.0	119.0	120.0	117.0	106.0	99.0	113.0	82.0	106.0	126.0	141.0	125.0	103.0	129.0	133.0	131.0	207.0	208.0	169.0	172.0	144.0	158.0	131.0	150.0	126.0	121.0	1125.0	1098.0	1016.0	885.0	906.0	897.0
108	20150911 12:10:28.716	567.0	590.0	89.0	125.0	158.0	95.0	114.0	150.0	137.0	100.0	166.0	86.0	118.0	162.0	119.0	128.0	177.0	136.0	202.0	120.0	112.0	172.0	119.0	159.0	133.0	239.0	148.0	124.0	158.0	166.0	110.0	129.0	120.0	130.0	135.0	93.0	115.0	123.0	117.0	101.0	121.0	163.0	100.0	126.0	98.0	114.0	136.0	94.0	140.0	73.0	110.0	82.0	182.0	240.0	253.0	431.0	102.0	111.0	109.0	129.0	143.0	154.0	135.0	110.0	128.0	144.0	155.0	86.0	150.0	110.0	87.0	118.0
109	20150912 04:38:35.952	1020.0	587.0	145.0	133.0	135.0	138.0	182.0	131.0	149.0	108.0	193.0	114.0	161.0	148.0	124.0	141.0	159.0	152.0	136.0	150.0	144.0	125.0	115.0	190.0	148.0	141.0	117.0	144.0	184.0	105.0	132.0	120.0	99.0	115.0	160.0	124.0	121.0	110.0	133.0	144.0	131.0	123.0	143.0	91.0	162.0	154.0	117.0	127.0	128.0	123.0	116.0	90.0	123.0	110.0	143.0	140.0	272.0	295.0	313.0	324.0	297.0	261.0	264.0	265.0	232.0	185.0	1183.0	1170.0	994.0	930.0	956.0	897.0
110	20150912 04:38:35.952	1018.0	587.0	145.0	113.0	135.0	138.0	182.0	140.0	146.0	108.0	137.0	114.0	93.0	148.0	124.0	117.0	165.0	152.0	150.0	150.0	144.0	137.0	139.0	190.0	214.0	141.0	137.0	125.0	116.0	105.0	132.0	124.0	109.0	141.0	160.0	97.0	115.0	94.0	114.0	144.0	131.0	123.0	143.0	145.0	162.0	154.0	117.0	101.0	128.0	123.0	116.0	162.0	168.0	121.0	144.0	131.0	269.0	325.0	313.0	324.0	297.0	261.0	264.0	270.0	232.0	217.0	1183.0	1170.0	1072.0	930.0	1027.0	1023.0
111	20150912 04:38:35.952	1015.0	587.0	156.0	102.0	125.0	127.0	119.0	140.0	109.0	171.0	137.0	138.0	92.0	92.0	92.0	171.0	113.0	121.0	128.0	134.0	128.0	111.0	148.0	170.0	214.0	192.0	137.0	125.0	133.0	182.0	141.0	110.0	167.0	222.0	145.0	96.0	162.0	98.0	102.0	134.0	176.0	117.0	109.0	145.0	109.0	97.0	152.0	84.0	101.0	133.0	94.0	162.0	151.0	171.0	115.0	131.0	237.0	249.0	250.0	194.0	200.0	235.0	201.0	244.0	185.0	217.0	1222.0	1108.0	1172.0	1000.0	986.0	1031.0
112	20150912 04:38:35.952	1013.0	587.0	156.0	102.0	101.0	151.0	154.0	173.0	109.0	171.0	141.0	138.0	113.0	132.0	102.0	143.0	113.0	100.0	109.0	138.0	142.0	146.0	151.0	137.0	142.0	192.0	112.0	125.0	132.0	121.0	141.0	101.0	167.0	142.0	131.0	96.0	162.0	127.0	103.0	137.0	176.0	170.0	100.0	126.0	134.0	104.0	152.0	114.0	117.0	133.0	137.0	88.0	151.0	171.0	121.0	115.0	145.0	236.0	163.0	169.0	134.0	173.0	170.0	220.0	154.0	189.0	1151.0	1037.0	1091.0	1000.0	964.0	996.0
113	20150912 04:38:35.952	1011.0	586.0	132.0	100.0	117.0	163.0	154.0	173.0	149.0	130.0	141.0	132.0	142.0	132.0	123.0	153.0	94.0	116.0	128.0	159.0	142.0	162.0	151.0	197.0	142.0	134.0	72.0	124.0	128.0	135.0	157.0	105.0	103.0	142.0	140.0	143.0	111.0	127.0	103.0	137.0	124.0	170.0	165.0	97.0	134.0	155.0	119.0	154.0	147.0	107.0	135.0	88.0	145.0	168.0	134.0	132.0	136.0	143.0	163.0	154.0	119.0	173.0	175.0	220.0	144.0	199.0	850.0	1030.0	1004.0	911.0	908.0	839.0
114	20150911 13:20:44.876	560.0	586.0	101.0	120.0	118.0	129.0	97.0	201.0	120.0	155.0	164.0	124.0	112.0	135.0	143.0	79.0	136.0	216.0	120.0	140.0	100.0	147.0	147.0	164.0	140.0	194.0	91.0	128.0	127.0	170.0	156.0	123.0	94.0	167.0	98.0	141.0	120.0	113.0	130.0	96.0	143.0	103.0	109.0	84.0	176.0	122.0	119.0	165.0	107.0	168.0	97.0	144.0	198.0	171.0	207.0	462.0	98.0	122.0	162.0	131.0	130.0	153.0	118.0	111.0	116.0	143.0	156.0	117.0	99.0	108.0	77.0	80.0
115	20150911 16:54:24.524	1018.0	584.0	109.0	110.0	158.0	114.0	122.0	119.0	108.0	133.0	137.0	100.0	146.0	204.0	76.0	147.0	132.0	152.0	141.0	131.0	165.0	101.0	139.0	196.0	214.0	130.0	137.0	109.0	116.0	165.0	138.0	124.0	127.0	115.0	161.0	83.0	111.0	111.0	102.0	115.0	90.0	96.0	136.0	133.0	91.0	91.0	117.0	107.0	128.0	126.0	114.0	98.0	183.0	155.0	119.0	150.0	671.0	481.0	639.0	571.0	609.0	437.0	609.0	397.0	606.0	640.0	1108.0	1077.0	946.0	912.0	1027.0	901.0
116	20150912 03:28:05.464	1015.0	584.0	109.0	128.0	158.0	127.0	149.0	116.0	125.0	98.0	137.0	118.0	155.0	120.0	122.0	173.0	132.0	96.0	154.0	177.0	107.0	108.0	129.0	153.0	214.0	130.0	137.0	173.0	133.0	120.0	153.0	111.0	164.0	108.0	161.0	113.0	106.0	98.0	148.0	120.0	124.0	132.0	124.0	160.0	95.0	112.0	152.0	107.0	95.0	128.0	113.0	78.0	183.0	155.0	95.0	133.0	406.0	379.0	511.0	379.0	385.0	384.0	477.0	457.0	523.0	631.0	1151.0	1037.0	1104.0	988.0	986.0	933.0
117	20150912 04:38:35.952	1013.0	584.0	153.0	128.0	117.0	107.0	154.0	123.0	125.0	93.0	141.0	132.0	155.0	120.0	122.0	113.0	179.0	100.0	154.0	160.0	107.0	109.0	138.0	99.0	142.0	130.0	86.0	124.0	145.0	120.0	157.0	101.0	164.0	142.0	130.0	139.0	116.0	81.0	148.0	142.0	146.0	140.0	138.0	160.0	134.0	112.0	152.0	119.0	139.0	128.0	113.0	123.0	151.0	159.0	95.0	133.0	152.0	236.0	242.0	282.0	184.0	284.0	354.0	253.0	423.0	388.0	1151.0	1037.0	1013.0	904.0	908.0	863.0
118	20150912 04:38:35.952	1011.0	584.0	153.0	100.0	117.0	163.0	154.0	139.0	149.0	130.0	141.0	132.0	142.0	113.0	102.0	159.0	179.0	109.0	128.0	159.0	89.0	162.0	138.0	122.0	179.0	134.0	94.0	124.0	145.0	124.0	157.0	128.0	110.0	142.0	140.0	143.0	116.0	171.0	96.0	142.0	146.0	140.0	138.0	101.0	134.0	126.0	130.0	119.0	147.0	134.0	135.0	123.0	145.0	209.0	135.0	132.0	135.0	143.0	134.0	157.0	117.0	230.0	197.0	250.0	160.0	199.0	749.0	886.0	750.0	857.0	908.0	835.0
119	20150911 16:54:24.524	1017.0	580.0	132.0	148.0	140.0	120.0	113.0	121.0	178.0	136.0	120.0	110.0	125.0	149.0	150.0	123.0	138.0	137.0	105.0	138.0	136.0	92.0	118.0	129.0	126.0	202.0	129.0	132.0	162.0	130.0	119.0	100.0	117.0	123.0	115.0	111.0	97.0	138.0	124.0	131.0	128.0	162.0	198.0	143.0	158.0	110.0	113.0	121.0	181.0	121.0	94.0	128.0	134.0	118.0	144.0	123.0	685.0	522.0	785.0	638.0	726.0	503.0	753.0	526.0	732.0	800.0	545.0	805.0	634.0	710.0	800.0	677.0
120	20150911 19:15:06.528	1015.0	581.0	125.0	113.0	156.0	121.0	149.0	139.0	94.0	156.0	120.0	110.0	155.0	179.0	176.0	173.0	134.0	146.0	112.0	161.0	124.0	149.0	118.0	134.0	121.0	129.0	129.0	132.0	150.0	130.0	153.0	144.0	164.0	161.0	161.0	111.0	158.0	137.0	88.0	131.0	126.0	162.0	136.0	143.0	125.0	151.0	134.0	121.0	181.0	137.0	116.0	128.0	136.0	165.0	114.0	132.0	414.0	379.0	516.0	440.0	417.0	496.0	753.0	410.0	711.0	771.0	650.0	882.0	723.0	747.0	833.0	755.0
121	20150910 02:40:19.99	954.0	484.0	159.0	181.0	173.0	167.0	135.0	170.0	177.0	244.0	164.0	133.0	193.0	218.0	202.0	275.0	195.0	209.0	178.0	229.0	176.0	211.0	231.0	256.0	328.0	256.0	234.0	235.0	249.0	468.0	446.0	415.0	414.0	329.0	547.0	521.0	398.0	456.0	455.0	531.0	492.0	563.0	590.0	554.0	368.0	456.0	441.0	417.0	497.0	475.0	506.0	485.0	251.0	192.0	230.0	208.0	382.0	454.0	416.0	440.0	422.0	321.0	427.0	390.0	414.0	452.0	204.0	181.0	180.0	178.0	264.0	160.0
122	20150910 02:40:19.99	956.0	483.0	159.0	181.0	229.0	145.0	183.0	181.0	191.0	244.0	175.0	233.0	196.0	192.0	194.0	275.0	195.0	212.0	292.0	208.0	211.0	220.0	275.0	210.0	328.0	256.0	240.0	235.0	321.0	513.0	446.0	447.0	444.0	384.0	547.0	521.0	412.0	456.0	523.0	531.0	606.0	567.0	590.0	554.0	493.0	456.0	540.0	464.0	552.0	475.0	521.0	485.0	350.0	264.0	313.0	266.0	511.0	470.0	497.0	463.0	490.0	399.0	575.0	420.0	504.0	576.0	201.0	206.0	280.0	180.0	268.0	212.0
123	20150910 02:40:19.99	954.0	482.0	132.0	176.0	173.0	167.0	174.0	164.0	193.0	244.0	164.0	233.0	198.0	245.0	202.0	177.0	223.0	209.0	292.0	199.0	217.0	266.0	275.0	256.0	328.0	229.0	234.0	188.0	321.0	513.0	451.0	432.0	444.0	384.0	547.0	521.0	403.0	456.0	523.0	531.0	606.0	567.0	590.0	554.0	493.0	456.0	540.0	458.0	552.0	475.0	521.0	485.0	346.0	264.0	282.0	269.0	457.0	454.0	486.0	482.0	505.0	407.0	575.0	397.0	574.0	576.0	273.0	293.0	260.0	212.0	292.0	292.0
124	20150910 02:40:19.99	959.0	481.0	175.0	158.0	176.0	128.0	183.0	128.0	191.0	159.0	174.0	193.0	188.0	190.0	121.0	144.0	187.0	210.0	179.0	176.0	211.0	194.0	224.0	233.0	178.0	230.0	182.0	249.0	205.0	328.0	327.0	418.0	323.0	315.0	333.0	308.0	374.0	313.0	369.0	378.0	443.0	440.0	450.0	402.0	398.0	406.0	378.0	360.0	381.0	352.0	335.0	336.0	330.0	211.0	276.0	266.0	445.0	413.0	435.0	460.0	367.0	318.0	399.0	398.0	335.0	424.0	210.0	231.0	235.0	94.0	163.0	172.0
125	20150910 02:40:19.99	956.0	481.0	132.0	176.0	178.0	161.0	183.0	246.0	191.0	244.0	169.0	233.0	195.0	245.0	194.0	186.0	223.0	202.0	292.0	208.0	226.0	247.0	283.0	232.0	328.0	178.0	240.0	226.0	321.0	513.0	420.0	447.0	444.0	384.0	547.0	521.0	412.0	456.0	523.0	531.0	606.0	567.0	590.0	519.0	493.0	456.0	540.0	464.0	552.0	475.0	521.0	485.0	350.0	264.0	313.0	269.0	511.0	470.0	497.0	485.0	528.0	407.0	575.0	445.0	574.0	576.0	273.0	333.0	318.0	254.0	268.0	289.0
126	20150910 02:40:19.99	956.0	479.0	160.0	176.0	178.0	161.0	174.0	246.0	182.0	175.0	169.0	179.0	195.0	245.0	194.0	179.0	233.0	202.0	195.0	197.0	226.0	247.0	283.0	250.0	256.0	177.0	195.0	226.0	286.0	381.0	410.0	432.0	342.0	377.0	426.0	355.0	313.0	386.0	360.0	419.0	519.0	468.0	451.0	415.0	388.0	434.0	506.0	400.0	471.0	387.0	414.0	386.0	336.0	251.0	284.0	269.0	467.0	441.0	466.0	485.0	528.0	407.0	450.0	445.0	574.0	575.0	273.0	333.0	318.0	254.0	229.0	289.0
127	20150910 02:40:19.99	954.0	479.0	160.0	212.0	184.0	166.0	174.0	184.0	193.0	193.0	197.0	179.0	198.0	245.0	194.0	191.0	223.0	202.0	195.0	197.0	174.0	191.0	215.0	212.0	194.0	174.0	161.0	222.0	286.0	381.0	352.0	432.0	342.0	324.0	364.0	355.0	324.0	366.0	356.0	419.0	519.0	446.0	451.0	404.0	373.0	409.0	506.0	400.0	471.0	387.0	414.0	373.0	336.0	239.0	282.0	269.0	457.0	441.0	466.0	482.0	505.0	407.0	450.0	445.0	574.0	575.0	273.0	333.0	318.0	254.0	230.0	312.0
128	20150909 23:09:14.797	1159.0	446.0	114.0	0.0	0.0	0.0	0.0	0.0	0.0	0.0	0.0	0.0	0.0	0.0	0.0	0.0	0.0	0.0	0.0	0.0	0.0	0.0	0.0	0.0	0.0	0.0	762.0	715.0	835.0	851.0	806.0	803.0	783.0	834.0	774.0	0.0	0.0	0.0	0.0	0.0	0.0	0.0	0.0	0.0	0.0	39.0	890.0	878.0	856.0	770.0	916.0	826.0	0.0	0.0	0.0	0.0	0.0	0.0	0.0	0.0	0.0	0.0	0.0	0.0	0.0	0.0	0.0	0.0	0.0	0.0	0.0	0.0
129	20150909 23:09:14.797	1157.0	446.0	163.0	0.0	0.0	0.0	0.0	0.0	0.0	0.0	0.0	0.0	0.0	0.0	0.0	0.0	0.0	0.0	0.0	0.0	0.0	0.0	0.0	0.0	0.0	0.0	696.0	715.0	835.0	745.0	760.0	748.0	783.0	834.0	774.0	0.0	0.0	0.0	0.0	0.0	0.0	0.0	0.0	0.0	0.0	377.0	866.0	802.0	851.0	770.0	916.0	826.0	0.0	0.0	0.0	0.0	0.0	0.0	0.0	0.0	0.0	0.0	0.0	0.0	0.0	0.0	0.0	0.0	0.0	0.0	0.0	0.0
130	20150909 23:09:14.797	1160.0	443.0	146.0	0.0	0.0	0.0	0.0	0.0	0.0	0.0	0.0	0.0	0.0	0.0	0.0	0.0	0.0	0.0	0.0	0.0	0.0	0.0	0.0	0.0	0.0	0.0	790.0	873.0	864.0	851.0	809.0	803.0	783.0	834.0	774.0	0.0	0.0	0.0	0.0	0.0	0.0	0.0	0.0	0.0	0.0	8.0	890.0	878.0	895.0	900.0	988.0	826.0	0.0	0.0	0.0	0.0	0.0	0.0	0.0	0.0	0.0	0.0	0.0	0.0	0.0	0.0	0.0	0.0	0.0	0.0	0.0	0.0
131	20150909 23:09:14.797	1157.0	443.0	182.0	0.0	0.0	0.0	0.0	0.0	0.0	0.0	0.0	0.0	0.0	0.0	0.0	0.0	0.0	0.0	0.0	0.0	0.0	0.0	0.0	0.0	0.0	0.0	790.0	824.0	835.0	801.0	760.0	799.0	826.0	834.0	774.0	0.0	0.0	0.0	0.0	0.0	0.0	0.0	0.0	0.0	0.0	441.0	881.0	863.0	851.0	900.0	988.0	826.0	0.0	0.0	0.0	0.0	0.0	0.0	0.0	0.0	0.0	0.0	0.0	0.0	0.0	0.0	0.0	0.0	0.0	0.0	0.0	0.0
132	20150911 09:49:51.291	935.0	440.0	140.0	139.0	147.0	144.0	155.0	171.0	119.0	167.0	141.0	156.0	168.0	158.0	169.0	129.0	168.0	193.0	183.0	132.0	186.0	132.0	187.0	204.0	143.0	162.0	193.0	121.0	141.0	109.0	185.0	160.0	189.0	103.0	142.0	164.0	132.0	145.0	165.0	156.0	148.0	164.0	161.0	164.0	136.0	130.0	152.0	151.0	192.0	158.0	187.0	172.0	441.0	399.0	277.0	287.0	127.0	150.0	120.0	172.0	215.0	159.0	195.0	156.0	129.0	171.0	363.0	329.0	380.0	262.0	248.0	271.0
133	20150910 11:59:47.532	753.0	403.0	163.0	177.0	121.0	154.0	139.0	157.0	159.0	229.0	156.0	147.0	137.0	170.0	141.0	180.0	128.0	133.0	174.0	190.0	124.0	174.0	139.0	176.0	154.0	163.0	94.0	118.0	130.0	129.0	109.0	160.0	119.0	125.0	200.0	246.0	598.0	550.0	568.0	486.0	561.0	576.0	484.0	535.0	723.0	575.0	566.0	579.0	610.0	550.0	472.0	465.0	379.0	363.0	213.0	256.0	481.0	474.0	450.0	404.0	351.0	441.0	385.0	455.0	349.0	401.0	275.0	276.0	160.0	208.0	156.0	178.0
134	20150910 11:59:47.532	751.0	403.0	123.0	97.0	140.0	154.0	139.0	157.0	145.0	229.0	106.0	147.0	148.0	174.0	141.0	180.0	145.0	127.0	174.0	190.0	124.0	174.0	128.0	110.0	153.0	185.0	97.0	140.0	123.0	115.0	109.0	160.0	113.0	172.0	200.0	238.0	498.0	550.0	535.0	425.0	459.0	576.0	427.0	464.0	626.0	553.0	503.0	535.0	593.0	496.0	461.0	399.0	253.0	273.0	188.0	186.0	361.0	403.0	384.0	401.0	371.0	394.0	376.0	339.0	339.0	330.0	159.0	276.0	144.0	190.0	167.0	157.0
135	20150910 11:59:47.532	756.0	401.0	135.0	148.0	162.0	131.0	162.0	220.0	150.0	160.0	174.0	184.0	200.0	190.0	151.0	235.0	150.0	178.0	165.0	120.0	183.0	148.0	201.0	199.0	115.0	202.0	131.0	188.0	119.0	153.0	120.0	174.0	151.0	133.0	222.0	204.0	555.0	522.0	599.0	518.0	534.0	615.0	505.0	560.0	627.0	622.0	640.0	624.0	642.0	499.0	507.0	450.0	413.0	513.0	293.0	348.0	508.0	591.0	493.0	443.0	469.0	570.0	522.0	624.0	409.0	509.0	315.0	211.0	200.0	150.0	117.0	126.0
136	20150910 11:59:47.532	753.0	401.0	171.0	159.0	162.0	154.0	131.0	157.0	170.0	160.0	174.0	184.0	176.0	150.0	120.0	180.0	128.0	133.0	174.0	190.0	113.0	174.0	122.0	199.0	169.0	163.0	168.0	188.0	130.0	147.0	143.0	123.0	145.0	134.0	222.0	285.0	598.0	587.0	599.0	594.0	607.0	615.0	514.0	600.0	723.0	705.0	678.0	624.0	642.0	591.0	539.0	465.0	518.0	513.0	271.0	376.0	508.0	624.0	539.0	485.0	475.0	608.0	522.0	719.0	409.0	556.0	315.0	276.0	211.0	235.0	203.0	186.0
137	20150910 11:59:47.532	751.0	401.0	171.0	159.0	96.0	154.0	122.0	157.0	170.0	119.0	115.0	161.0	176.0	140.0	107.0	180.0	113.0	127.0	174.0	190.0	113.0	174.0	120.0	88.0	169.0	163.0	115.0	140.0	116.0	115.0	143.0	123.0	109.0	172.0	200.0	285.0	544.0	550.0	535.0	511.0	504.0	576.0	514.0	464.0	632.0	571.0	613.0	615.0	593.0	496.0	461.0	425.0	375.0	273.0	269.0	314.0	361.0	541.0	491.0	451.0	371.0	442.0	454.0	465.0	382.0	411.0	245.0	276.0	211.0	235.0	263.0	248.0
138	20150910 11:59:47.532	757.0	399.0	126.0	154.0	168.0	171.0	162.0	220.0	160.0	206.0	178.0	222.0	200.0	194.0	151.0	235.0	150.0	129.0	204.0	111.0	183.0	176.0	201.0	139.0	129.0	202.0	131.0	119.0	155.0	153.0	136.0	181.0	151.0	146.0	141.0	215.0	545.0	417.0	481.0	476.0	484.0	501.0	420.0	524.0	508.0	479.0	540.0	482.0	526.0	400.0	402.0	389.0	404.0	347.0	303.0	279.0	394.0	552.0	464.0	431.0	369.0	452.0	477.0	474.0	415.0	426.0	283.0	211.0	200.0	205.0	184.0	161.0
139	20150910 11:59:47.532	754.0	399.0	105.0	161.0	174.0	161.0	162.0	220.0	195.0	160.0	174.0	222.0	200.0	231.0	151.0	235.0	150.0	189.0	170.0	198.0	183.0	176.0	201.0	199.0	151.0	163.0	168.0	188.0	149.0	191.0	213.0	181.0	145.0	225.0	222.0	233.0	597.0	587.0	599.0	594.0	607.0	615.0	514.0	600.0	699.0	705.0	678.0	624.0	642.0	591.0	539.0	460.0	518.0	513.0	303.0	376.0	508.0	624.0	539.0	531.0	475.0	608.0	522.0	719.0	419.0	556.0	315.0	272.0	215.0	272.0	249.0	263.0
140	20150910 11:59:47.532	751.0	399.0	171.0	159.0	129.0	161.0	122.0	140.0	195.0	145.0	172.0	161.0	176.0	126.0	145.0	175.0	112.0	159.0	175.0	169.0	113.0	156.0	119.0	75.0	169.0	163.0	115.0	105.0	128.0	191.0	143.0	142.0	106.0	143.0	123.0	285.0	544.0	523.0	495.0	511.0	504.0	503.0	514.0	438.0	632.0	571.0	613.0	615.0	513.0	457.0	459.0	425.0	375.0	256.0	269.0	333.0	365.0	541.0	491.0	451.0	361.0	453.0	454.0	465.0	419.0	411.0	245.0	255.0	211.0	235.0	267.0	263.0
141	20150910 11:59:47.532	754.0	396.0	138.0	161.0	232.0	130.0	207.0	236.0	174.0	152.0	170.0	151.0	171.0	231.0	209.0	180.0	128.0	175.0	124.0	128.0	163.0	130.0	173.0	128.0	245.0	144.0	107.0	165.0	148.0	246.0	191.0	169.0	124.0	187.0	209.0	222.0	369.0	365.0	388.0	354.0	426.0	431.0	367.0	398.0	343.0	396.0	346.0	369.0	382.0	328.0	375.0	352.0	264.0	274.0	303.0	308.0	405.0	399.0	444.0	375.0	408.0	439.0	399.0	464.0	405.0	412.0	283.0	261.0	215.0	272.0	242.0	263.0
142	20150910 07:21:27.567	509.0	358.0	163.0	145.0	179.0	216.0	186.0	187.0	173.0	165.0	207.0	224.0	192.0	226.0	181.0	228.0	161.0	161.0	211.0	211.0	149.0	202.0	193.0	193.0	190.0	190.0	188.0	184.0	207.0	338.0	221.0	205.0	275.0	611.0	788.0	665.0	742.0	592.0	632.0	741.0	602.0	748.0	571.0	671.0	750.0	600.0	753.0	569.0	650.0	558.0	527.0	399.0	452.0	463.0	399.0	385.0	472.0	634.0	490.0	460.0	396.0	518.0	500.0	576.0	366.0	441.0	330.0	304.0	315.0	205.0	240.0	187.0
143	20150910 07:21:27.567	511.0	355.0	136.0	164.0	147.0	216.0	213.0	212.0	173.0	247.0	203.0	203.0	201.0	172.0	181.0	245.0	143.0	175.0	226.0	187.0	210.0	188.0	187.0	140.0	190.0	152.0	157.0	184.0	207.0	208.0	144.0	186.0	231.0	473.0	644.0	606.0	742.0	592.0	632.0	661.0	561.0	732.0	603.0	634.0	711.0	629.0	753.0	554.0	669.0	595.0	527.0	398.0	492.0	545.0	450.0	407.0	473.0	637.0	555.0	507.0	492.0	549.0	500.0	594.0	439.0	451.0	411.0	307.0	315.0	202.0	250.0	288.0
144	20150910 07:21:27.567	509.0	356.0	163.0	144.0	179.0	216.0	186.0	212.0	173.0	185.0	203.0	224.0	201.0	226.0	181.0	192.0	161.0	147.0	226.0	166.0	149.0	202.0	162.0	140.0	190.0	176.0	196.0	184.0	207.0	338.0	193.0	184.0	275.0	611.0	788.0	665.0	742.0	592.0	632.0	741.0	602.0	748.0	571.0	671.0	750.0	600.0	753.0	569.0	650.0	558.0	527.0	399.0	452.0	545.0	419.0	385.0	473.0	637.0	490.0	470.0	460.0	549.0	500.0	576.0	439.0	441.0	411.0	304.0	315.0	205.0	240.0	288.0
145	20150910 10:50:48.293	160.0	342.0	134.0	192.0	141.0	160.0	113.0	92.0	143.0	136.0	150.0	104.0	194.0	141.0	168.0	198.0	108.0	164.0	138.0	128.0	118.0	160.0	119.0	178.0	138.0	136.0	129.0	116.0	126.0	138.0	136.0	105.0	127.0	134.0	96.0	311.0	348.0	411.0	437.0	478.0	471.0	448.0	505.0	454.0	104.0	138.0	99.0	119.0	141.0	148.0	193.0	88.0	157.0	125.0	106.0	92.0	103.0	101.0	125.0	137.0	99.0	150.0	93.0	109.0	120.0	110.0	79.0	146.0	101.0	142.0	146.0	138.0
146	20150910 10:50:48.293	161.0	339.0	136.0	151.0	102.0	82.0	120.0	99.0	131.0	108.0	147.0	100.0	167.0	139.0	143.0	162.0	163.0	164.0	136.0	96.0	124.0	153.0	138.0	120.0	105.0	136.0	130.0	141.0	142.0	111.0	124.0	183.0	119.0	119.0	126.0	406.0	452.0	495.0	443.0	565.0	607.0	573.0	574.0	523.0	140.0	97.0	99.0	124.0	108.0	103.0	193.0	123.0	157.0	129.0	109.0	83.0	71.0	143.0	87.0	174.0	143.0	150.0	149.0	177.0	152.0	84.0	146.0	199.0	140.0	106.0	180.0	173.0
147	20150910 10:50:48.293	161.0	336.0	116.0	151.0	107.0	101.0	121.0	76.0	104.0	135.0	145.0	116.0	141.0	150.0	133.0	123.0	163.0	135.0	112.0	85.0	167.0	116.0	97.0	141.0	82.0	169.0	130.0	141.0	136.0	123.0	118.0	139.0	123.0	126.0	139.0	440.0	452.0	495.0	443.0	565.0	609.0	601.0	574.0	650.0	132.0	94.0	132.0	76.0	136.0	104.0	122.0	123.0	109.0	116.0	145.0	71.0	101.0	135.0	117.0	121.0	138.0	127.0	102.0	108.0	152.0	109.0	146.0	263.0	139.0	166.0	179.0	153.0
148	20150910 10:50:48.293	158.0	335.0	108.0	109.0	127.0	122.0	124.0	153.0	80.0	135.0	171.0	120.0	168.0	202.0	106.0	111.0	118.0	123.0	146.0	170.0	123.0	183.0	163.0	139.0	104.0	114.0	132.0	131.0	164.0	166.0	127.0	102.0	139.0	190.0	118.0	440.0	371.0	423.0	415.0	502.0	609.0	601.0	593.0	650.0	142.0	134.0	121.0	88.0	123.0	48.0	90.0	144.0	109.0	94.0	145.0	89.0	124.0	131.0	85.0	120.0	108.0	127.0	97.0	103.0	149.0	96.0	144.0	263.0	136.0	178.0	194.0	215.0
149	20150910 11:59:47.532	159.0	333.0	97.0	90.0	100.0	105.0	135.0	101.0	113.0	101.0	124.0	106.0	168.0	146.0	130.0	127.0	120.0	133.0	173.0	146.0	113.0	129.0	163.0	149.0	160.0	113.0	95.0	110.0	124.0	166.0	78.0	135.0	115.0	134.0	118.0	307.0	429.0	448.0	385.0	474.0	556.0	485.0	502.0	574.0	132.0	134.0	124.0	97.0	136.0	103.0	82.0	144.0	107.0	128.0	105.0	92.0	124.0	126.0	105.0	120.0	145.0	122.0	81.0	136.0	149.0	96.0	199.0	170.0	225.0	133.0	214.0	225.0
150	20150910 21:11:42.367	351.0	316.0	135.0	175.0	143.0	116.0	166.0	147.0	156.0	158.0	174.0	114.0	215.0	181.0	125.0	183.0	160.0	222.0	148.0	108.0	164.0	143.0	182.0	124.0	185.0	145.0	126.0	156.0	172.0	149.0	180.0	142.0	173.0	117.0	144.0	114.0	89.0	146.0	223.0	162.0	135.0	172.0	124.0	111.0	284.0	323.0	319.0	289.0	357.0	295.0	340.0	332.0	152.0	159.0	151.0	89.0	110.0	77.0	172.0	98.0	102.0	152.0	134.0	144.0	170.0	113.0	93.0	171.0	141.0	161.0	128.0	108.0
151	20150910 15:26:48.810	391.0	238.0	201.0	228.0	206.0	208.0	177.0	181.0	182.0	272.0	196.0	230.0	264.0	215.0	232.0	234.0	176.0	261.0	169.0	170.0	185.0	192.0	199.0	203.0	218.0	182.0	219.0	135.0	227.0	227.0	208.0	195.0	193.0	200.0	205.0	232.0	276.0	311.0	335.0	593.0	518.0	509.0	487.0	457.0	408.0	371.0	388.0	388.0	331.0	362.0	348.0	359.0	319.0	215.0	284.0	222.0	358.0	338.0	364.0	294.0	298.0	276.0	284.0	301.0	330.0	311.0	150.0	150.0	133.0	174.0	156.0	136.0
152	20150910 15:26:48.810	388.0	238.0	140.0	236.0	219.0	151.0	163.0	186.0	180.0	176.0	169.0	183.0	264.0	189.0	205.0	227.0	168.0	222.0	169.0	238.0	185.0	210.0	196.0	203.0	170.0	173.0	195.0	181.0	227.0	159.0	208.0	171.0	221.0	220.0	189.0	199.0	264.0	311.0	294.0	481.0	518.0	404.0	317.0	395.0	299.0	362.0	322.0	307.0	303.0	292.0	300.0	359.0	230.0	138.0	224.0	179.0	251.0	338.0	364.0	197.0	221.0	262.0	227.0	317.0	172.0	210.0	211.0	136.0	191.0	174.0	156.0	141.0
153	20150910 15:26:48.810	392.0	236.0	147.0	181.0	256.0	170.0	185.0	269.0	183.0	272.0	196.0	230.0	213.0	232.0	232.0	240.0	201.0	245.0	169.0	197.0	144.0	200.0	198.0	171.0	218.0	218.0	228.0	168.0	163.0	227.0	224.0	238.0	180.0	200.0	205.0	232.0	276.0	285.0	335.0	593.0	550.0	509.0	558.0	498.0	545.0	509.0	485.0	421.0	460.0	405.0	400.0	358.0	325.0	198.0	394.0	358.0	486.0	411.0	529.0	421.0	453.0	358.0	458.0	364.0	455.0	561.0	210.0	204.0	200.0	208.0	171.0	146.0
154	20150910 15:26:48.810	389.0	236.0	147.0	236.0	256.0	212.0	175.0	250.0	182.0	217.0	207.0	230.0	256.0	232.0	232.0	227.0	201.0	222.0	169.0	197.0	181.0	210.0	276.0	197.0	213.0	182.0	201.0	168.0	234.0	208.0	224.0	219.0	221.0	212.0	220.0	213.0	276.0	311.0	335.0	593.0	550.0	509.0	545.0	498.0	469.0	509.0	485.0	388.0	353.0	396.0	373.0	359.0	325.0	261.0	361.0	358.0	453.0	324.0	364.0	325.0	368.0	263.0	352.0	317.0	368.0	431.0	259.0	295.0	200.0	250.0	171.0	182.0
155	20150910 15:26:48.810	393.0	234.0	147.0	176.0	244.0	194.0	203.0	269.0	183.0	241.0	198.0	195.0	201.0	192.0	177.0	240.0	162.0	245.0	170.0	197.0	169.0	200.0	189.0	160.0	188.0	218.0	228.0	163.0	147.0	223.0	166.0	238.0	211.0	220.0	204.0	213.0	260.0	234.0	304.0	535.0	502.0	499.0	558.0	440.0	545.0	507.0	446.0	421.0	460.0	405.0	400.0	358.0	286.0	250.0	394.0	274.0	486.0	411.0	529.0	421.0	453.0	358.0	458.0	364.0	455.0	579.0	210.0	197.0	161.0	129.0	163.0	149.0
156	20150910 15:26:48.810	391.0	233.0	175.0	170.0	244.0	212.0	203.0	253.0	156.0	202.0	221.0	172.0	223.0	254.0	247.0	240.0	200.0	168.0	179.0	193.0	170.0	197.0	203.0	161.0	213.0	169.0	188.0	168.0	181.0	223.0	196.0	219.0	209.0	220.0	220.0	208.0	230.0	234.0	293.0	534.0	504.0	410.0	558.0	440.0	535.0	471.0	426.0	397.0	410.0	365.0	390.0	358.0	325.0	228.0	392.0	358.0	486.0	384.0	529.0	421.0	453.0	346.0	458.0	364.0	455.0	579.0	259.0	278.0	185.0	261.0	201.0	201.0
157	20150910 05:00:50.644	1204.0	207.0	2.0	0.0	0.0	0.0	0.0	0.0	0.0	0.0	0.0	0.0	0.0	0.0	0.0	0.0	0.0	0.0	0.0	0.0	0.0	0.0	0.0	0.0	0.0	0.0	0.0	0.0	0.0	0.0	51.0	936.0	1048.0	1059.0	1085.0	0.0	0.0	0.0	0.0	0.0	0.0	0.0	0.0	0.0	0.0	0.0	0.0	0.0	0.0	0.0	1397.0	1172.0	0.0	0.0	0.0	0.0	0.0	0.0	0.0	0.0	0.0	0.0	0.0	0.0	0.0	0.0	0.0	0.0	0.0	0.0	0.0	0.0
158	20150910 03:50:40.862	1202.0	207.0	36.0	0.0	0.0	0.0	0.0	0.0	0.0	0.0	0.0	0.0	0.0	0.0	0.0	0.0	0.0	0.0	0.0	0.0	0.0	0.0	0.0	0.0	0.0	0.0	0.0	0.0	0.0	0.0	778.0	936.0	1048.0	1059.0	1085.0	0.0	0.0	0.0	0.0	0.0	0.0	0.0	0.0	0.0	0.0	0.0	0.0	0.0	0.0	0.0	1397.0	1172.0	0.0	0.0	0.0	0.0	0.0	0.0	0.0	0.0	0.0	0.0	0.0	0.0	0.0	0.0	0.0	0.0	0.0	0.0	0.0	0.0
159	20150910 05:00:50.644	1205.0	205.0	0.0	0.0	0.0	0.0	0.0	0.0	0.0	0.0	0.0	0.0	0.0	0.0	0.0	0.0	0.0	0.0	0.0	0.0	0.0	0.0	0.0	0.0	0.0	0.0	0.0	0.0	0.0	0.0	9.0	972.0	1057.0	1028.0	1166.0	0.0	0.0	0.0	0.0	0.0	0.0	0.0	0.0	0.0	0.0	0.0	0.0	0.0	0.0	0.0	1408.0	1172.0	0.0	0.0	0.0	0.0	0.0	0.0	0.0	0.0	0.0	0.0	0.0	0.0	0.0	0.0	0.0	0.0	0.0	0.0	0.0	0.0
160	20150910 03:50:40.862	1202.0	205.0	36.0	0.0	0.0	0.0	0.0	0.0	0.0	0.0	0.0	0.0	0.0	0.0	0.0	0.0	0.0	0.0	0.0	0.0	0.0	0.0	0.0	0.0	0.0	0.0	0.0	0.0	0.0	0.0	808.0	993.0	1113.0	1084.0	1166.0	0.0	0.0	0.0	0.0	0.0	0.0	0.0	0.0	0.0	0.0	0.0	0.0	0.0	0.0	0.0	1408.0	1172.0	0.0	0.0	0.0	0.0	0.0	0.0	0.0	0.0	0.0	0.0	0.0	0.0	0.0	0.0	0.0	0.0	0.0	0.0	0.0	0.0
161	20150910 03:50:40.862	1200.0	205.0	104.0	0.0	0.0	0.0	0.0	0.0	0.0	0.0	0.0	0.0	0.0	0.0	0.0	0.0	0.0	0.0	0.0	0.0	0.0	0.0	0.0	0.0	0.0	0.0	0.0	0.0	0.0	0.0	808.0	904.0	847.0	1073.0	911.0	0.0	0.0	0.0	0.0	0.0	0.0	0.0	0.0	0.0	0.0	0.0	0.0	0.0	0.0	0.0	1145.0	1113.0	0.0	0.0	0.0	0.0	0.0	0.0	0.0	0.0	0.0	0.0	0.0	0.0	0.0	0.0	0.0	0.0	0.0	0.0	0.0	0.0
162	20150910 05:00:50.644	1204.0	203.0	1.0	0.0	0.0	0.0	0.0	0.0	0.0	0.0	0.0	0.0	0.0	0.0	0.0	0.0	0.0	0.0	0.0	0.0	0.0	0.0	0.0	0.0	0.0	0.0	0.0	0.0	0.0	0.0	58.0	993.0	1113.0	1084.0	1166.0	0.0	0.0	0.0	0.0	0.0	0.0	0.0	0.0	0.0	0.0	0.0	0.0	0.0	0.0	0.0	1408.0	1126.0	0.0	0.0	0.0	0.0	0.0	0.0	0.0	0.0	0.0	0.0	0.0	0.0	0.0	0.0	0.0	0.0	0.0	0.0	0.0	0.0
163	20150910 03:50:40.862	1202.0	203.0	13.0	0.0	0.0	0.0	0.0	0.0	0.0	0.0	0.0	0.0	0.0	0.0	0.0	0.0	0.0	0.0	0.0	0.0	0.0	0.0	0.0	0.0	0.0	0.0	0.0	0.0	0.0	0.0	808.0	993.0	1113.0	1084.0	1166.0	0.0	0.0	0.0	0.0	0.0	0.0	0.0	0.0	0.0	0.0	0.0	0.0	0.0	0.0	0.0	1408.0	1126.0	0.0	0.0	0.0	0.0	0.0	0.0	0.0	0.0	0.0	0.0	0.0	0.0	0.0	0.0	0.0	0.0	0.0	0.0	0.0	0.0
164	20150910 03:50:40.862	1200.0	203.0	104.0	0.0	0.0	0.0	0.0	0.0	0.0	0.0	0.0	0.0	0.0	0.0	0.0	0.0	0.0	0.0	0.0	0.0	0.0	0.0	0.0	0.0	0.0	0.0	0.0	0.0	0.0	0.0	808.0	904.0	847.0	1073.0	892.0	0.0	0.0	0.0	0.0	0.0	0.0	0.0	0.0	0.0	0.0	0.0	0.0	0.0	0.0	0.0	1118.0	1113.0	0.0	0.0	0.0	0.0	0.0	0.0	0.0	0.0	0.0	0.0	0.0	0.0	0.0	0.0	0.0	0.0	0.0	0.0	0.0	0.0
165	20150910 22:20:37.146	891.0	174.0	155.0	117.0	131.0	88.0	103.0	154.0	96.0	170.0	151.0	126.0	161.0	127.0	104.0	163.0	120.0	178.0	178.0	126.0	101.0	184.0	146.0	115.0	129.0	128.0	115.0	170.0	161.0	132.0	116.0	125.0	134.0	130.0	126.0	109.0	53.0	151.0	111.0	111.0	99.0	107.0	121.0	147.0	125.0	350.0	331.0	153.0	233.0	234.0	201.0	127.0	209.0	229.0	172.0	200.0	122.0	126.0	171.0	150.0	148.0	164.0	151.0	109.0	127.0	133.0	204.0	179.0	138.0	175.0	74.0	154.0
166	20150910 03:50:40.862	1203.0	169.0	3.0	0.0	0.0	0.0	0.0	0.0	0.0	0.0	0.0	0.0	0.0	0.0	0.0	0.0	0.0	0.0	0.0	0.0	0.0	0.0	0.0	0.0	0.0	0.0	0.0	0.0	0.0	0.0	342.0	515.0	501.0	468.0	585.0	0.0	0.0	0.0	0.0	0.0	0.0	0.0	0.0	0.0	0.0	0.0	0.0	0.0	0.0	0.0	614.0	526.0	0.0	0.0	0.0	0.0	0.0	0.0	0.0	0.0	0.0	0.0	0.0	0.0	0.0	0.0	0.0	0.0	0.0	0.0	0.0	0.0
167	20150911 00:38:28.09	887.0	169.0	151.0	114.0	158.0	154.0	97.0	140.0	96.0	150.0	194.0	144.0	144.0	152.0	123.0	164.0	132.0	132.0	165.0	176.0	128.0	146.0	118.0	137.0	163.0	166.0	118.0	162.0	134.0	157.0	153.0	93.0	130.0	125.0	193.0	160.0	108.0	156.0	121.0	118.0	126.0	139.0	117.0	194.0	124.0	242.0	241.0	322.0	339.0	396.0	428.0	315.0	198.0	202.0	205.0	194.0	196.0	187.0	166.0	161.0	161.0	242.0	199.0	145.0	161.0	174.0	200.0	149.0	177.0	169.0	160.0	129.0
168	20150910 05:00:50.644	1205.0	168.0	0.0	0.0	0.0	0.0	0.0	0.0	0.0	0.0	0.0	0.0	0.0	0.0	0.0	0.0	0.0	0.0	0.0	0.0	0.0	0.0	0.0	0.0	0.0	0.0	0.0	0.0	0.0	0.0	6.0	547.0	548.0	604.0	632.0	0.0	0.0	0.0	0.0	0.0	0.0	0.0	0.0	0.0	0.0	0.0	0.0	0.0	0.0	0.0	655.0	612.0	0.0	0.0	0.0	0.0	0.0	0.0	0.0	0.0	0.0	0.0	0.0	0.0	0.0	0.0	0.0	0.0	0.0	0.0	0.0	0.0
169	20150910 03:50:40.862	1201.0	168.0	138.0	0.0	0.0	0.0	0.0	0.0	0.0	0.0	0.0	0.0	0.0	0.0	0.0	0.0	0.0	0.0	0.0	0.0	0.0	0.0	0.0	0.0	0.0	0.0	0.0	0.0	0.0	0.0	487.0	515.0	575.0	611.0	613.0	0.0	0.0	0.0	0.0	0.0	0.0	0.0	0.0	0.0	0.0	0.0	0.0	0.0	0.0	0.0	628.0	591.0	0.0	0.0	0.0	0.0	0.0	0.0	0.0	0.0	0.0	0.0	0.0	0.0	0.0	0.0	0.0	0.0	0.0	0.0	0.0	0.0
170	20150910 05:00:50.644	1205.0	166.0	1.0	0.0	0.0	0.0	0.0	0.0	0.0	0.0	0.0	0.0	0.0	0.0	0.0	0.0	0.0	0.0	0.0	0.0	0.0	0.0	0.0	0.0	0.0	0.0	0.0	0.0	0.0	0.0	6.0	667.0	590.0	604.0	664.0	0.0	0.0	0.0	0.0	0.0	0.0	0.0	0.0	0.0	0.0	0.0	0.0	0.0	0.0	0.0	699.0	678.0	0.0	0.0	0.0	0.0	0.0	0.0	0.0	0.0	0.0	0.0	0.0	0.0	0.0	0.0	0.0	0.0	0.0	0.0	0.0	0.0
171	20150910 03:50:40.862	1203.0	166.0	5.0	0.0	0.0	0.0	0.0	0.0	0.0	0.0	0.0	0.0	0.0	0.0	0.0	0.0	0.0	0.0	0.0	0.0	0.0	0.0	0.0	0.0	0.0	0.0	0.0	0.0	0.0	0.0	388.0	713.0	590.0	611.0	664.0	0.0	0.0	0.0	0.0	0.0	0.0	0.0	0.0	0.0	0.0	0.0	0.0	0.0	0.0	0.0	699.0	678.0	0.0	0.0	0.0	0.0	0.0	0.0	0.0	0.0	0.0	0.0	0.0	0.0	0.0	0.0	0.0	0.0	0.0	0.0	0.0	0.0
172	20150910 03:50:40.862	1201.0	166.0	208.0	0.0	0.0	0.0	0.0	0.0	0.0	0.0	0.0	0.0	0.0	0.0	0.0	0.0	0.0	0.0	0.0	0.0	0.0	0.0	0.0	0.0	0.0	0.0	0.0	0.0	0.0	0.0	487.0	713.0	575.0	611.0	630.0	0.0	0.0	0.0	0.0	0.0	0.0	0.0	0.0	0.0	0.0	0.0	0.0	0.0	0.0	0.0	628.0	608.0	0.0	0.0	0.0	0.0	0.0	0.0	0.0	0.0	0.0	0.0	0.0	0.0	0.0	0.0	0.0	0.0	0.0	0.0	0.0	0.0
173	20150910 03:50:40.862	1199.0	166.0	208.0	0.0	0.0	0.0	0.0	0.0	0.0	0.0	0.0	0.0	0.0	0.0	0.0	0.0	0.0	0.0	0.0	0.0	0.0	0.0	0.0	0.0	0.0	0.0	0.0	0.0	0.0	1.0	487.0	409.0	456.0	430.0	463.0	0.0	0.0	0.0	0.0	0.0	0.0	0.0	0.0	0.0	0.0	0.0	0.0	0.0	0.0	0.0	487.0	450.0	0.0	0.0	0.0	0.0	0.0	0.0	0.0	0.0	0.0	0.0	0.0	0.0	0.0	0.0	0.0	0.0	0.0	0.0	0.0	0.0
174	20150910 03:50:40.862	1203.0	163.0	5.0	0.0	0.0	0.0	0.0	0.0	0.0	0.0	0.0	0.0	0.0	0.0	0.0	0.0	0.0	0.0	0.0	0.0	0.0	0.0	0.0	0.0	0.0	0.0	0.0	0.0	0.0	0.0	378.0	628.0	590.0	584.0	664.0	0.0	0.0	0.0	0.0	0.0	0.0	0.0	0.0	0.0	0.0	0.0	0.0	0.0	0.0	0.0	623.0	515.0	0.0	0.0	0.0	0.0	0.0	0.0	0.0	0.0	0.0	0.0	0.0	0.0	0.0	0.0	0.0	0.0	0.0	0.0	0.0	0.0
175	20150910 03:50:40.862	1201.0	163.0	208.0	0.0	0.0	0.0	0.0	0.0	0.0	0.0	0.0	0.0	0.0	0.0	0.0	0.0	0.0	0.0	0.0	0.0	0.0	0.0	0.0	0.0	0.0	0.0	0.0	0.0	0.0	0.0	399.0	591.0	467.0	482.0	630.0	0.0	0.0	0.0	0.0	0.0	0.0	0.0	0.0	0.0	0.0	0.0	0.0	0.0	0.0	0.0	549.0	507.0	0.0	0.0	0.0	0.0	0.0	0.0	0.0	0.0	0.0	0.0	0.0	0.0	0.0	0.0	0.0	0.0	0.0	0.0	0.0	0.0
176	20150911 04:05:08.765	879.0	163.0	167.0	145.0	179.0	203.0	214.0	240.0	201.0	297.0	208.0	195.0	204.0	229.0	227.0	187.0	198.0	184.0	161.0	197.0	176.0	165.0	167.0	223.0	200.0	216.0	151.0	175.0	166.0	184.0	177.0	167.0	185.0	157.0	171.0	233.0	204.0	194.0	227.0	230.0	276.0	244.0	253.0	298.0	286.0	307.0	326.0	307.0	301.0	275.0	587.0	482.0	531.0	508.0	657.0	544.0	559.0	607.0	615.0	633.0	562.0	639.0	635.0	577.0	539.0	548.0	381.0	437.0	402.0	347.0	279.0	300.0
177	20150910 03:50:40.862	1203.0	161.0	3.0	0.0	0.0	0.0	0.0	0.0	0.0	0.0	0.0	0.0	0.0	0.0	0.0	0.0	0.0	0.0	0.0	0.0	0.0	0.0	0.0	0.0	0.0	0.0	0.0	0.0	0.0	0.0	298.0	497.0	445.0	393.0	411.0	0.0	0.0	0.0	0.0	0.0	0.0	0.0	0.0	0.0	0.0	0.0	0.0	0.0	0.0	0.0	393.0	428.0	0.0	0.0	0.0	0.0	0.0	0.0	0.0	0.0	0.0	0.0	0.0	0.0	0.0	0.0	0.0	0.0	0.0	0.0	0.0	0.0
178	20150911 04:05:08.765	881.0	161.0	136.0	164.0	188.0	195.0	214.0	195.0	166.0	297.0	222.0	162.0	153.0	214.0	200.0	232.0	186.0	180.0	161.0	187.0	158.0	153.0	190.0	197.0	200.0	264.0	135.0	119.0	172.0	155.0	169.0	165.0	208.0	193.0	171.0	202.0	185.0	194.0	160.0	185.0	276.0	244.0	253.0	298.0	201.0	301.0	251.0	245.0	334.0	272.0	587.0	376.0	531.0	547.0	657.0	601.0	616.0	643.0	615.0	694.0	562.0	668.0	672.0	668.0	640.0	506.0	520.0	480.0	445.0	337.0	297.0	445.0
179	20150911 04:05:08.765	879.0	161.0	130.0	174.0	201.0	203.0	214.0	198.0	166.0	297.0	222.0	213.0	247.0	190.0	200.0	187.0	198.0	198.0	161.0	197.0	176.0	153.0	190.0	223.0	200.0	264.0	182.0	172.0	172.0	179.0	147.0	231.0	209.0	208.0	204.0	233.0	204.0	194.0	227.0	200.0	276.0	244.0	253.0	298.0	248.0	301.0	326.0	307.0	334.0	304.0	587.0	482.0	531.0	522.0	657.0	601.0	616.0	643.0	615.0	694.0	562.0	668.0	672.0	668.0	640.0	548.0	520.0	480.0	478.0	394.0	388.0	445.0
180	20150911 04:05:08.765	877.0	161.0	133.0	174.0	201.0	203.0	175.0	198.0	181.0	130.0	189.0	213.0	247.0	175.0	141.0	178.0	198.0	198.0	153.0	197.0	176.0	167.0	166.0	223.0	162.0	186.0	182.0	172.0	166.0	179.0	134.0	231.0	209.0	208.0	204.0	233.0	204.0	193.0	232.0	234.0	200.0	209.0	167.0	191.0	248.0	279.0	326.0	307.0	299.0	304.0	577.0	482.0	444.0	485.0	565.0	469.0	527.0	588.0	545.0	600.0	508.0	569.0	618.0	570.0	501.0	548.0	511.0	460.0	478.0	394.0	388.0	420.0
181	20150911 04:05:08.765	881.0	159.0	141.0	193.0	188.0	160.0	136.0	114.0	146.0	176.0	222.0	187.0	216.0	214.0	133.0	126.0	139.0	199.0	177.0	125.0	158.0	147.0	190.0	159.0	190.0	264.0	134.0	155.0	198.0	169.0	169.0	165.0	208.0	193.0	169.0	219.0	181.0	184.0	162.0	185.0	212.0	232.0	223.0	211.0	201.0	245.0	251.0	245.0	334.0	212.0	490.0	355.0	511.0	522.0	618.0	601.0	616.0	643.0	604.0	694.0	552.0	668.0	672.0	668.0	640.0	506.0	554.0	483.0	508.0	337.0	300.0	445.0
182	20150911 04:05:08.765	879.0	159.0	115.0	193.0	201.0	171.0	136.0	144.0	180.0	188.0	222.0	213.0	247.0	147.0	133.0	162.0	139.0	198.0	153.0	236.0	158.0	197.0	190.0	146.0	190.0	264.0	182.0	155.0	198.0	179.0	124.0	231.0	209.0	208.0	204.0	219.0	202.0	226.0	209.0	200.0	208.0	232.0	213.0	177.0	201.0	279.0	288.0	245.0	334.0	304.0	490.0	453.0	511.0	522.0	618.0	601.0	616.0	643.0	604.0	694.0	552.0	668.0	672.0	668.0	640.0	507.0	554.0	483.0	508.0	395.0	388.0	445.0
183	20150911 04:05:08.765	877.0	159.0	109.0	179.0	201.0	171.0	135.0	151.0	180.0	188.0	176.0	213.0	247.0	165.0	141.0	178.0	181.0	198.0	153.0	236.0	235.0	197.0	154.0	146.0	143.0	186.0	192.0	155.0	129.0	179.0	124.0	231.0	209.0	208.0	204.0	172.0	202.0	226.0	232.0	234.0	198.0	169.0	164.0	165.0	200.0	279.0	288.0	245.0	273.0	304.0	459.0	453.0	444.0	442.0	565.0	469.0	516.0	588.0	490.0	597.0	508.0	569.0	594.0	570.0	437.0	507.0	511.0	460.0	478.0	395.0	388.0	424.0
184	20150911 04:05:08.765	715.0	43.0	140.0	152.0	174.0	117.0	186.0	146.0	143.0	122.0	205.0	130.0	189.0	139.0	154.0	146.0	137.0	152.0	160.0	155.0	125.0	161.0	91.0	152.0	164.0	194.0	130.0	149.0	165.0	151.0	145.0	120.0	155.0	137.0	123.0	190.0	166.0	150.0	182.0	145.0	169.0	182.0	202.0	225.0	192.0	176.0	195.0	205.0	221.0	291.0	1095.0	954.0	659.0	643.0	768.0	697.0	760.0	830.0	761.0	711.0	618.0	806.0	684.0	773.0	585.0	717.0	381.0	382.0	371.0	254.0	376.0	308.0
185	20150911 04:05:08.765	719.0	41.0	148.0	172.0	176.0	96.0	145.0	166.0	131.0	173.0	132.0	159.0	142.0	174.0	144.0	172.0	154.0	188.0	188.0	132.0	208.0	133.0	207.0	200.0	168.0	144.0	153.0	174.0	151.0	189.0	157.0	148.0	140.0	157.0	147.0	126.0	203.0	178.0	141.0	204.0	146.0	204.0	198.0	164.0	177.0	208.0	211.0	266.0	200.0	251.0	1283.0	1087.0	1023.0	849.0	1047.0	891.0	1180.0	1334.0	1187.0	1168.0	943.0	1241.0	1150.0	1343.0	950.0	1074.0	742.0	615.0	558.0	402.0	285.0	342.0
186	20150911 04:05:08.765	717.0	41.0	148.0	128.0	176.0	154.0	186.0	166.0	131.0	118.0	163.0	159.0	189.0	174.0	168.0	172.0	171.0	188.0	188.0	123.0	208.0	169.0	157.0	200.0	200.0	194.0	153.0	151.0	160.0	176.0	157.0	152.0	161.0	157.0	185.0	155.0	166.0	178.0	182.0	204.0	163.0	204.0	202.0	225.0	208.0	208.0	196.0	266.0	200.0	316.0	1283.0	1157.0	1023.0	849.0	1047.0	891.0	1180.0	1334.0	1187.0	1168.0	943.0	1241.0	1150.0	1343.0	950.0	1074.0	742.0	698.0	632.0	496.0	404.0	460.0
187	20150911 04:05:08.765	714.0	41.0	132.0	147.0	143.0	134.0	139.0	137.0	114.0	210.0	205.0	130.0	189.0	131.0	168.0	141.0	159.0	152.0	123.0	155.0	158.0	169.0	171.0	152.0	159.0	194.0	115.0	151.0	165.0	169.0	102.0	140.0	133.0	157.0	185.0	190.0	166.0	167.0	182.0	99.0	170.0	182.0	202.0	182.0	208.0	176.0	195.0	205.0	202.0	315.0	947.0	947.0	633.0	589.0	797.0	655.0	773.0	845.0	755.0	684.0	617.0	857.0	717.0	778.0	640.0	584.0	551.0	526.0	545.0	496.0	404.0	460.0
188	20150911 00:38:28.09	555.0	37.0	154.0	155.0	186.0	289.0	174.0	213.0	166.0	176.0	189.0	179.0	232.0	223.0	234.0	209.0	187.0	192.0	199.0	244.0	176.0	210.0	251.0	225.0	223.0	239.0	194.0	154.0	216.0	220.0	217.0	190.0	166.0	235.0	254.0	187.0	223.0	290.0	210.0	229.0	291.0	303.0	327.0	386.0	292.0	364.0	287.0	395.0	333.0	501.0	467.0	440.0	442.0	354.0	521.0	383.0	532.0	555.0	607.0	540.0	550.0	464.0	526.0	502.0	607.0	635.0	223.0	239.0	215.0	206.0	179.0	184.0
189	20150911 04:05:08.765	721.0	39.0	138.0	161.0	172.0	202.0	145.0	152.0	126.0	150.0	159.0	150.0	191.0	161.0	144.0	143.0	154.0	113.0	130.0	132.0	183.0	109.0	218.0	165.0	182.0	183.0	128.0	165.0	131.0	189.0	137.0	148.0	161.0	109.0	144.0	140.0	133.0	124.0	144.0	162.0	169.0	151.0	150.0	168.0	162.0	176.0	211.0	207.0	232.0	227.0	848.0	590.0	651.0	645.0	752.0	713.0	715.0	897.0	779.0	689.0	586.0	798.0	716.0	889.0	703.0	622.0	498.0	413.0	404.0	252.0	223.0	309.0
190	20150911 04:05:08.765	719.0	39.0	138.0	102.0	176.0	202.0	145.0	147.0	152.0	150.0	156.0	136.0	191.0	174.0	144.0	172.0	185.0	188.0	188.0	127.0	208.0	133.0	123.0	200.0	162.0	114.0	175.0	109.0	151.0	189.0	157.0	148.0	199.0	121.0	147.0	126.0	168.0	178.0	141.0	204.0	144.0	204.0	185.0	171.0	177.0	208.0	211.0	266.0	232.0	256.0	1283.0	1087.0	1023.0	849.0	1047.0	891.0	1180.0	1334.0	1187.0	1168.0	943.0	1241.0	1150.0	1343.0	950.0	1074.0	824.0	697.0	654.0	459.0	285.0	412.0
191	20150911 04:05:08.765	717.0	39.0	130.0	112.0	176.0	154.0	99.0	101.0	152.0	128.0	156.0	179.0	140.0	174.0	168.0	172.0	185.0	188.0	188.0	154.0	208.0	169.0	130.0	200.0	200.0	119.0	175.0	151.0	151.0	169.0	157.0	152.0	199.0	157.0	185.0	126.0	168.0	178.0	150.0	204.0	163.0	204.0	192.0	209.0	216.0	208.0	202.0	266.0	226.0	316.0	1283.0	1157.0	1023.0	849.0	1047.0	891.0	1180.0	1334.0	1187.0	1168.0	943.0	1241.0	1150.0	1343.0	950.0	1074.0	824.0	698.0	733.0	614.0	500.0	591.0
192	20150911 04:05:08.765	715.0	39.0	131.0	126.0	143.0	154.0	99.0	179.0	112.0	210.0	121.0	179.0	140.0	159.0	168.0	166.0	171.0	139.0	131.0	154.0	150.0	169.0	171.0	122.0	200.0	145.0	115.0	151.0	131.0	169.0	135.0	152.0	161.0	157.0	185.0	123.0	133.0	167.0	169.0	131.0	163.0	163.0	192.0	209.0	216.0	160.0	182.0	203.0	220.0	316.0	1228.0	1157.0	809.0	839.0	998.0	833.0	1047.0	1216.0	965.0	984.0	880.0	1067.0	955.0	1120.0	868.0	845.0	765.0	698.0	733.0	614.0	500.0	591.0
193	20150911 04:05:08.765	719.0	37.0	120.0	129.0	155.0	202.0	113.0	170.0	152.0	133.0	156.0	131.0	191.0	161.0	183.0	168.0	185.0	122.0	105.0	200.0	142.0	139.0	142.0	150.0	162.0	199.0	175.0	129.0	110.0	133.0	137.0	113.0	199.0	121.0	146.0	112.0	169.0	127.0	148.0	148.0	167.0	162.0	187.0	180.0	157.0	176.0	202.0	133.0	232.0	256.0	810.0	576.0	920.0	755.0	958.0	827.0	1044.0	1199.0	1070.0	1062.0	906.0	1056.0	1014.0	1182.0	866.0	785.0	824.0	697.0	654.0	459.0	258.0	412.0
194	20150911 04:05:08.765	717.0	37.0	120.0	102.0	151.0	144.0	101.0	104.0	152.0	128.0	156.0	179.0	140.0	159.0	147.0	168.0	185.0	139.0	101.0	179.0	130.0	138.0	121.0	150.0	162.0	137.0	175.0	129.0	124.0	120.0	134.0	104.0	199.0	157.0	146.0	127.0	169.0	162.0	136.0	148.0	167.0	185.0	192.0	180.0	216.0	175.0	202.0	122.0	226.0	256.0	856.0	586.0	920.0	822.0	958.0	827.0	1044.0	1199.0	1070.0	1062.0	906.0	1056.0	1014.0	1182.0	866.0	845.0	824.0	697.0	733.0	614.0	500.0	591.0
195	20150911 19:15:06.528	230.0	32.0	137.0	160.0	157.0	105.0	201.0	155.0	135.0	227.0	222.0	158.0	202.0	158.0	171.0	178.0	208.0	148.0	134.0	142.0	195.0	139.0	172.0	137.0	217.0	198.0	171.0	148.0	158.0	160.0	160.0	181.0	156.0	165.0	163.0	169.0	204.0	204.0	211.0	212.0	206.0	225.0	223.0	254.0	214.0	199.0	234.0	238.0	208.0	197.0	183.0	185.0	196.0	244.0	262.0	305.0	347.0	332.0	535.0	523.0	602.0	447.0	522.0	463.0	515.0	667.0	257.0	311.0	268.0	210.0	219.0	220.0
