index	mortality	x	y	20150906 17:33:41.200	20150909 03:48:02.71	20150909 04:58:34.397	20150909 06:08:49.263	20150909 07:19:16.04	20150909 08:29:33.08	20150909 09:39:58.911	20150909 10:50:26.385	20150909 12:00:55.213	20150909 13:11:25.47	20150909 14:21:48.632	20150909 15:32:15.382	20150909 16:42:52.465	20150909 17:53:05.745	20150909 19:03:26.847	20150909 20:13:46.320	20150909 21:24:13.898	20150909 22:34:43.426	20150909 23:44:59.721	20150910 00:55:25.365	20150910 02:05:49.340	20150910 03:16:12.606	20150910 04:26:31.604	20150910 05:36:34.776	20150910 06:46:56.146	20150910 07:57:14.296	20150910 09:07:37.604	20150910 10:16:52.471	20150910 11:25:57.789	20150910 12:34:57.469	20150910 13:43:55.691	20150910 14:52:55.483	20150910 16:01:57.846	20150910 17:11:06.106	20150910 18:20:05.241	20150910 19:28:58.253	20150910 20:37:55.916	20150910 21:46:46.691	20150910 22:55:42.859	20150911 00:04:37.577	20150911 01:13:30.673	20150911 02:22:26.110	20150911 03:31:20.255	20150911 04:40:11.203	20150911 05:49:03.196	20150911 06:57:57.755	20150911 08:06:46.186	20150911 09:15:52.282	20150911 10:25:36.946	20150911 11:36:00.889	20150911 12:46:19.223	20150911 13:56:37.570	20150911 16:19:48.437	20150911 17:30:19.537	20150911 18:40:38.540	20150911 19:50:49.114	20150911 21:01:21.278	20150911 22:11:44.566	20150911 23:22:11.144	20150912 00:32:32.811	20150912 01:42:58.475	20150912 02:53:28.496	20150912 04:04:02.847
1	20150911 08:06:46.186	433.0	905.0	0.0	0.0	0.0	0.0	0.0	0.0	0.0	0.0	0.0	0.0	0.0	0.0	0.0	0.0	0.0	0.0	0.0	0.0	0.0	0.0	0.0	0.0	0.0	0.0	0.0	5.0	172.0	0.0	0.0	0.0	0.0	0.0	0.0	0.0	0.0	0.0	0.0	0.0	0.0	0.0	0.0	0.0	0.0	119.0	154.0	159.0	393.0	0.0	0.0	0.0	0.0	0.0	0.0	0.0	0.0	0.0	0.0	0.0	0.0	0.0	0.0	0.0	0.0
2	20150910 04:26:31.604	253.0	897.0	0.0	0.0	0.0	0.0	0.0	0.0	0.0	0.0	0.0	0.0	0.0	0.0	0.0	0.0	0.0	0.0	0.0	0.0	0.0	0.0	0.0	53.0	221.0	111.0	251.0	164.0	210.0	0.0	0.0	0.0	0.0	0.0	0.0	0.0	0.0	0.0	0.0	0.0	0.0	59.0	124.0	127.0	300.0	194.0	244.0	172.0	194.0	0.0	0.0	0.0	0.0	0.0	0.0	0.0	0.0	0.0	0.0	0.0	0.0	0.0	0.0	1.0	249.0
3	20150912 00:32:32.811	35.0	844.0	0.0	112.0	122.0	142.0	108.0	169.0	75.0	109.0	91.0	140.0	135.0	144.0	138.0	126.0	120.0	146.0	116.0	79.0	145.0	138.0	139.0	123.0	155.0	181.0	123.0	158.0	115.0	121.0	133.0	154.0	195.0	198.0	147.0	129.0	127.0	157.0	170.0	178.0	166.0	175.0	118.0	203.0	143.0	176.0	179.0	183.0	178.0	184.0	228.0	276.0	210.0	262.0	305.0	275.0	359.0	347.0	343.0	380.0	352.0	766.0	693.0	695.0	620.0
4	20150909 07:19:16.04	566.0	794.0	0.0	130.0	104.0	135.0	185.0	107.0	124.0	210.0	132.0	169.0	130.0	156.0	131.0	115.0	122.0	161.0	187.0	171.0	138.0	88.0	153.0	109.0	157.0	185.0	105.0	105.0	118.0	126.0	142.0	180.0	101.0	114.0	112.0	129.0	134.0	122.0	100.0	165.0	151.0	166.0	228.0	91.0	185.0	105.0	104.0	183.0	177.0	150.0	143.0	160.0	147.0	129.0	130.0	99.0	142.0	109.0	155.0	175.0	144.0	152.0	121.0	272.0	358.0
5	20150909 06:08:49.263	558.0	789.0	0.0	169.0	172.0	252.0	212.0	184.0	149.0	186.0	156.0	198.0	237.0	173.0	231.0	247.0	170.0	177.0	203.0	215.0	255.0	179.0	143.0	147.0	182.0	196.0	154.0	157.0	145.0	227.0	148.0	227.0	144.0	183.0	151.0	171.0	169.0	166.0	124.0	112.0	165.0	193.0	143.0	144.0	441.0	306.0	375.0	217.0	128.0	172.0	188.0	180.0	162.0	211.0	133.0	119.0	153.0	165.0	132.0	197.0	154.0	135.0	195.0	210.0	168.0
6	20150911 05:49:03.196	617.0	770.0	0.0	180.0	194.0	155.0	153.0	200.0	141.0	206.0	205.0	181.0	188.0	215.0	159.0	210.0	151.0	200.0	178.0	155.0	177.0	191.0	156.0	192.0	147.0	164.0	201.0	219.0	169.0	148.0	143.0	168.0	166.0	178.0	170.0	184.0	207.0	173.0	215.0	210.0	284.0	246.0	282.0	310.0	292.0	286.0	682.0	558.0	349.0	784.0	534.0	620.0	620.0	658.0	741.0	779.0	672.0	536.0	661.0	687.0	586.0	828.0	666.0	746.0	750.0
7	20150911 10:25:36.946	632.0	759.0	0.0	172.0	113.0	144.0	152.0	149.0	134.0	125.0	165.0	131.0	162.0	153.0	123.0	164.0	104.0	128.0	111.0	113.0	130.0	114.0	130.0	137.0	140.0	159.0	120.0	119.0	111.0	112.0	138.0	137.0	153.0	96.0	141.0	126.0	138.0	145.0	107.0	79.0	163.0	111.0	123.0	80.0	124.0	128.0	123.0	171.0	128.0	136.0	419.0	567.0	330.0	179.0	238.0	166.0	201.0	164.0	188.0	151.0	190.0	212.0	192.0	226.0	175.0
8	20150911 12:46:19.223	647.0	757.0	0.0	138.0	141.0	90.0	142.0	134.0	163.0	104.0	106.0	114.0	112.0	97.0	114.0	188.0	94.0	140.0	173.0	150.0	134.0	121.0	128.0	127.0	122.0	121.0	122.0	134.0	156.0	164.0	170.0	142.0	196.0	160.0	241.0	179.0	184.0	196.0	180.0	148.0	137.0	163.0	159.0	119.0	116.0	112.0	149.0	195.0	136.0	158.0	306.0	266.0	555.0	531.0	658.0	675.0	750.0	597.0	523.0	570.0	470.0	715.0	774.0	642.0	706.0
9	20150911 12:46:19.223	644.0	757.0	0.0	146.0	89.0	105.0	129.0	143.0	113.0	109.0	176.0	176.0	89.0	138.0	143.0	188.0	117.0	112.0	100.0	213.0	97.0	97.0	112.0	125.0	136.0	110.0	162.0	127.0	133.0	187.0	182.0	173.0	147.0	166.0	190.0	129.0	165.0	160.0	176.0	182.0	135.0	117.0	142.0	129.0	104.0	110.0	128.0	119.0	169.0	149.0	356.0	319.0	635.0	562.0	726.0	715.0	750.0	561.0	523.0	570.0	498.0	668.0	774.0	642.0	724.0
10	20150911 12:46:19.223	643.0	755.0	0.0	135.0	99.0	112.0	129.0	143.0	195.0	103.0	122.0	176.0	137.0	102.0	143.0	132.0	117.0	148.0	103.0	173.0	163.0	118.0	103.0	143.0	193.0	103.0	162.0	133.0	133.0	158.0	142.0	185.0	131.0	166.0	174.0	201.0	151.0	160.0	150.0	124.0	154.0	128.0	142.0	106.0	74.0	110.0	115.0	232.0	188.0	161.0	324.0	325.0	563.0	562.0	726.0	696.0	708.0	507.0	475.0	502.0	498.0	588.0	739.0	627.0	724.0
11	20150911 12:46:19.223	645.0	754.0	0.0	138.0	172.0	112.0	112.0	143.0	114.0	108.0	127.0	176.0	149.0	129.0	143.0	127.0	119.0	148.0	86.0	117.0	129.0	183.0	128.0	113.0	231.0	121.0	143.0	133.0	146.0	186.0	168.0	185.0	178.0	195.0	190.0	209.0	183.0	130.0	170.0	161.0	230.0	119.0	187.0	106.0	110.0	101.0	124.0	181.0	188.0	161.0	242.0	257.0	507.0	562.0	726.0	655.0	645.0	597.0	431.0	570.0	471.0	698.0	673.0	619.0	724.0
12	20150911 12:46:19.223	643.0	753.0	0.0	130.0	160.0	112.0	112.0	127.0	195.0	103.0	103.0	153.0	137.0	102.0	110.0	130.0	145.0	148.0	173.0	117.0	163.0	118.0	134.0	143.0	231.0	110.0	157.0	144.0	117.0	199.0	170.0	185.0	164.0	190.0	186.0	201.0	163.0	128.0	104.0	150.0	180.0	119.0	166.0	106.0	114.0	106.0	117.0	232.0	211.0	161.0	307.0	263.0	529.0	559.0	637.0	562.0	481.0	474.0	475.0	474.0	459.0	549.0	529.0	579.0	607.0
13	20150910 16:01:57.846	649.0	741.0	0.0	140.0	87.0	115.0	166.0	151.0	160.0	118.0	125.0	105.0	112.0	160.0	137.0	142.0	121.0	151.0	198.0	164.0	144.0	165.0	195.0	144.0	172.0	169.0	167.0	135.0	218.0	188.0	223.0	201.0	249.0	301.0	348.0	277.0	248.0	169.0	257.0	281.0	206.0	145.0	167.0	154.0	168.0	164.0	159.0	139.0	170.0	684.0	220.0	304.0	218.0	252.0	259.0	224.0	239.0	200.0	217.0	208.0	144.0	233.0	227.0	158.0	187.0
14	20150911 09:15:52.282	646.0	740.0	0.0	167.0	97.0	109.0	154.0	186.0	88.0	146.0	125.0	145.0	153.0	138.0	125.0	173.0	132.0	182.0	142.0	131.0	144.0	170.0	153.0	127.0	160.0	142.0	182.0	128.0	197.0	188.0	232.0	151.0	180.0	192.0	254.0	254.0	206.0	197.0	219.0	188.0	235.0	142.0	107.0	133.0	194.0	172.0	134.0	181.0	161.0	661.0	209.0	220.0	177.0	252.0	226.0	218.0	253.0	165.0	217.0	198.0	193.0	209.0	188.0	185.0	144.0
15	20150910 16:01:57.846	649.0	738.0	0.0	127.0	205.0	118.0	122.0	143.0	127.0	140.0	127.0	121.0	149.0	132.0	121.0	137.0	119.0	151.0	159.0	136.0	118.0	149.0	195.0	186.0	162.0	145.0	196.0	174.0	218.0	199.0	270.0	264.0	250.0	192.0	350.0	307.0	253.0	226.0	373.0	281.0	219.0	196.0	155.0	214.0	251.0	180.0	203.0	166.0	222.0	641.0	209.0	263.0	218.0	237.0	265.0	224.0	239.0	227.0	184.0	208.0	208.0	194.0	307.0	229.0	197.0
16	20150910 02:05:49.340	574.0	695.0	0.0	227.0	206.0	224.0	207.0	216.0	254.0	202.0	194.0	185.0	266.0	209.0	227.0	184.0	223.0	305.0	182.0	223.0	208.0	241.0	386.0	189.0	271.0	201.0	324.0	231.0	382.0	233.0	300.0	280.0	320.0	357.0	568.0	369.0	311.0	321.0	712.0	720.0	332.0	375.0	345.0	413.0	667.0	688.0	601.0	396.0	463.0	634.0	351.0	410.0	348.0	354.0	723.0	744.0	730.0	313.0	316.0	367.0	373.0	565.0	654.0	740.0	740.0
17	20150910 16:01:57.846	576.0	694.0	0.0	227.0	206.0	224.0	207.0	214.0	254.0	204.0	209.0	259.0	266.0	217.0	227.0	184.0	223.0	305.0	204.0	237.0	208.0	270.0	386.0	218.0	373.0	182.0	324.0	270.0	358.0	188.0	282.0	284.0	265.0	357.0	577.0	369.0	296.0	357.0	712.0	720.0	332.0	375.0	345.0	413.0	667.0	688.0	601.0	396.0	463.0	634.0	317.0	410.0	269.0	332.0	754.0	744.0	730.0	261.0	361.0	367.0	394.0	598.0	738.0	818.0	789.0
18	20150910 16:01:57.846	574.0	693.0	0.0	176.0	163.0	224.0	200.0	214.0	254.0	204.0	209.0	214.0	266.0	209.0	175.0	184.0	223.0	305.0	182.0	198.0	208.0	241.0	386.0	202.0	241.0	166.0	324.0	231.0	342.0	219.0	300.0	280.0	320.0	357.0	527.0	364.0	314.0	320.0	641.0	720.0	299.0	375.0	341.0	383.0	667.0	688.0	601.0	396.0	463.0	634.0	351.0	410.0	348.0	354.0	754.0	744.0	730.0	351.0	316.0	367.0	394.0	598.0	738.0	818.0	805.0
19	20150910 16:01:57.846	572.0	692.0	0.0	273.0	170.0	156.0	122.0	192.0	163.0	164.0	183.0	166.0	167.0	143.0	175.0	127.0	115.0	189.0	162.0	198.0	179.0	208.0	210.0	202.0	204.0	166.0	205.0	204.0	233.0	219.0	250.0	271.0	320.0	223.0	421.0	228.0	314.0	284.0	528.0	517.0	266.0	227.0	284.0	267.0	437.0	564.0	434.0	261.0	386.0	463.0	351.0	403.0	314.0	342.0	612.0	656.0	606.0	351.0	316.0	326.0	349.0	594.0	736.0	812.0	805.0
20	20150910 16:01:57.846	576.0	691.0	0.0	185.0	170.0	175.0	142.0	179.0	157.0	204.0	209.0	214.0	190.0	180.0	185.0	153.0	204.0	203.0	153.0	191.0	196.0	252.0	242.0	218.0	238.0	184.0	263.0	248.0	209.0	230.0	299.0	189.0	252.0	294.0	508.0	284.0	257.0	247.0	504.0	619.0	249.0	279.0	258.0	268.0	463.0	608.0	515.0	293.0	446.0	570.0	321.0	349.0	277.0	317.0	754.0	661.0	683.0	283.0	302.0	343.0	394.0	598.0	738.0	818.0	801.0
21	20150910 16:01:57.846	574.0	690.0	0.0	166.0	170.0	175.0	142.0	134.0	159.0	187.0	166.0	177.0	164.0	180.0	184.0	147.0	133.0	189.0	169.0	193.0	210.0	157.0	231.0	202.0	238.0	184.0	209.0	182.0	168.0	230.0	229.0	180.0	250.0	286.0	407.0	254.0	312.0	284.0	370.0	401.0	247.0	223.0	272.0	268.0	405.0	438.0	402.0	259.0	430.0	570.0	321.0	261.0	275.0	318.0	643.0	621.0	648.0	351.0	296.0	326.0	332.0	563.0	639.0	797.0	801.0
22	20150909 03:48:02.71	632.0	678.0	0.0	174.0	116.0	156.0	158.0	170.0	117.0	130.0	95.0	201.0	122.0	121.0	207.0	138.0	126.0	89.0	134.0	132.0	136.0	134.0	93.0	199.0	170.0	143.0	133.0	115.0	110.0	137.0	153.0	99.0	83.0	118.0	118.0	108.0	106.0	136.0	127.0	106.0	118.0	145.0	125.0	134.0	303.0	101.0	159.0	124.0	102.0	103.0	106.0	131.0	123.0	93.0	128.0	113.0	109.0	124.0	85.0	131.0	138.0	126.0	112.0	129.0	178.0
23	20150910 17:11:06.106	636.0	676.0	0.0	101.0	148.0	122.0	125.0	162.0	132.0	154.0	112.0	120.0	113.0	138.0	131.0	144.0	133.0	129.0	120.0	123.0	121.0	147.0	135.0	116.0	104.0	123.0	161.0	116.0	123.0	137.0	166.0	102.0	145.0	123.0	117.0	179.0	156.0	161.0	121.0	92.0	166.0	99.0	92.0	127.0	353.0	109.0	195.0	131.0	159.0	155.0	110.0	134.0	128.0	101.0	79.0	206.0	106.0	166.0	93.0	127.0	150.0	98.0	163.0	144.0	127.0
24	20150910 12:34:57.469	556.0	668.0	0.0	150.0	97.0	120.0	102.0	186.0	133.0	184.0	129.0	137.0	117.0	123.0	148.0	133.0	145.0	140.0	117.0	136.0	169.0	150.0	92.0	118.0	147.0	133.0	167.0	144.0	129.0	133.0	180.0	201.0	183.0	165.0	228.0	205.0	200.0	200.0	202.0	223.0	217.0	200.0	252.0	187.0	208.0	168.0	180.0	197.0	141.0	108.0	203.0	178.0	174.0	200.0	169.0	189.0	120.0	195.0	219.0	200.0	194.0	186.0	162.0	332.0	384.0
25	20150909 08:29:33.08	556.0	666.0	0.0	150.0	89.0	120.0	112.0	205.0	147.0	135.0	146.0	166.0	152.0	101.0	126.0	163.0	113.0	158.0	127.0	136.0	160.0	150.0	97.0	131.0	110.0	113.0	167.0	125.0	126.0	102.0	169.0	164.0	183.0	191.0	211.0	205.0	200.0	200.0	206.0	223.0	239.0	241.0	180.0	178.0	208.0	168.0	185.0	197.0	180.0	141.0	203.0	178.0	207.0	200.0	143.0	145.0	98.0	195.0	214.0	200.0	191.0	222.0	276.0	332.0	384.0
26	20150909 08:29:33.08	554.0	666.0	1.0	150.0	160.0	128.0	102.0	205.0	147.0	135.0	146.0	172.0	159.0	140.0	126.0	163.0	89.0	84.0	117.0	136.0	163.0	132.0	105.0	158.0	135.0	126.0	167.0	137.0	113.0	134.0	139.0	162.0	159.0	154.0	196.0	205.0	209.0	200.0	188.0	184.0	187.0	220.0	224.0	132.0	189.0	164.0	180.0	197.0	154.0	171.0	186.0	176.0	207.0	113.0	143.0	145.0	160.0	177.0	214.0	200.0	184.0	215.0	152.0	332.0	371.0
27	20150909 06:08:49.263	654.0	649.0	0.0	119.0	152.0	176.0	130.0	87.0	96.0	194.0	83.0	113.0	128.0	193.0	124.0	128.0	82.0	105.0	101.0	93.0	192.0	92.0	126.0	96.0	116.0	154.0	110.0	78.0	134.0	138.0	123.0	140.0	144.0	137.0	97.0	134.0	152.0	91.0	136.0	150.0	185.0	116.0	190.0	179.0	123.0	116.0	334.0	95.0	155.0	125.0	135.0	92.0	142.0	133.0	117.0	168.0	132.0	160.0	156.0	138.0	123.0	103.0	136.0	153.0	160.0
28	20150911 01:13:30.673	656.0	640.0	0.0	82.0	116.0	125.0	137.0	134.0	116.0	119.0	125.0	141.0	101.0	105.0	81.0	141.0	117.0	105.0	111.0	129.0	135.0	126.0	135.0	127.0	121.0	102.0	137.0	103.0	142.0	159.0	119.0	160.0	98.0	146.0	185.0	103.0	109.0	133.0	112.0	149.0	136.0	168.0	483.0	392.0	99.0	143.0	158.0	185.0	138.0	153.0	151.0	115.0	124.0	93.0	103.0	117.0	138.0	154.0	90.0	153.0	152.0	146.0	186.0	90.0	129.0
29	20150911 00:04:37.577	658.0	639.0	0.0	91.0	143.0	117.0	108.0	150.0	123.0	150.0	97.0	104.0	129.0	75.0	75.0	107.0	105.0	105.0	86.0	129.0	135.0	174.0	135.0	127.0	138.0	110.0	97.0	106.0	139.0	159.0	156.0	160.0	124.0	137.0	95.0	136.0	101.0	133.0	115.0	149.0	100.0	273.0	348.0	392.0	99.0	214.0	171.0	151.0	143.0	153.0	145.0	105.0	246.0	74.0	133.0	128.0	82.0	154.0	182.0	111.0	136.0	146.0	186.0	152.0	116.0
30	20150911 00:04:37.577	659.0	637.0	0.0	100.0	154.0	124.0	88.0	150.0	112.0	143.0	172.0	120.0	129.0	138.0	126.0	103.0	130.0	105.0	155.0	99.0	125.0	126.0	86.0	107.0	107.0	110.0	120.0	108.0	127.0	123.0	118.0	123.0	120.0	79.0	102.0	136.0	108.0	129.0	161.0	130.0	147.0	308.0	204.0	392.0	145.0	224.0	123.0	148.0	143.0	153.0	145.0	105.0	128.0	171.0	133.0	128.0	82.0	129.0	182.0	122.0	95.0	152.0	115.0	108.0	144.0
31	20150909 03:48:02.71	662.0	636.0	0.0	157.0	150.0	153.0	100.0	101.0	86.0	128.0	172.0	117.0	146.0	164.0	126.0	144.0	130.0	173.0	129.0	104.0	122.0	83.0	164.0	139.0	150.0	137.0	124.0	126.0	94.0	112.0	126.0	89.0	143.0	126.0	124.0	93.0	151.0	150.0	127.0	117.0	95.0	297.0	192.0	269.0	137.0	280.0	143.0	137.0	127.0	114.0	101.0	156.0	150.0	171.0	103.0	91.0	153.0	174.0	137.0	177.0	107.0	131.0	156.0	105.0	135.0
32	20150910 12:34:57.469	666.0	622.0	0.0	119.0	140.0	120.0	120.0	142.0	114.0	132.0	73.0	181.0	141.0	99.0	104.0	117.0	126.0	125.0	144.0	159.0	140.0	92.0	136.0	82.0	144.0	93.0	104.0	123.0	120.0	108.0	89.0	370.0	296.0	365.0	442.0	206.0	129.0	159.0	97.0	109.0	239.0	198.0	288.0	120.0	480.0	231.0	422.0	261.0	173.0	188.0	142.0	125.0	107.0	94.0	173.0	142.0	174.0	137.0	96.0	115.0	118.0	122.0	138.0	203.0	141.0
33	20150910 12:34:57.469	669.0	620.0	0.0	136.0	104.0	103.0	87.0	127.0	146.0	109.0	168.0	180.0	111.0	104.0	105.0	149.0	117.0	150.0	129.0	159.0	127.0	114.0	130.0	96.0	98.0	93.0	167.0	129.0	90.0	115.0	130.0	461.0	356.0	371.0	376.0	271.0	209.0	245.0	237.0	149.0	135.0	229.0	261.0	142.0	480.0	350.0	422.0	241.0	195.0	188.0	108.0	157.0	125.0	124.0	162.0	163.0	169.0	117.0	117.0	102.0	133.0	203.0	138.0	150.0	146.0
34	20150910 12:34:57.469	666.0	620.0	0.0	158.0	140.0	132.0	120.0	99.0	119.0	91.0	103.0	181.0	121.0	122.0	107.0	161.0	117.0	103.0	144.0	159.0	140.0	89.0	112.0	78.0	110.0	175.0	117.0	123.0	118.0	97.0	92.0	386.0	378.0	365.0	486.0	271.0	197.0	177.0	237.0	157.0	252.0	256.0	305.0	121.0	480.0	279.0	422.0	277.0	188.0	200.0	142.0	103.0	170.0	95.0	173.0	123.0	174.0	133.0	124.0	77.0	118.0	140.0	93.0	133.0	146.0
35	20150910 12:34:57.469	668.0	618.0	0.0	158.0	112.0	125.0	90.0	99.0	146.0	104.0	147.0	161.0	121.0	104.0	107.0	98.0	155.0	100.0	129.0	132.0	126.0	118.0	81.0	119.0	98.0	101.0	143.0	128.0	117.0	115.0	134.0	477.0	383.0	371.0	486.0	271.0	229.0	278.0	296.0	157.0	159.0	264.0	370.0	139.0	339.0	398.0	298.0	293.0	214.0	375.0	90.0	103.0	170.0	90.0	132.0	150.0	144.0	117.0	124.0	114.0	111.0	150.0	88.0	170.0	146.0
36	20150910 12:34:57.469	667.0	616.0	0.0	160.0	121.0	95.0	107.0	126.0	101.0	109.0	100.0	123.0	115.0	140.0	103.0	118.0	121.0	100.0	124.0	111.0	126.0	87.0	94.0	122.0	96.0	101.0	142.0	129.0	117.0	121.0	108.0	405.0	486.0	344.0	303.0	265.0	229.0	252.0	390.0	136.0	234.0	298.0	370.0	139.0	380.0	398.0	304.0	309.0	214.0	375.0	106.0	112.0	136.0	104.0	132.0	134.0	166.0	113.0	121.0	114.0	109.0	166.0	151.0	174.0	122.0
37	20150910 12:34:57.469	665.0	614.0	0.0	160.0	125.0	108.0	115.0	121.0	82.0	145.0	129.0	183.0	97.0	99.0	103.0	142.0	100.0	91.0	82.0	113.0	121.0	120.0	110.0	123.0	123.0	124.0	151.0	139.0	94.0	182.0	100.0	395.0	505.0	407.0	417.0	292.0	252.0	303.0	292.0	195.0	269.0	347.0	356.0	165.0	380.0	292.0	304.0	322.0	228.0	375.0	113.0	112.0	184.0	157.0	116.0	118.0	166.0	132.0	164.0	160.0	125.0	137.0	151.0	174.0	134.0
38	20150910 12:34:57.469	665.0	612.0	0.0	121.0	97.0	102.0	115.0	121.0	81.0	145.0	129.0	183.0	125.0	118.0	109.0	111.0	85.0	86.0	150.0	121.0	133.0	120.0	105.0	123.0	123.0	124.0	151.0	139.0	163.0	182.0	106.0	356.0	505.0	257.0	417.0	363.0	283.0	303.0	308.0	239.0	268.0	347.0	404.0	165.0	323.0	292.0	285.0	322.0	228.0	350.0	95.0	169.0	184.0	157.0	161.0	159.0	133.0	142.0	164.0	152.0	150.0	122.0	111.0	143.0	112.0
39	20150910 12:34:57.469	665.0	610.0	0.0	125.0	148.0	102.0	107.0	107.0	77.0	166.0	136.0	144.0	128.0	118.0	117.0	117.0	115.0	119.0	150.0	121.0	133.0	116.0	121.0	139.0	123.0	111.0	148.0	118.0	163.0	105.0	176.0	406.0	480.0	253.0	315.0	363.0	283.0	306.0	342.0	239.0	240.0	321.0	404.0	149.0	301.0	213.0	234.0	283.0	225.0	350.0	116.0	169.0	144.0	164.0	161.0	159.0	133.0	193.0	113.0	156.0	164.0	113.0	104.0	143.0	144.0
40	20150910 11:25:57.789	680.0	588.0	0.0	111.0	123.0	140.0	143.0	129.0	182.0	119.0	107.0	141.0	134.0	176.0	179.0	113.0	120.0	114.0	146.0	136.0	114.0	108.0	106.0	139.0	130.0	102.0	125.0	120.0	99.0	173.0	226.0	210.0	156.0	191.0	140.0	332.0	319.0	349.0	153.0	124.0	232.0	229.0	151.0	329.0	178.0	127.0	143.0	233.0	158.0	162.0	168.0	180.0	132.0	195.0	205.0	321.0	376.0	378.0	298.0	313.0	268.0	161.0	118.0	141.0	161.0
41	20150909 03:48:02.71	685.0	583.0	0.0	192.0	135.0	156.0	135.0	94.0	166.0	153.0	173.0	136.0	154.0	109.0	202.0	89.0	106.0	83.0	128.0	117.0	107.0	133.0	104.0	121.0	136.0	114.0	133.0	111.0	124.0	157.0	164.0	145.0	121.0	161.0	172.0	228.0	225.0	219.0	175.0	168.0	184.0	137.0	140.0	175.0	124.0	168.0	180.0	169.0	134.0	176.0	213.0	306.0	162.0	352.0	336.0	206.0	247.0	248.0	355.0	253.0	312.0	167.0	145.0	147.0	143.0
42	20150911 12:46:19.223	695.0	572.0	0.0	152.0	128.0	102.0	114.0	104.0	135.0	118.0	93.0	147.0	123.0	128.0	133.0	124.0	126.0	124.0	111.0	81.0	136.0	113.0	105.0	105.0	93.0	110.0	144.0	153.0	152.0	181.0	166.0	196.0	85.0	168.0	166.0	137.0	166.0	135.0	111.0	165.0	192.0	134.0	168.0	110.0	138.0	168.0	189.0	167.0	161.0	250.0	236.0	195.0	320.0	175.0	196.0	520.0	198.0	324.0	221.0	407.0	165.0	324.0	199.0	175.0	183.0
43	20150911 12:46:19.223	697.0	566.0	0.0	146.0	128.0	112.0	139.0	141.0	138.0	137.0	109.0	121.0	204.0	148.0	134.0	121.0	143.0	128.0	117.0	137.0	148.0	104.0	101.0	130.0	85.0	118.0	103.0	145.0	67.0	191.0	188.0	103.0	147.0	120.0	151.0	119.0	118.0	92.0	129.0	173.0	152.0	151.0	122.0	134.0	172.0	139.0	227.0	283.0	156.0	221.0	192.0	181.0	356.0	148.0	605.0	220.0	211.0	408.0	326.0	264.0	337.0	200.0	134.0	142.0	164.0
44	20150911 09:15:52.282	704.0	561.0	0.0	132.0	126.0	165.0	132.0	116.0	150.0	168.0	95.0	146.0	105.0	189.0	136.0	123.0	140.0	103.0	118.0	92.0	113.0	163.0	90.0	131.0	119.0	129.0	100.0	140.0	142.0	136.0	141.0	143.0	119.0	89.0	118.0	131.0	112.0	127.0	107.0	170.0	135.0	92.0	153.0	161.0	141.0	139.0	124.0	131.0	193.0	476.0	226.0	238.0	379.0	192.0	178.0	143.0	434.0	273.0	243.0	165.0	396.0	233.0	194.0	160.0	185.0
45	20150911 09:15:52.282	701.0	560.0	0.0	174.0	103.0	150.0	177.0	106.0	97.0	141.0	124.0	146.0	107.0	189.0	136.0	153.0	105.0	118.0	118.0	115.0	233.0	142.0	104.0	140.0	65.0	110.0	149.0	131.0	158.0	131.0	141.0	133.0	98.0	179.0	135.0	122.0	96.0	93.0	95.0	170.0	144.0	154.0	199.0	167.0	183.0	196.0	132.0	147.0	162.0	448.0	240.0	267.0	379.0	206.0	196.0	139.0	376.0	323.0	259.0	209.0	483.0	205.0	194.0	214.0	149.0
46	20150910 21:46:46.691	692.0	558.0	0.0	120.0	123.0	118.0	120.0	159.0	143.0	174.0	123.0	163.0	112.0	170.0	157.0	152.0	108.0	106.0	139.0	139.0	116.0	161.0	123.0	125.0	135.0	126.0	144.0	138.0	137.0	181.0	160.0	149.0	174.0	125.0	141.0	160.0	133.0	147.0	112.0	423.0	316.0	344.0	338.0	198.0	427.0	358.0	442.0	313.0	252.0	375.0	311.0	333.0	260.0	216.0	323.0	257.0	375.0	387.0	370.0	364.0	500.0	420.0	440.0	450.0	345.0
47	20150910 21:46:46.691	692.0	556.0	0.0	126.0	140.0	118.0	150.0	159.0	143.0	174.0	123.0	163.0	123.0	130.0	148.0	152.0	109.0	106.0	182.0	124.0	116.0	195.0	113.0	119.0	135.0	155.0	144.0	118.0	166.0	191.0	140.0	149.0	138.0	130.0	121.0	185.0	177.0	147.0	121.0	610.0	316.0	402.0	331.0	202.0	238.0	290.0	253.0	313.0	252.0	375.0	322.0	333.0	315.0	288.0	377.0	427.0	438.0	335.0	362.0	365.0	386.0	420.0	481.0	533.0	412.0
48	20150910 21:46:46.691	693.0	553.0	0.0	145.0	120.0	115.0	103.0	138.0	142.0	120.0	155.0	120.0	126.0	184.0	151.0	134.0	137.0	125.0	178.0	120.0	155.0	195.0	113.0	123.0	132.0	92.0	215.0	121.0	172.0	191.0	132.0	138.0	152.0	114.0	107.0	185.0	177.0	116.0	134.0	610.0	367.0	330.0	264.0	342.0	133.0	170.0	170.0	213.0	198.0	248.0	322.0	289.0	317.0	366.0	442.0	441.0	438.0	282.0	234.0	290.0	308.0	364.0	481.0	391.0	412.0
49	20150910 21:46:46.691	697.0	552.0	0.0	169.0	119.0	121.0	115.0	148.0	142.0	141.0	193.0	140.0	117.0	147.0	176.0	163.0	136.0	158.0	127.0	117.0	142.0	110.0	151.0	181.0	101.0	76.0	131.0	98.0	181.0	131.0	198.0	131.0	119.0	182.0	154.0	145.0	97.0	100.0	136.0	264.0	315.0	207.0	181.0	314.0	150.0	167.0	125.0	201.0	149.0	163.0	390.0	426.0	341.0	381.0	393.0	412.0	255.0	257.0	159.0	213.0	399.0	219.0	225.0	187.0	164.0
50	20150910 21:46:46.691	695.0	552.0	0.0	138.0	120.0	112.0	115.0	142.0	142.0	141.0	155.0	140.0	126.0	184.0	170.0	163.0	137.0	158.0	152.0	120.0	155.0	110.0	119.0	181.0	157.0	76.0	134.0	135.0	178.0	131.0	171.0	130.0	152.0	107.0	154.0	145.0	112.0	116.0	134.0	371.0	359.0	242.0	264.0	342.0	150.0	170.0	137.0	174.0	149.0	190.0	390.0	409.0	394.0	381.0	424.0	441.0	399.0	257.0	232.0	213.0	399.0	264.0	305.0	294.0	273.0
51	20150911 04:40:11.203	701.0	501.0	0.0	171.0	78.0	103.0	104.0	123.0	106.0	105.0	154.0	121.0	146.0	125.0	117.0	126.0	119.0	151.0	119.0	133.0	141.0	112.0	126.0	100.0	118.0	103.0	134.0	119.0	166.0	142.0	99.0	109.0	173.0	158.0	156.0	124.0	147.0	84.0	166.0	141.0	194.0	212.0	310.0	151.0	156.0	416.0	140.0	250.0	172.0	172.0	618.0	669.0	160.0	180.0	416.0	173.0	530.0	193.0	179.0	361.0	159.0	563.0	479.0	503.0	158.0
52	20150911 01:13:30.673	703.0	498.0	0.0	159.0	93.0	101.0	48.0	123.0	107.0	173.0	97.0	159.0	115.0	120.0	116.0	128.0	122.0	128.0	109.0	92.0	102.0	216.0	125.0	123.0	109.0	133.0	165.0	119.0	124.0	176.0	83.0	152.0	138.0	152.0	130.0	124.0	145.0	142.0	137.0	131.0	171.0	331.0	527.0	156.0	441.0	225.0	137.0	155.0	149.0	154.0	753.0	657.0	364.0	159.0	171.0	499.0	469.0	245.0	597.0	464.0	215.0	344.0	194.0	503.0	199.0
53	20150910 21:46:46.691	706.0	499.0	0.0	145.0	74.0	122.0	117.0	86.0	113.0	125.0	132.0	123.0	175.0	137.0	116.0	125.0	119.0	97.0	128.0	106.0	127.0	216.0	100.0	142.0	144.0	133.0	142.0	102.0	132.0	151.0	136.0	170.0	143.0	137.0	138.0	118.0	147.0	107.0	131.0	354.0	186.0	490.0	664.0	118.0	652.0	208.0	162.0	215.0	149.0	120.0	649.0	474.0	448.0	193.0	179.0	355.0	398.0	242.0	460.0	454.0	232.0	181.0	170.0	308.0	211.0
54	20150911 01:13:30.673	701.0	499.0	0.0	171.0	81.0	93.0	81.0	123.0	93.0	106.0	113.0	121.0	146.0	125.0	117.0	128.0	114.0	127.0	149.0	102.0	102.0	133.0	125.0	114.0	109.0	92.0	103.0	119.0	109.0	167.0	107.0	147.0	173.0	158.0	156.0	124.0	101.0	142.0	112.0	181.0	194.0	233.0	386.0	148.0	212.0	367.0	137.0	182.0	93.0	172.0	663.0	663.0	189.0	155.0	416.0	422.0	514.0	207.0	209.0	361.0	160.0	563.0	353.0	503.0	131.0
55	20150911 00:04:37.577	706.0	495.0	0.0	160.0	75.0	146.0	121.0	104.0	107.0	109.0	112.0	172.0	131.0	102.0	117.0	89.0	165.0	194.0	138.0	90.0	101.0	134.0	102.0	128.0	85.0	126.0	162.0	75.0	119.0	149.0	155.0	153.0	153.0	180.0	191.0	86.0	155.0	138.0	120.0	261.0	210.0	671.0	734.0	164.0	474.0	176.0	145.0	207.0	186.0	190.0	475.0	256.0	803.0	575.0	139.0	445.0	198.0	670.0	666.0	518.0	428.0	190.0	144.0	197.0	524.0
56	20150911 00:04:37.577	703.0	494.0	0.0	118.0	113.0	146.0	83.0	110.0	85.0	144.0	126.0	175.0	121.0	112.0	126.0	123.0	143.0	145.0	133.0	135.0	125.0	109.0	94.0	103.0	107.0	126.0	162.0	96.0	149.0	215.0	141.0	153.0	127.0	153.0	156.0	139.0	125.0	119.0	120.0	170.0	166.0	488.0	540.0	152.0	343.0	176.0	155.0	151.0	93.0	129.0	516.0	256.0	803.0	472.0	173.0	526.0	249.0	426.0	595.0	529.0	315.0	161.0	174.0	335.0	542.0
57	20150910 22:55:42.859	708.0	491.0	0.0	137.0	97.0	153.0	120.0	158.0	132.0	118.0	82.0	163.0	107.0	125.0	92.0	124.0	160.0	86.0	172.0	68.0	133.0	154.0	117.0	115.0	81.0	126.0	136.0	145.0	146.0	197.0	175.0	131.0	182.0	117.0	175.0	165.0	112.0	146.0	195.0	231.0	373.0	596.0	416.0	225.0	169.0	171.0	179.0	189.0	147.0	160.0	177.0	222.0	578.0	721.0	170.0	239.0	167.0	702.0	351.0	420.0	640.0	195.0	118.0	187.0	422.0
58	20150911 00:04:37.577	705.0	491.0	0.0	131.0	127.0	130.0	120.0	171.0	98.0	104.0	78.0	179.0	110.0	125.0	164.0	124.0	160.0	113.0	86.0	138.0	184.0	131.0	124.0	109.0	99.0	108.0	126.0	111.0	146.0	197.0	141.0	148.0	135.0	127.0	128.0	114.0	111.0	146.0	116.0	154.0	162.0	431.0	416.0	152.0	216.0	145.0	210.0	143.0	147.0	115.0	233.0	199.0	649.0	664.0	202.0	363.0	169.0	702.0	477.0	529.0	640.0	178.0	174.0	233.0	542.0
59	20150911 06:57:57.755	875.0	468.0	0.0	0.0	0.0	0.0	0.0	0.0	0.0	0.0	0.0	0.0	0.0	0.0	0.0	0.0	0.0	0.0	0.0	0.0	0.0	0.0	0.0	0.0	0.0	0.0	0.0	0.0	0.0	0.0	0.0	0.0	0.0	0.0	0.0	0.0	0.0	0.0	0.0	0.0	0.0	0.0	0.0	0.0	0.0	0.0	0.0	352.0	371.0	0.0	0.0	0.0	0.0	0.0	0.0	0.0	0.0	0.0	0.0	0.0	0.0	0.0	0.0	0.0	0.0
60	20150911 06:57:57.755	863.0	467.0	0.0	0.0	0.0	0.0	0.0	0.0	0.0	0.0	0.0	0.0	0.0	0.0	0.0	0.0	0.0	0.0	0.0	0.0	0.0	0.0	0.0	0.0	0.0	0.0	0.0	0.0	0.0	0.0	0.0	0.0	0.0	0.0	0.0	0.0	0.0	0.0	0.0	0.0	0.0	0.0	0.0	0.0	0.0	0.0	144.0	367.0	502.0	0.0	0.0	0.0	0.0	0.0	0.0	0.0	0.0	0.0	0.0	0.0	0.0	0.0	0.0	0.0	0.0
61	20150911 06:57:57.755	876.0	466.0	0.0	0.0	0.0	0.0	0.0	0.0	0.0	0.0	0.0	0.0	0.0	0.0	0.0	0.0	0.0	0.0	0.0	0.0	0.0	0.0	0.0	0.0	0.0	0.0	0.0	0.0	0.0	0.0	0.0	0.0	0.0	0.0	0.0	0.0	0.0	0.0	0.0	0.0	0.0	0.0	0.0	0.0	0.0	0.0	0.0	432.0	371.0	0.0	0.0	0.0	0.0	0.0	0.0	0.0	0.0	0.0	0.0	0.0	0.0	0.0	0.0	0.0	0.0
62	20150911 06:57:57.755	865.0	466.0	0.0	0.0	0.0	0.0	0.0	0.0	0.0	0.0	0.0	0.0	0.0	0.0	0.0	0.0	0.0	0.0	0.0	0.0	0.0	0.0	0.0	0.0	0.0	0.0	0.0	0.0	0.0	0.0	0.0	0.0	0.0	0.0	0.0	0.0	0.0	0.0	0.0	0.0	0.0	0.0	0.0	0.0	0.0	0.0	124.0	473.0	502.0	0.0	0.0	0.0	0.0	0.0	0.0	0.0	0.0	0.0	0.0	0.0	0.0	0.0	0.0	0.0	0.0
63	20150911 06:57:57.755	865.0	464.0	0.0	0.0	0.0	0.0	0.0	0.0	0.0	0.0	0.0	0.0	0.0	0.0	0.0	0.0	0.0	0.0	0.0	0.0	0.0	0.0	0.0	0.0	0.0	0.0	0.0	0.0	0.0	0.0	0.0	0.0	0.0	0.0	0.0	0.0	0.0	0.0	0.0	0.0	0.0	0.0	0.0	0.0	0.0	0.0	183.0	473.0	502.0	0.0	0.0	0.0	0.0	0.0	0.0	0.0	0.0	0.0	0.0	0.0	0.0	0.0	0.0	0.0	0.0
64	20150911 06:57:57.755	861.0	464.0	0.0	0.0	0.0	0.0	0.0	0.0	0.0	0.0	0.0	0.0	0.0	0.0	0.0	0.0	0.0	0.0	0.0	0.0	0.0	0.0	0.0	0.0	0.0	0.0	0.0	0.0	1.0	0.0	0.0	0.0	0.0	0.0	0.0	0.0	0.0	0.0	0.0	0.0	0.0	0.0	0.0	0.0	0.0	0.0	217.0	388.0	542.0	0.0	0.0	0.0	0.0	0.0	0.0	0.0	0.0	0.0	0.0	0.0	0.0	0.0	0.0	0.0	0.0
65	20150911 06:57:57.755	877.0	462.0	0.0	0.0	0.0	0.0	0.0	0.0	0.0	0.0	0.0	0.0	0.0	0.0	0.0	0.0	0.0	0.0	0.0	0.0	0.0	0.0	0.0	0.0	0.0	0.0	0.0	0.0	0.0	0.0	0.0	0.0	0.0	0.0	0.0	0.0	0.0	0.0	0.0	0.0	0.0	0.0	0.0	0.0	0.0	0.0	0.0	435.0	250.0	0.0	0.0	0.0	0.0	0.0	0.0	0.0	0.0	0.0	0.0	0.0	0.0	0.0	0.0	0.0	0.0
66	20150911 08:06:46.186	889.0	460.0	0.0	0.0	0.0	0.0	0.0	0.0	0.0	0.0	0.0	0.0	0.0	0.0	0.0	0.0	0.0	0.0	0.0	0.0	0.0	0.0	0.0	0.0	0.0	0.0	0.0	0.0	0.0	0.0	0.0	0.0	0.0	0.0	0.0	0.0	0.0	0.0	0.0	0.0	0.0	0.0	0.0	0.0	0.0	0.0	0.0	0.0	594.0	0.0	0.0	0.0	0.0	0.0	0.0	0.0	0.0	0.0	0.0	0.0	0.0	0.0	0.0	0.0	0.0
67	20150911 06:57:57.755	871.0	460.0	0.0	0.0	0.0	0.0	0.0	0.0	0.0	0.0	0.0	0.0	0.0	0.0	0.0	0.0	0.0	0.0	0.0	0.0	0.0	0.0	0.0	0.0	0.0	0.0	0.0	0.0	0.0	0.0	0.0	0.0	0.0	0.0	0.0	0.0	0.0	0.0	0.0	0.0	0.0	0.0	0.0	0.0	0.0	0.0	1.0	448.0	313.0	0.0	0.0	0.0	0.0	0.0	0.0	0.0	0.0	0.0	0.0	0.0	0.0	0.0	0.0	0.0	0.0
68	20150911 06:57:57.755	877.0	459.0	0.0	0.0	0.0	0.0	0.0	0.0	0.0	0.0	0.0	0.0	0.0	0.0	0.0	0.0	0.0	0.0	0.0	0.0	0.0	0.0	0.0	0.0	0.0	0.0	0.0	0.0	0.0	0.0	0.0	0.0	0.0	0.0	0.0	0.0	0.0	0.0	0.0	0.0	0.0	0.0	0.0	0.0	0.0	0.0	0.0	445.0	182.0	0.0	0.0	0.0	0.0	0.0	0.0	0.0	0.0	0.0	0.0	0.0	0.0	0.0	0.0	0.0	0.0
69	20150911 08:06:46.186	891.0	458.0	0.0	0.0	0.0	0.0	0.0	0.0	0.0	0.0	0.0	0.0	0.0	0.0	0.0	0.0	0.0	0.0	0.0	0.0	0.0	0.0	0.0	0.0	0.0	0.0	0.0	0.0	0.0	0.0	0.0	0.0	0.0	0.0	0.0	0.0	0.0	0.0	0.0	0.0	0.0	0.0	0.0	0.0	0.0	0.0	0.0	0.0	643.0	0.0	0.0	0.0	0.0	0.0	0.0	0.0	0.0	0.0	0.0	0.0	0.0	0.0	0.0	0.0	0.0
70	20150911 08:06:46.186	889.0	458.0	0.0	0.0	0.0	0.0	0.0	0.0	0.0	0.0	0.0	0.0	0.0	0.0	0.0	0.0	0.0	0.0	0.0	0.0	0.0	0.0	0.0	0.0	0.0	0.0	0.0	0.0	0.0	0.0	0.0	0.0	0.0	0.0	0.0	0.0	0.0	0.0	0.0	0.0	0.0	0.0	0.0	0.0	0.0	0.0	0.0	0.0	594.0	0.0	0.0	0.0	0.0	0.0	0.0	0.0	0.0	0.0	0.0	0.0	0.0	0.0	0.0	0.0	0.0
71	20150911 06:57:57.755	876.0	457.0	0.0	0.0	0.0	0.0	0.0	0.0	0.0	0.0	0.0	0.0	0.0	0.0	0.0	0.0	0.0	0.0	0.0	0.0	0.0	0.0	0.0	0.0	0.0	0.0	0.0	0.0	0.0	0.0	0.0	0.0	0.0	0.0	0.0	0.0	0.0	0.0	0.0	0.0	0.0	0.0	0.0	0.0	0.0	0.0	0.0	430.0	185.0	0.0	0.0	0.0	0.0	0.0	0.0	0.0	0.0	0.0	0.0	0.0	0.0	0.0	0.0	0.0	0.0
72	20150911 05:49:03.196	858.0	456.0	0.0	0.0	0.0	0.0	0.0	0.0	0.0	0.0	0.0	0.0	0.0	0.0	0.0	0.0	0.0	0.0	0.0	0.0	0.0	0.0	0.0	0.0	0.0	0.0	0.0	0.0	286.0	0.0	0.0	0.0	0.0	0.0	0.0	0.0	0.0	0.0	0.0	0.0	0.0	0.0	0.0	0.0	0.0	0.0	702.0	589.0	915.0	0.0	0.0	0.0	0.0	0.0	0.0	0.0	0.0	0.0	0.0	0.0	0.0	0.0	0.0	0.0	0.0
73	20150911 05:49:03.196	855.0	456.0	0.0	0.0	0.0	0.0	0.0	0.0	0.0	0.0	0.0	0.0	0.0	0.0	0.0	0.0	0.0	0.0	0.0	0.0	0.0	0.0	0.0	0.0	0.0	0.0	0.0	0.0	286.0	0.0	0.0	0.0	0.0	0.0	0.0	0.0	0.0	0.0	0.0	0.0	0.0	0.0	0.0	0.0	0.0	0.0	602.0	395.0	793.0	0.0	0.0	0.0	0.0	0.0	0.0	0.0	0.0	0.0	0.0	0.0	0.0	0.0	0.0	0.0	0.0
74	20150911 08:06:46.186	890.0	455.0	0.0	0.0	0.0	0.0	0.0	0.0	0.0	0.0	0.0	0.0	0.0	0.0	0.0	0.0	0.0	0.0	0.0	0.0	0.0	0.0	0.0	0.0	0.0	0.0	0.0	0.0	0.0	0.0	0.0	0.0	0.0	0.0	0.0	0.0	0.0	0.0	0.0	0.0	0.0	0.0	0.0	0.0	0.0	0.0	0.0	0.0	522.0	0.0	0.0	0.0	0.0	0.0	0.0	0.0	0.0	0.0	0.0	0.0	0.0	0.0	0.0	0.0	0.0
75	20150911 05:49:03.196	857.0	454.0	0.0	0.0	0.0	0.0	0.0	0.0	0.0	0.0	0.0	0.0	0.0	0.0	0.0	0.0	0.0	0.0	0.0	0.0	0.0	0.0	0.0	0.0	0.0	0.0	0.0	0.0	274.0	0.0	0.0	0.0	0.0	0.0	0.0	0.0	0.0	0.0	0.0	0.0	0.0	0.0	0.0	0.0	0.0	0.0	702.0	589.0	915.0	0.0	0.0	0.0	0.0	0.0	0.0	0.0	0.0	0.0	0.0	0.0	0.0	0.0	0.0	0.0	0.0
76	20150911 05:49:03.196	854.0	454.0	0.0	0.0	0.0	0.0	0.0	0.0	0.0	0.0	0.0	0.0	0.0	0.0	0.0	0.0	0.0	0.0	0.0	0.0	0.0	0.0	0.0	0.0	0.0	0.0	0.0	0.0	150.0	0.0	0.0	0.0	0.0	0.0	0.0	0.0	0.0	0.0	0.0	0.0	0.0	0.0	0.0	0.0	0.0	0.0	480.0	392.0	682.0	0.0	0.0	0.0	0.0	0.0	0.0	0.0	0.0	0.0	0.0	0.0	0.0	0.0	0.0	0.0	0.0
77	20150911 05:49:03.196	858.0	452.0	0.0	0.0	0.0	0.0	0.0	0.0	0.0	0.0	0.0	0.0	0.0	0.0	0.0	0.0	0.0	0.0	0.0	0.0	0.0	0.0	0.0	0.0	0.0	0.0	0.0	0.0	83.0	0.0	0.0	0.0	0.0	0.0	0.0	0.0	0.0	0.0	0.0	0.0	0.0	0.0	0.0	0.0	0.0	0.0	578.0	474.0	863.0	0.0	0.0	0.0	0.0	0.0	0.0	0.0	0.0	0.0	0.0	0.0	0.0	0.0	0.0	0.0	0.0
78	20150911 05:49:03.196	856.0	452.0	0.0	0.0	0.0	0.0	0.0	0.0	0.0	0.0	0.0	0.0	0.0	0.0	0.0	0.0	0.0	0.0	0.0	0.0	0.0	0.0	0.0	0.0	0.0	0.0	0.0	0.0	90.0	0.0	0.0	0.0	0.0	0.0	0.0	0.0	0.0	0.0	0.0	0.0	0.0	0.0	0.0	0.0	0.0	0.0	578.0	474.0	863.0	0.0	0.0	0.0	0.0	0.0	0.0	0.0	0.0	0.0	0.0	0.0	0.0	0.0	0.0	0.0	0.0
79	20150911 08:06:46.186	889.0	448.0	0.0	0.0	0.0	0.0	0.0	0.0	0.0	0.0	0.0	0.0	0.0	0.0	0.0	0.0	0.0	0.0	0.0	0.0	0.0	0.0	0.0	0.0	0.0	0.0	0.0	0.0	0.0	0.0	0.0	0.0	0.0	0.0	0.0	0.0	0.0	0.0	0.0	0.0	0.0	0.0	0.0	0.0	0.0	0.0	0.0	0.0	412.0	0.0	0.0	0.0	0.0	0.0	0.0	0.0	0.0	0.0	0.0	0.0	0.0	0.0	0.0	0.0	0.0
80	20150911 08:06:46.186	889.0	444.0	0.0	0.0	0.0	0.0	0.0	0.0	0.0	0.0	0.0	0.0	0.0	0.0	0.0	0.0	0.0	0.0	0.0	0.0	0.0	0.0	0.0	0.0	0.0	0.0	0.0	0.0	0.0	0.0	0.0	0.0	0.0	0.0	0.0	0.0	0.0	0.0	0.0	0.0	0.0	0.0	0.0	0.0	0.0	0.0	0.0	0.0	430.0	0.0	0.0	0.0	0.0	0.0	0.0	0.0	0.0	0.0	0.0	0.0	0.0	0.0	0.0	0.0	0.0
81	20150911 08:06:46.186	887.0	444.0	0.0	0.0	0.0	0.0	0.0	0.0	0.0	0.0	0.0	0.0	0.0	0.0	0.0	0.0	0.0	0.0	0.0	0.0	0.0	0.0	0.0	0.0	0.0	0.0	0.0	0.0	0.0	0.0	0.0	0.0	0.0	0.0	0.0	0.0	0.0	0.0	0.0	0.0	0.0	0.0	0.0	0.0	0.0	0.0	0.0	0.0	377.0	0.0	0.0	0.0	0.0	0.0	0.0	0.0	0.0	0.0	0.0	0.0	0.0	0.0	0.0	0.0	0.0
82	20150911 08:06:46.186	890.0	442.0	0.0	0.0	0.0	0.0	0.0	0.0	0.0	0.0	0.0	0.0	0.0	0.0	0.0	0.0	0.0	0.0	0.0	0.0	0.0	0.0	0.0	0.0	0.0	0.0	0.0	0.0	0.0	0.0	0.0	0.0	0.0	0.0	0.0	0.0	0.0	0.0	0.0	0.0	0.0	0.0	0.0	0.0	0.0	0.0	0.0	0.0	353.0	0.0	0.0	0.0	0.0	0.0	0.0	0.0	0.0	0.0	0.0	0.0	0.0	0.0	0.0	0.0	0.0
83	20150911 08:06:46.186	887.0	442.0	0.0	0.0	0.0	0.0	0.0	0.0	0.0	0.0	0.0	0.0	0.0	0.0	0.0	0.0	0.0	0.0	0.0	0.0	0.0	0.0	0.0	0.0	0.0	0.0	0.0	0.0	0.0	0.0	0.0	0.0	0.0	0.0	0.0	0.0	0.0	0.0	0.0	0.0	0.0	0.0	0.0	0.0	0.0	0.0	0.0	0.0	353.0	0.0	0.0	0.0	0.0	0.0	0.0	0.0	0.0	0.0	0.0	0.0	0.0	0.0	0.0	0.0	0.0
84	20150911 08:06:46.186	889.0	440.0	0.0	0.0	0.0	0.0	0.0	0.0	0.0	0.0	0.0	0.0	0.0	0.0	0.0	0.0	0.0	0.0	0.0	0.0	0.0	0.0	0.0	0.0	0.0	0.0	0.0	0.0	0.0	0.0	0.0	0.0	0.0	0.0	0.0	0.0	0.0	0.0	0.0	0.0	0.0	0.0	0.0	0.0	0.0	0.0	0.0	0.0	300.0	0.0	0.0	0.0	0.0	0.0	0.0	0.0	0.0	0.0	0.0	0.0	0.0	0.0	0.0	0.0	0.0
85	20150911 08:06:46.186	887.0	440.0	0.0	0.0	0.0	0.0	0.0	0.0	0.0	0.0	0.0	0.0	0.0	0.0	0.0	0.0	0.0	0.0	0.0	0.0	0.0	0.0	0.0	0.0	0.0	0.0	0.0	0.0	0.0	0.0	0.0	0.0	0.0	0.0	0.0	0.0	0.0	0.0	0.0	0.0	0.0	0.0	0.0	0.0	0.0	0.0	0.0	0.0	281.0	0.0	0.0	0.0	0.0	0.0	0.0	0.0	0.0	0.0	0.0	0.0	0.0	0.0	0.0	0.0	0.0
86	20150911 01:13:30.673	798.0	398.0	0.0	0.0	0.0	0.0	0.0	0.0	0.0	0.0	0.0	0.0	0.0	0.0	0.0	0.0	0.0	0.0	0.0	0.0	111.0	92.0	93.0	141.0	171.0	142.0	131.0	52.0	131.0	0.0	0.0	0.0	0.0	0.0	0.0	0.0	0.0	0.0	0.0	0.0	0.0	26.0	782.0	797.0	971.0	951.0	973.0	753.0	606.0	0.0	0.0	0.0	0.0	0.0	0.0	0.0	0.0	0.0	0.0	0.0	0.0	0.0	0.0	817.0	831.0
87	20150911 00:04:37.577	794.0	398.0	0.0	0.0	0.0	0.0	0.0	0.0	0.0	0.0	0.0	0.0	0.0	0.0	0.0	0.0	0.0	0.0	0.0	0.0	94.0	109.0	136.0	141.0	180.0	190.0	98.0	121.0	68.0	0.0	0.0	0.0	0.0	0.0	0.0	0.0	0.0	0.0	0.0	0.0	0.0	904.0	942.0	855.0	880.0	917.0	863.0	781.0	630.0	0.0	0.0	0.0	0.0	0.0	0.0	0.0	0.0	0.0	0.0	0.0	0.0	0.0	1.0	868.0	835.0
88	20150911 00:04:37.577	790.0	398.0	0.0	0.0	0.0	0.0	0.0	0.0	0.0	0.0	0.0	0.0	0.0	0.0	0.0	0.0	0.0	0.0	0.0	0.0	153.0	104.0	118.0	142.0	165.0	171.0	128.0	113.0	132.0	0.0	0.0	0.0	0.0	0.0	0.0	0.0	0.0	0.0	0.0	0.0	31.0	873.0	792.0	826.0	882.0	878.0	850.0	774.0	590.0	0.0	0.0	0.0	0.0	0.0	0.0	0.0	0.0	0.0	0.0	0.0	0.0	0.0	19.0	886.0	821.0
89	20150910 21:46:46.691	773.0	398.0	0.0	0.0	0.0	0.0	0.0	0.0	0.0	0.0	0.0	0.0	0.0	0.0	0.0	0.0	0.0	0.0	0.0	135.0	153.0	144.0	133.0	148.0	156.0	177.0	114.0	125.0	97.0	0.0	0.0	0.0	0.0	0.0	0.0	0.0	0.0	0.0	0.0	600.0	494.0	500.0	414.0	272.0	549.0	237.0	208.0	267.0	183.0	0.0	0.0	0.0	0.0	0.0	0.0	0.0	0.0	0.0	0.0	0.0	0.0	169.0	223.0	294.0	324.0
90	20150910 21:46:46.691	771.0	398.0	0.0	0.0	0.0	0.0	0.0	0.0	0.0	0.0	0.0	0.0	0.0	0.0	0.0	0.0	0.0	0.0	0.0	154.0	143.0	144.0	123.0	148.0	122.0	177.0	119.0	160.0	89.0	0.0	0.0	0.0	0.0	0.0	0.0	0.0	0.0	0.0	0.0	600.0	457.0	449.0	404.0	263.0	517.0	237.0	208.0	239.0	219.0	0.0	0.0	0.0	0.0	0.0	0.0	0.0	0.0	0.0	0.0	0.0	0.0	207.0	196.0	294.0	424.0
91	20150910 21:46:46.691	769.0	398.0	0.0	0.0	0.0	0.0	0.0	0.0	0.0	0.0	0.0	0.0	0.0	0.0	0.0	0.0	0.0	0.0	0.0	198.0	136.0	136.0	168.0	155.0	161.0	196.0	139.0	160.0	89.0	0.0	0.0	0.0	0.0	0.0	0.0	0.0	0.0	0.0	0.0	371.0	234.0	329.0	366.0	225.0	300.0	196.0	175.0	208.0	219.0	0.0	0.0	0.0	0.0	0.0	0.0	0.0	0.0	0.0	0.0	0.0	0.0	207.0	196.0	186.0	459.0
92	20150910 22:55:42.859	787.0	396.0	0.0	0.0	0.0	0.0	0.0	0.0	0.0	0.0	0.0	0.0	0.0	0.0	0.0	0.0	0.0	0.0	0.0	5.0	113.0	115.0	152.0	155.0	143.0	160.0	170.0	125.0	129.0	0.0	0.0	0.0	0.0	0.0	0.0	0.0	0.0	0.0	0.0	0.0	684.0	654.0	756.0	703.0	652.0	640.0	604.0	720.0	468.0	0.0	0.0	0.0	0.0	0.0	0.0	0.0	0.0	0.0	0.0	0.0	0.0	1.0	762.0	763.0	784.0
93	20150911 00:04:37.577	792.0	396.0	0.0	0.0	0.0	0.0	0.0	0.0	0.0	0.0	0.0	0.0	0.0	0.0	0.0	0.0	0.0	0.0	0.0	0.0	161.0	109.0	78.0	141.0	125.0	138.0	98.0	97.0	132.0	0.0	0.0	0.0	0.0	0.0	0.0	0.0	0.0	0.0	0.0	0.0	2.0	817.0	792.0	826.0	882.0	901.0	863.0	866.0	521.0	0.0	0.0	0.0	0.0	0.0	0.0	0.0	0.0	0.0	0.0	0.0	0.0	0.0	6.0	886.0	846.0
94	20150911 08:06:46.186	890.0	385.0	0.0	0.0	0.0	0.0	0.0	0.0	0.0	0.0	0.0	0.0	0.0	0.0	0.0	0.0	0.0	0.0	0.0	0.0	0.0	0.0	0.0	0.0	0.0	0.0	0.0	0.0	0.0	0.0	0.0	0.0	0.0	0.0	0.0	0.0	0.0	0.0	0.0	0.0	0.0	0.0	0.0	0.0	0.0	0.0	0.0	0.0	281.0	0.0	0.0	0.0	0.0	0.0	0.0	0.0	0.0	0.0	0.0	0.0	0.0	0.0	0.0	0.0	0.0
95	20150911 08:06:46.186	890.0	382.0	0.0	0.0	0.0	0.0	0.0	0.0	0.0	0.0	0.0	0.0	0.0	0.0	0.0	0.0	0.0	0.0	0.0	0.0	0.0	0.0	0.0	0.0	0.0	0.0	0.0	0.0	0.0	0.0	0.0	0.0	0.0	0.0	0.0	0.0	0.0	0.0	0.0	0.0	0.0	0.0	0.0	0.0	0.0	0.0	0.0	0.0	293.0	0.0	0.0	0.0	0.0	0.0	0.0	0.0	0.0	0.0	0.0	0.0	0.0	0.0	0.0	0.0	0.0
96	20150911 08:06:46.186	888.0	382.0	0.0	0.0	0.0	0.0	0.0	0.0	0.0	0.0	0.0	0.0	0.0	0.0	0.0	0.0	0.0	0.0	0.0	0.0	0.0	0.0	0.0	0.0	0.0	0.0	0.0	0.0	0.0	0.0	0.0	0.0	0.0	0.0	0.0	0.0	0.0	0.0	0.0	0.0	0.0	0.0	0.0	0.0	0.0	0.0	0.0	0.0	258.0	0.0	0.0	0.0	0.0	0.0	0.0	0.0	0.0	0.0	0.0	0.0	0.0	0.0	0.0	0.0	0.0
97	20150911 08:06:46.186	890.0	379.0	0.0	0.0	0.0	0.0	0.0	0.0	0.0	0.0	0.0	0.0	0.0	0.0	0.0	0.0	0.0	0.0	0.0	0.0	0.0	0.0	0.0	0.0	0.0	0.0	0.0	0.0	0.0	0.0	0.0	0.0	0.0	0.0	0.0	0.0	0.0	0.0	0.0	0.0	0.0	0.0	0.0	0.0	0.0	0.0	0.0	0.0	355.0	0.0	0.0	0.0	0.0	0.0	0.0	0.0	0.0	0.0	0.0	0.0	0.0	0.0	0.0	0.0	0.0
98	20150911 08:06:46.186	888.0	379.0	0.0	0.0	0.0	0.0	0.0	0.0	0.0	0.0	0.0	0.0	0.0	0.0	0.0	0.0	0.0	0.0	0.0	0.0	0.0	0.0	0.0	0.0	0.0	0.0	0.0	0.0	0.0	0.0	0.0	0.0	0.0	0.0	0.0	0.0	0.0	0.0	0.0	0.0	0.0	0.0	0.0	0.0	0.0	0.0	0.0	0.0	324.0	0.0	0.0	0.0	0.0	0.0	0.0	0.0	0.0	0.0	0.0	0.0	0.0	0.0	0.0	0.0	0.0
99	20150911 08:06:46.186	890.0	377.0	0.0	0.0	0.0	0.0	0.0	0.0	0.0	0.0	0.0	0.0	0.0	0.0	0.0	0.0	0.0	0.0	0.0	0.0	0.0	0.0	0.0	0.0	0.0	0.0	0.0	0.0	0.0	0.0	0.0	0.0	0.0	0.0	0.0	0.0	0.0	0.0	0.0	0.0	0.0	0.0	0.0	0.0	0.0	0.0	0.0	0.0	324.0	0.0	0.0	0.0	0.0	0.0	0.0	0.0	0.0	0.0	0.0	0.0	0.0	0.0	0.0	0.0	0.0
100	20150911 08:06:46.186	888.0	377.0	0.0	0.0	0.0	0.0	0.0	0.0	0.0	0.0	0.0	0.0	0.0	0.0	0.0	0.0	0.0	0.0	0.0	0.0	0.0	0.0	0.0	0.0	0.0	0.0	0.0	0.0	0.0	0.0	0.0	0.0	0.0	0.0	0.0	0.0	0.0	0.0	0.0	0.0	0.0	0.0	0.0	0.0	0.0	0.0	0.0	0.0	324.0	0.0	0.0	0.0	0.0	0.0	0.0	0.0	0.0	0.0	0.0	0.0	0.0	0.0	0.0	0.0	0.0
101	20150911 08:06:46.186	889.0	373.0	0.0	0.0	0.0	0.0	0.0	0.0	0.0	0.0	0.0	0.0	0.0	0.0	0.0	0.0	0.0	0.0	0.0	0.0	0.0	0.0	0.0	0.0	0.0	0.0	0.0	0.0	0.0	0.0	0.0	0.0	0.0	0.0	0.0	0.0	0.0	0.0	0.0	0.0	0.0	0.0	0.0	0.0	0.0	0.0	0.0	0.0	238.0	0.0	0.0	0.0	0.0	0.0	0.0	0.0	0.0	0.0	0.0	0.0	0.0	0.0	0.0	0.0	0.0
102	20150911 08:06:46.186	889.0	370.0	0.0	0.0	0.0	0.0	0.0	0.0	0.0	0.0	0.0	0.0	0.0	0.0	0.0	0.0	0.0	0.0	0.0	0.0	0.0	0.0	0.0	0.0	0.0	0.0	0.0	0.0	0.0	0.0	0.0	0.0	0.0	0.0	0.0	0.0	0.0	0.0	0.0	0.0	0.0	0.0	0.0	0.0	0.0	0.0	0.0	0.0	293.0	0.0	0.0	0.0	0.0	0.0	0.0	0.0	0.0	0.0	0.0	0.0	0.0	0.0	0.0	0.0	0.0
103	20150911 08:06:46.186	890.0	368.0	0.0	0.0	0.0	0.0	0.0	0.0	0.0	0.0	0.0	0.0	0.0	0.0	0.0	0.0	0.0	0.0	0.0	0.0	0.0	0.0	0.0	0.0	0.0	0.0	0.0	0.0	0.0	0.0	0.0	0.0	0.0	0.0	0.0	0.0	0.0	0.0	0.0	0.0	0.0	0.0	0.0	0.0	0.0	0.0	0.0	0.0	293.0	0.0	0.0	0.0	0.0	0.0	0.0	0.0	0.0	0.0	0.0	0.0	0.0	0.0	0.0	0.0	0.0
104	20150911 08:06:46.186	890.0	365.0	0.0	0.0	0.0	0.0	0.0	0.0	0.0	0.0	0.0	0.0	0.0	0.0	0.0	0.0	0.0	0.0	0.0	0.0	0.0	0.0	0.0	0.0	0.0	0.0	0.0	0.0	0.0	0.0	0.0	0.0	0.0	0.0	0.0	0.0	0.0	0.0	0.0	0.0	0.0	0.0	0.0	0.0	0.0	0.0	0.0	0.0	260.0	0.0	0.0	0.0	0.0	0.0	0.0	0.0	0.0	0.0	0.0	0.0	0.0	0.0	0.0	0.0	0.0
105	20150911 08:06:46.186	861.0	336.0	0.0	0.0	0.0	0.0	0.0	0.0	0.0	0.0	0.0	0.0	0.0	0.0	0.0	0.0	0.0	0.0	0.0	0.0	0.0	0.0	0.0	0.0	0.0	0.0	0.0	0.0	3.0	0.0	0.0	0.0	0.0	0.0	0.0	0.0	0.0	0.0	0.0	0.0	0.0	0.0	0.0	0.0	0.0	0.0	514.0	317.0	1052.0	0.0	0.0	0.0	0.0	0.0	0.0	0.0	0.0	0.0	0.0	0.0	0.0	0.0	0.0	0.0	0.0
106	20150911 08:06:46.186	859.0	336.0	0.0	0.0	0.0	0.0	0.0	0.0	0.0	0.0	0.0	0.0	0.0	0.0	0.0	0.0	0.0	0.0	0.0	0.0	0.0	0.0	0.0	0.0	0.0	0.0	0.0	0.0	95.0	0.0	0.0	0.0	0.0	0.0	0.0	0.0	0.0	0.0	0.0	0.0	0.0	0.0	0.0	0.0	0.0	0.0	514.0	317.0	1113.0	0.0	0.0	0.0	0.0	0.0	0.0	0.0	0.0	0.0	0.0	0.0	0.0	0.0	0.0	0.0	0.0
107	20150911 08:06:46.186	857.0	336.0	0.0	0.0	0.0	0.0	0.0	0.0	0.0	0.0	0.0	0.0	0.0	0.0	0.0	0.0	0.0	0.0	0.0	0.0	0.0	0.0	0.0	0.0	0.0	0.0	0.0	0.0	195.0	0.0	0.0	0.0	0.0	0.0	0.0	0.0	0.0	0.0	0.0	0.0	0.0	0.0	0.0	0.0	0.0	0.0	413.0	317.0	1113.0	0.0	0.0	0.0	0.0	0.0	0.0	0.0	0.0	0.0	0.0	0.0	0.0	0.0	0.0	0.0	0.0
108	20150911 08:06:46.186	861.0	334.0	0.0	0.0	0.0	0.0	0.0	0.0	0.0	0.0	0.0	0.0	0.0	0.0	0.0	0.0	0.0	0.0	0.0	0.0	0.0	0.0	0.0	0.0	0.0	0.0	0.0	0.0	2.0	0.0	0.0	0.0	0.0	0.0	0.0	0.0	0.0	0.0	0.0	0.0	0.0	0.0	0.0	0.0	0.0	0.0	485.0	317.0	1052.0	0.0	0.0	0.0	0.0	0.0	0.0	0.0	0.0	0.0	0.0	0.0	0.0	0.0	0.0	0.0	0.0
109	20150911 08:06:46.186	859.0	334.0	0.0	0.0	0.0	0.0	0.0	0.0	0.0	0.0	0.0	0.0	0.0	0.0	0.0	0.0	0.0	0.0	0.0	0.0	0.0	0.0	0.0	0.0	0.0	0.0	0.0	0.0	78.0	0.0	0.0	0.0	0.0	0.0	0.0	0.0	0.0	0.0	0.0	0.0	0.0	0.0	0.0	0.0	0.0	0.0	485.0	317.0	1113.0	0.0	0.0	0.0	0.0	0.0	0.0	0.0	0.0	0.0	0.0	0.0	0.0	0.0	0.0	0.0	0.0
110	20150911 00:04:37.577	724.0	326.0	0.0	76.0	99.0	85.0	111.0	109.0	93.0	126.0	111.0	157.0	138.0	133.0	118.0	102.0	110.0	94.0	97.0	112.0	106.0	81.0	123.0	148.0	101.0	147.0	145.0	173.0	153.0	128.0	103.0	104.0	162.0	92.0	126.0	169.0	139.0	8.0	130.0	155.0	136.0	455.0	355.0	506.0	89.0	125.0	128.0	127.0	195.0	169.0	2.0	103.0	1.0	3.0	132.0	145.0	112.0	141.0	142.0	199.0	147.0	173.0	167.0	112.0	81.0
111	20150911 00:04:37.577	722.0	326.0	0.0	104.0	102.0	85.0	107.0	140.0	76.0	126.0	152.0	157.0	138.0	133.0	138.0	126.0	152.0	124.0	105.0	143.0	116.0	113.0	123.0	148.0	172.0	157.0	145.0	155.0	150.0	177.0	86.0	186.0	162.0	111.0	90.0	173.0	139.0	120.0	136.0	155.0	129.0	499.0	428.0	506.0	115.0	142.0	145.0	132.0	176.0	111.0	185.0	108.0	82.0	212.0	120.0	145.0	112.0	141.0	142.0	199.0	205.0	160.0	167.0	126.0	118.0
112	20150911 00:04:37.577	726.0	325.0	0.0	108.0	70.0	95.0	109.0	121.0	131.0	186.0	138.0	136.0	130.0	118.0	134.0	96.0	112.0	65.0	99.0	135.0	163.0	89.0	89.0	138.0	121.0	147.0	159.0	173.0	145.0	128.0	106.0	124.0	126.0	103.0	116.0	132.0	62.0	0.0	97.0	135.0	136.0	382.0	248.0	428.0	106.0	125.0	128.0	101.0	195.0	147.0	0.0	2.0	0.0	0.0	132.0	125.0	155.0	134.0	134.0	209.0	203.0	173.0	138.0	98.0	130.0
113	20150911 00:04:37.577	722.0	323.0	0.0	76.0	98.0	168.0	116.0	124.0	70.0	119.0	175.0	158.0	111.0	93.0	138.0	109.0	152.0	124.0	147.0	90.0	133.0	113.0	123.0	86.0	126.0	157.0	165.0	105.0	103.0	132.0	128.0	121.0	149.0	128.0	136.0	176.0	159.0	41.0	136.0	113.0	191.0	454.0	421.0	532.0	148.0	104.0	165.0	190.0	145.0	156.0	131.0	108.0	45.0	182.0	98.0	144.0	141.0	141.0	122.0	189.0	153.0	118.0	199.0	126.0	140.0
114	20150911 00:04:37.577	726.0	321.0	0.0	149.0	119.0	118.0	116.0	129.0	124.0	124.0	118.0	149.0	116.0	113.0	92.0	155.0	134.0	127.0	85.0	156.0	134.0	139.0	108.0	129.0	145.0	191.0	116.0	143.0	143.0	132.0	127.0	131.0	121.0	158.0	122.0	131.0	25.0	0.0	103.0	148.0	169.0	433.0	241.0	482.0	114.0	131.0	112.0	105.0	133.0	197.0	0.0	1.0	0.0	0.0	107.0	134.0	133.0	105.0	154.0	173.0	156.0	124.0	140.0	108.0	122.0
115	20150911 00:04:37.577	724.0	321.0	0.0	149.0	114.0	118.0	90.0	113.0	113.0	124.0	118.0	163.0	111.0	97.0	88.0	155.0	120.0	127.0	99.0	137.0	124.0	100.0	108.0	158.0	119.0	114.0	116.0	105.0	101.0	116.0	128.0	131.0	141.0	95.0	135.0	176.0	82.0	7.0	103.0	148.0	169.0	433.0	285.0	500.0	127.0	131.0	112.0	103.0	145.0	197.0	1.0	80.0	1.0	1.0	93.0	134.0	133.0	133.0	154.0	167.0	156.0	124.0	140.0	110.0	113.0
116	20150911 00:04:37.577	728.0	320.0	0.0	186.0	136.0	121.0	116.0	129.0	124.0	134.0	122.0	149.0	93.0	120.0	90.0	119.0	134.0	125.0	157.0	156.0	134.0	139.0	96.0	94.0	145.0	191.0	74.0	149.0	143.0	165.0	82.0	153.0	121.0	164.0	122.0	117.0	2.0	0.0	104.0	128.0	155.0	315.0	165.0	420.0	111.0	139.0	123.0	89.0	135.0	152.0	0.0	0.0	0.0	0.0	146.0	122.0	124.0	123.0	129.0	173.0	157.0	120.0	132.0	168.0	122.0
117	20150911 00:04:37.577	722.0	320.0	0.0	128.0	112.0	168.0	120.0	123.0	113.0	153.0	124.0	163.0	111.0	89.0	114.0	146.0	121.0	128.0	152.0	137.0	125.0	110.0	103.0	158.0	134.0	151.0	160.0	140.0	89.0	132.0	114.0	147.0	114.0	124.0	136.0	163.0	82.0	96.0	136.0	124.0	106.0	369.0	420.0	523.0	127.0	107.0	121.0	79.0	148.0	189.0	115.0	161.0	81.0	34.0	96.0	127.0	100.0	133.0	170.0	177.0	156.0	118.0	119.0	147.0	117.0
118	20150911 05:49:03.196	817.0	297.0	0.0	0.0	0.0	0.0	0.0	0.0	0.0	0.0	0.0	0.0	0.0	0.0	0.0	0.0	0.0	0.0	0.0	0.0	0.0	0.0	139.0	114.0	119.0	113.0	89.0	62.0	102.0	0.0	0.0	0.0	0.0	0.0	0.0	0.0	0.0	0.0	0.0	0.0	0.0	0.0	0.0	0.0	95.0	167.0	199.0	199.0	160.0	0.0	0.0	0.0	0.0	0.0	0.0	0.0	0.0	0.0	0.0	0.0	0.0	0.0	0.0	0.0	360.0
119	20150911 05:49:03.196	820.0	296.0	0.0	0.0	0.0	0.0	0.0	0.0	0.0	0.0	0.0	0.0	0.0	0.0	0.0	0.0	0.0	0.0	0.0	0.0	0.0	0.0	1.0	99.0	126.0	131.0	172.0	123.0	96.0	0.0	0.0	0.0	0.0	0.0	0.0	0.0	0.0	0.0	0.0	0.0	0.0	0.0	0.0	0.0	111.0	139.0	201.0	153.0	183.0	0.0	0.0	0.0	0.0	0.0	0.0	0.0	0.0	0.0	0.0	0.0	0.0	0.0	0.0	0.0	387.0
120	20150911 05:49:03.196	818.0	295.0	0.0	0.0	0.0	0.0	0.0	0.0	0.0	0.0	0.0	0.0	0.0	0.0	0.0	0.0	0.0	0.0	0.0	0.0	0.0	0.0	72.0	99.0	119.0	99.0	155.0	123.0	122.0	0.0	0.0	0.0	0.0	0.0	0.0	0.0	0.0	0.0	0.0	0.0	0.0	0.0	0.0	0.0	89.0	148.0	199.0	115.0	177.0	0.0	0.0	0.0	0.0	0.0	0.0	0.0	0.0	0.0	0.0	0.0	0.0	0.0	0.0	0.0	387.0
121	20150911 06:57:57.755	876.0	283.0	0.0	0.0	0.0	0.0	0.0	0.0	0.0	0.0	0.0	0.0	0.0	0.0	0.0	0.0	0.0	0.0	0.0	0.0	0.0	0.0	0.0	0.0	0.0	0.0	0.0	0.0	0.0	0.0	0.0	0.0	0.0	0.0	0.0	0.0	0.0	0.0	0.0	0.0	0.0	0.0	0.0	0.0	0.0	0.0	0.0	317.0	267.0	0.0	0.0	0.0	0.0	0.0	0.0	0.0	0.0	0.0	0.0	0.0	0.0	0.0	0.0	0.0	0.0
122	20150911 05:49:03.196	864.0	282.0	0.0	0.0	0.0	0.0	0.0	0.0	0.0	0.0	0.0	0.0	0.0	0.0	0.0	0.0	0.0	0.0	0.0	0.0	0.0	0.0	0.0	0.0	0.0	0.0	0.0	0.0	0.0	0.0	0.0	0.0	0.0	0.0	0.0	0.0	0.0	0.0	0.0	0.0	0.0	0.0	0.0	0.0	0.0	0.0	323.0	298.0	151.0	0.0	0.0	0.0	0.0	0.0	0.0	0.0	0.0	0.0	0.0	0.0	0.0	0.0	0.0	0.0	0.0
123	20150911 06:57:57.755	877.0	281.0	0.0	0.0	0.0	0.0	0.0	0.0	0.0	0.0	0.0	0.0	0.0	0.0	0.0	0.0	0.0	0.0	0.0	0.0	0.0	0.0	0.0	0.0	0.0	0.0	0.0	0.0	0.0	0.0	0.0	0.0	0.0	0.0	0.0	0.0	0.0	0.0	0.0	0.0	0.0	0.0	0.0	0.0	0.0	0.0	0.0	332.0	285.0	0.0	0.0	0.0	0.0	0.0	0.0	0.0	0.0	0.0	0.0	0.0	0.0	0.0	0.0	0.0	0.0
124	20150911 06:57:57.755	877.0	279.0	0.0	0.0	0.0	0.0	0.0	0.0	0.0	0.0	0.0	0.0	0.0	0.0	0.0	0.0	0.0	0.0	0.0	0.0	0.0	0.0	0.0	0.0	0.0	0.0	0.0	0.0	0.0	0.0	0.0	0.0	0.0	0.0	0.0	0.0	0.0	0.0	0.0	0.0	0.0	0.0	0.0	0.0	0.0	0.0	0.0	359.0	222.0	0.0	0.0	0.0	0.0	0.0	0.0	0.0	0.0	0.0	0.0	0.0	0.0	0.0	0.0	0.0	0.0
125	20150911 06:57:57.755	876.0	277.0	0.0	0.0	0.0	0.0	0.0	0.0	0.0	0.0	0.0	0.0	0.0	0.0	0.0	0.0	0.0	0.0	0.0	0.0	0.0	0.0	0.0	0.0	0.0	0.0	0.0	0.0	0.0	0.0	0.0	0.0	0.0	0.0	0.0	0.0	0.0	0.0	0.0	0.0	0.0	0.0	0.0	0.0	0.0	0.0	0.0	359.0	204.0	0.0	0.0	0.0	0.0	0.0	0.0	0.0	0.0	0.0	0.0	0.0	0.0	0.0	0.0	0.0	0.0
126	20150911 08:06:46.186	888.0	272.0	0.0	0.0	0.0	0.0	0.0	0.0	0.0	0.0	0.0	0.0	0.0	0.0	0.0	0.0	0.0	0.0	0.0	0.0	0.0	0.0	0.0	0.0	0.0	0.0	0.0	0.0	0.0	0.0	0.0	0.0	0.0	0.0	0.0	0.0	0.0	0.0	0.0	0.0	0.0	0.0	0.0	0.0	0.0	0.0	0.0	0.0	317.0	0.0	0.0	0.0	0.0	0.0	0.0	0.0	0.0	0.0	0.0	0.0	0.0	0.0	0.0	0.0	0.0
127	20150911 08:06:46.186	889.0	270.0	0.0	0.0	0.0	0.0	0.0	0.0	0.0	0.0	0.0	0.0	0.0	0.0	0.0	0.0	0.0	0.0	0.0	0.0	0.0	0.0	0.0	0.0	0.0	0.0	0.0	0.0	0.0	0.0	0.0	0.0	0.0	0.0	0.0	0.0	0.0	0.0	0.0	0.0	0.0	0.0	0.0	0.0	0.0	0.0	0.0	0.0	317.0	0.0	0.0	0.0	0.0	0.0	0.0	0.0	0.0	0.0	0.0	0.0	0.0	0.0	0.0	0.0	0.0
128	20150911 08:06:46.186	887.0	270.0	0.0	0.0	0.0	0.0	0.0	0.0	0.0	0.0	0.0	0.0	0.0	0.0	0.0	0.0	0.0	0.0	0.0	0.0	0.0	0.0	0.0	0.0	0.0	0.0	0.0	0.0	0.0	0.0	0.0	0.0	0.0	0.0	0.0	0.0	0.0	0.0	0.0	0.0	0.0	0.0	0.0	0.0	0.0	0.0	0.0	0.0	317.0	0.0	0.0	0.0	0.0	0.0	0.0	0.0	0.0	0.0	0.0	0.0	0.0	0.0	0.0	0.0	0.0
129	20150911 08:06:46.186	888.0	268.0	0.0	0.0	0.0	0.0	0.0	0.0	0.0	0.0	0.0	0.0	0.0	0.0	0.0	0.0	0.0	0.0	0.0	0.0	0.0	0.0	0.0	0.0	0.0	0.0	0.0	0.0	0.0	0.0	0.0	0.0	0.0	0.0	0.0	0.0	0.0	0.0	0.0	0.0	0.0	0.0	0.0	0.0	0.0	0.0	0.0	0.0	292.0	0.0	0.0	0.0	0.0	0.0	0.0	0.0	0.0	0.0	0.0	0.0	0.0	0.0	0.0	0.0	0.0
130	20150911 08:06:46.186	889.0	266.0	0.0	0.0	0.0	0.0	0.0	0.0	0.0	0.0	0.0	0.0	0.0	0.0	0.0	0.0	0.0	0.0	0.0	0.0	0.0	0.0	0.0	0.0	0.0	0.0	0.0	0.0	0.0	0.0	0.0	0.0	0.0	0.0	0.0	0.0	0.0	0.0	0.0	0.0	0.0	0.0	0.0	0.0	0.0	0.0	0.0	0.0	292.0	0.0	0.0	0.0	0.0	0.0	0.0	0.0	0.0	0.0	0.0	0.0	0.0	0.0	0.0	0.0	0.0
131	20150911 08:06:46.186	889.0	264.0	0.0	0.0	0.0	0.0	0.0	0.0	0.0	0.0	0.0	0.0	0.0	0.0	0.0	0.0	0.0	0.0	0.0	0.0	0.0	0.0	0.0	0.0	0.0	0.0	0.0	0.0	0.0	0.0	0.0	0.0	0.0	0.0	0.0	0.0	0.0	0.0	0.0	0.0	0.0	0.0	0.0	0.0	0.0	0.0	0.0	0.0	305.0	0.0	0.0	0.0	0.0	0.0	0.0	0.0	0.0	0.0	0.0	0.0	0.0	0.0	0.0	0.0	0.0
132	20150911 06:57:57.755	878.0	262.0	0.0	0.0	0.0	0.0	0.0	0.0	0.0	0.0	0.0	0.0	0.0	0.0	0.0	0.0	0.0	0.0	0.0	0.0	0.0	0.0	0.0	0.0	0.0	0.0	0.0	0.0	0.0	0.0	0.0	0.0	0.0	0.0	0.0	0.0	0.0	0.0	0.0	0.0	0.0	0.0	0.0	0.0	0.0	0.0	0.0	205.0	320.0	0.0	0.0	0.0	0.0	0.0	0.0	0.0	0.0	0.0	0.0	0.0	0.0	0.0	0.0	0.0	0.0
133	20150911 06:57:57.755	876.0	261.0	0.0	0.0	0.0	0.0	0.0	0.0	0.0	0.0	0.0	0.0	0.0	0.0	0.0	0.0	0.0	0.0	0.0	0.0	0.0	0.0	0.0	0.0	0.0	0.0	0.0	0.0	0.0	0.0	0.0	0.0	0.0	0.0	0.0	0.0	0.0	0.0	0.0	0.0	0.0	0.0	0.0	0.0	0.0	0.0	0.0	255.0	328.0	0.0	0.0	0.0	0.0	0.0	0.0	0.0	0.0	0.0	0.0	0.0	0.0	0.0	0.0	0.0	0.0
134	20150911 05:49:03.196	860.0	258.0	0.0	0.0	0.0	0.0	0.0	0.0	0.0	0.0	0.0	0.0	0.0	0.0	0.0	0.0	0.0	0.0	0.0	0.0	0.0	0.0	0.0	0.0	0.0	0.0	0.0	0.0	3.0	0.0	0.0	0.0	0.0	0.0	0.0	0.0	0.0	0.0	0.0	0.0	0.0	0.0	0.0	0.0	0.0	0.0	340.0	372.0	524.0	0.0	0.0	0.0	0.0	0.0	0.0	0.0	0.0	0.0	0.0	0.0	0.0	0.0	0.0	0.0	0.0
135	20150911 05:49:03.196	858.0	257.0	0.0	0.0	0.0	0.0	0.0	0.0	0.0	0.0	0.0	0.0	0.0	0.0	0.0	0.0	0.0	0.0	0.0	0.0	0.0	0.0	0.0	0.0	0.0	0.0	0.0	0.0	219.0	0.0	0.0	0.0	0.0	0.0	0.0	0.0	0.0	0.0	0.0	0.0	0.0	0.0	0.0	0.0	0.0	0.0	333.0	232.0	481.0	0.0	0.0	0.0	0.0	0.0	0.0	0.0	0.0	0.0	0.0	0.0	0.0	0.0	0.0	0.0	0.0
136	20150911 08:06:46.186	890.0	256.0	0.0	0.0	0.0	0.0	0.0	0.0	0.0	0.0	0.0	0.0	0.0	0.0	0.0	0.0	0.0	0.0	0.0	0.0	0.0	0.0	0.0	0.0	0.0	0.0	0.0	0.0	0.0	0.0	0.0	0.0	0.0	0.0	0.0	0.0	0.0	0.0	0.0	0.0	0.0	0.0	0.0	0.0	0.0	0.0	0.0	0.0	263.0	0.0	0.0	0.0	0.0	0.0	0.0	0.0	0.0	0.0	0.0	0.0	0.0	0.0	0.0	0.0	0.0
137	20150911 05:49:03.196	862.0	256.0	0.0	0.0	0.0	0.0	0.0	0.0	0.0	0.0	0.0	0.0	0.0	0.0	0.0	0.0	0.0	0.0	0.0	0.0	0.0	0.0	0.0	0.0	0.0	0.0	0.0	0.0	1.0	0.0	0.0	0.0	0.0	0.0	0.0	0.0	0.0	0.0	0.0	0.0	0.0	0.0	0.0	0.0	0.0	0.0	399.0	398.0	551.0	0.0	0.0	0.0	0.0	0.0	0.0	0.0	0.0	0.0	0.0	0.0	0.0	0.0	0.0	0.0	0.0
138	20150911 05:49:03.196	860.0	256.0	0.0	0.0	0.0	0.0	0.0	0.0	0.0	0.0	0.0	0.0	0.0	0.0	0.0	0.0	0.0	0.0	0.0	0.0	0.0	0.0	0.0	0.0	0.0	0.0	0.0	0.0	3.0	0.0	0.0	0.0	0.0	0.0	0.0	0.0	0.0	0.0	0.0	0.0	0.0	0.0	0.0	0.0	0.0	0.0	399.0	398.0	551.0	0.0	0.0	0.0	0.0	0.0	0.0	0.0	0.0	0.0	0.0	0.0	0.0	0.0	0.0	0.0	0.0
139	20150909 06:08:49.263	711.0	255.0	0.0	172.0	87.0	202.0	150.0	146.0	111.0	127.0	148.0	169.0	150.0	134.0	81.0	116.0	88.0	131.0	77.0	181.0	153.0	74.0	133.0	190.0	118.0	149.0	98.0	128.0	126.0	116.0	85.0	85.0	124.0	122.0	142.0	138.0	343.0	248.0	151.0	163.0	133.0	236.0	284.0	151.0	338.0	319.0	371.0	300.0	224.0	179.0	263.0	242.0	204.0	241.0	365.0	384.0	136.0	181.0	170.0	124.0	135.0	116.0	156.0	112.0	151.0
140	20150911 08:06:46.186	890.0	254.0	0.0	0.0	0.0	0.0	0.0	0.0	0.0	0.0	0.0	0.0	0.0	0.0	0.0	0.0	0.0	0.0	0.0	0.0	0.0	0.0	0.0	0.0	0.0	0.0	0.0	0.0	0.0	0.0	0.0	0.0	0.0	0.0	0.0	0.0	0.0	0.0	0.0	0.0	0.0	0.0	0.0	0.0	0.0	0.0	0.0	0.0	263.0	0.0	0.0	0.0	0.0	0.0	0.0	0.0	0.0	0.0	0.0	0.0	0.0	0.0	0.0	0.0	0.0
141	20150911 05:49:03.196	862.0	254.0	0.0	0.0	0.0	0.0	0.0	0.0	0.0	0.0	0.0	0.0	0.0	0.0	0.0	0.0	0.0	0.0	0.0	0.0	0.0	0.0	0.0	0.0	0.0	0.0	0.0	0.0	1.0	0.0	0.0	0.0	0.0	0.0	0.0	0.0	0.0	0.0	0.0	0.0	0.0	0.0	0.0	0.0	0.0	0.0	399.0	398.0	551.0	0.0	0.0	0.0	0.0	0.0	0.0	0.0	0.0	0.0	0.0	0.0	0.0	0.0	0.0	0.0	0.0
142	20150911 05:49:03.196	860.0	254.0	0.0	0.0	0.0	0.0	0.0	0.0	0.0	0.0	0.0	0.0	0.0	0.0	0.0	0.0	0.0	0.0	0.0	0.0	0.0	0.0	0.0	0.0	0.0	0.0	0.0	0.0	3.0	0.0	0.0	0.0	0.0	0.0	0.0	0.0	0.0	0.0	0.0	0.0	0.0	0.0	0.0	0.0	0.0	0.0	399.0	398.0	551.0	0.0	0.0	0.0	0.0	0.0	0.0	0.0	0.0	0.0	0.0	0.0	0.0	0.0	0.0	0.0	0.0
143	20150911 05:49:03.196	858.0	254.0	0.0	0.0	0.0	0.0	0.0	0.0	0.0	0.0	0.0	0.0	0.0	0.0	0.0	0.0	0.0	0.0	0.0	0.0	0.0	0.0	0.0	0.0	0.0	0.0	0.0	0.0	219.0	0.0	0.0	0.0	0.0	0.0	0.0	0.0	0.0	0.0	0.0	0.0	0.0	0.0	0.0	0.0	0.0	0.0	333.0	268.0	465.0	0.0	0.0	0.0	0.0	0.0	0.0	0.0	0.0	0.0	0.0	0.0	0.0	0.0	0.0	0.0	0.0
144	20150910 18:20:05.241	709.0	254.0	0.0	144.0	72.0	124.0	150.0	101.0	170.0	127.0	96.0	134.0	148.0	134.0	91.0	115.0	97.0	131.0	102.0	153.0	142.0	92.0	139.0	156.0	112.0	162.0	125.0	128.0	157.0	142.0	101.0	133.0	82.0	122.0	81.0	170.0	343.0	237.0	176.0	120.0	133.0	314.0	349.0	151.0	384.0	319.0	294.0	234.0	224.0	290.0	259.0	242.0	193.0	250.0	316.0	373.0	111.0	223.0	182.0	124.0	135.0	92.0	156.0	131.0	128.0
145	20150910 14:52:55.483	713.0	253.0	0.0	172.0	86.0	153.0	110.0	165.0	149.0	124.0	152.0	145.0	113.0	107.0	96.0	169.0	100.0	95.0	128.0	181.0	121.0	90.0	133.0	190.0	118.0	149.0	154.0	106.0	152.0	127.0	101.0	118.0	121.0	216.0	142.0	162.0	365.0	303.0	277.0	134.0	107.0	333.0	252.0	212.0	382.0	287.0	404.0	300.0	168.0	375.0	395.0	333.0	249.0	349.0	372.0	384.0	179.0	254.0	170.0	130.0	122.0	140.0	143.0	146.0	195.0
146	20150910 18:20:05.241	711.0	253.0	0.0	172.0	86.0	153.0	150.0	165.0	149.0	113.0	148.0	164.0	113.0	134.0	122.0	115.0	88.0	133.0	96.0	181.0	121.0	104.0	133.0	190.0	118.0	149.0	154.0	128.0	157.0	115.0	119.0	133.0	121.0	201.0	142.0	151.0	365.0	269.0	237.0	115.0	130.0	333.0	284.0	151.0	384.0	319.0	404.0	300.0	180.0	375.0	356.0	242.0	249.0	325.0	372.0	384.0	162.0	254.0	182.0	124.0	135.0	116.0	143.0	131.0	195.0
147	20150911 08:06:46.186	890.0	252.0	0.0	0.0	0.0	0.0	0.0	0.0	0.0	0.0	0.0	0.0	0.0	0.0	0.0	0.0	0.0	0.0	0.0	0.0	0.0	0.0	0.0	0.0	0.0	0.0	0.0	0.0	0.0	0.0	0.0	0.0	0.0	0.0	0.0	0.0	0.0	0.0	0.0	0.0	0.0	0.0	0.0	0.0	0.0	0.0	0.0	0.0	189.0	0.0	0.0	0.0	0.0	0.0	0.0	0.0	0.0	0.0	0.0	0.0	0.0	0.0	0.0	0.0	0.0
148	20150910 17:11:06.106	709.0	252.0	0.0	135.0	72.0	124.0	150.0	162.0	133.0	138.0	94.0	164.0	126.0	134.0	138.0	118.0	102.0	133.0	132.0	127.0	125.0	119.0	139.0	108.0	96.0	148.0	125.0	128.0	157.0	134.0	119.0	133.0	82.0	134.0	109.0	199.0	343.0	237.0	176.0	63.0	130.0	314.0	349.0	151.0	384.0	319.0	269.0	310.0	178.0	290.0	236.0	269.0	241.0	269.0	353.0	343.0	163.0	245.0	182.0	162.0	176.0	154.0	112.0	131.0	133.0
149	20150910 14:52:55.483	713.0	251.0	0.0	127.0	88.0	127.0	116.0	165.0	149.0	158.0	152.0	177.0	130.0	108.0	91.0	135.0	100.0	111.0	132.0	54.0	83.0	90.0	124.0	138.0	118.0	178.0	156.0	136.0	152.0	100.0	101.0	167.0	121.0	216.0	90.0	186.0	412.0	303.0	306.0	145.0	107.0	333.0	201.0	212.0	382.0	279.0	404.0	261.0	162.0	375.0	395.0	296.0	304.0	349.0	372.0	242.0	179.0	367.0	262.0	111.0	142.0	140.0	143.0	146.0	195.0
150	20150910 18:20:05.241	711.0	251.0	0.0	134.0	120.0	127.0	116.0	165.0	149.0	97.0	125.0	164.0	130.0	110.0	128.0	120.0	77.0	133.0	132.0	75.0	125.0	104.0	128.0	109.0	118.0	178.0	154.0	124.0	157.0	93.0	119.0	133.0	121.0	201.0	108.0	199.0	412.0	269.0	268.0	145.0	130.0	333.0	242.0	209.0	384.0	290.0	404.0	310.0	173.0	375.0	356.0	296.0	249.0	338.0	372.0	343.0	185.0	298.0	205.0	162.0	131.0	136.0	143.0	182.0	195.0
151	20150911 08:06:46.186	890.0	249.0	0.0	0.0	0.0	0.0	0.0	0.0	0.0	0.0	0.0	0.0	0.0	0.0	0.0	0.0	0.0	0.0	0.0	0.0	0.0	0.0	0.0	0.0	0.0	0.0	0.0	0.0	0.0	0.0	0.0	0.0	0.0	0.0	0.0	0.0	0.0	0.0	0.0	0.0	0.0	0.0	0.0	0.0	0.0	0.0	0.0	0.0	237.0	0.0	0.0	0.0	0.0	0.0	0.0	0.0	0.0	0.0	0.0	0.0	0.0	0.0	0.0	0.0	0.0
152	20150910 18:20:05.241	714.0	249.0	0.0	135.0	88.0	155.0	104.0	139.0	132.0	158.0	134.0	177.0	146.0	153.0	125.0	181.0	127.0	141.0	138.0	105.0	149.0	131.0	88.0	137.0	129.0	178.0	156.0	136.0	129.0	103.0	100.0	167.0	110.0	112.0	141.0	198.0	412.0	278.0	371.0	150.0	147.0	286.0	181.0	234.0	258.0	151.0	147.0	261.0	160.0	367.0	290.0	267.0	330.0	338.0	256.0	187.0	172.0	412.0	329.0	182.0	142.0	203.0	167.0	137.0	134.0
153	20150910 17:11:06.106	721.0	247.0	0.0	126.0	97.0	97.0	161.0	116.0	142.0	126.0	122.0	187.0	156.0	146.0	129.0	175.0	119.0	141.0	139.0	122.0	150.0	142.0	136.0	135.0	134.0	141.0	165.0	183.0	127.0	126.0	144.0	104.0	154.0	137.0	160.0	303.0	122.0	171.0	180.0	131.0	134.0	113.0	170.0	283.0	135.0	105.0	151.0	183.0	130.0	121.0	133.0	169.0	98.0	85.0	141.0	128.0	349.0	242.0	361.0	212.0	190.0	443.0	410.0	109.0	176.0
154	20150911 05:49:03.196	861.0	218.0	0.0	0.0	0.0	0.0	0.0	0.0	0.0	0.0	0.0	0.0	0.0	0.0	0.0	0.0	0.0	0.0	0.0	0.0	0.0	0.0	0.0	0.0	0.0	0.0	0.0	0.0	1.0	0.0	0.0	0.0	0.0	0.0	0.0	0.0	0.0	0.0	0.0	0.0	0.0	0.0	0.0	0.0	0.0	0.0	369.0	213.0	290.0	0.0	0.0	0.0	0.0	0.0	0.0	0.0	0.0	0.0	0.0	0.0	0.0	0.0	0.0	0.0	0.0
155	20150911 05:49:03.196	859.0	218.0	0.0	0.0	0.0	0.0	0.0	0.0	0.0	0.0	0.0	0.0	0.0	0.0	0.0	0.0	0.0	0.0	0.0	0.0	0.0	0.0	0.0	0.0	0.0	0.0	0.0	0.0	34.0	0.0	0.0	0.0	0.0	0.0	0.0	0.0	0.0	0.0	0.0	0.0	0.0	0.0	0.0	0.0	0.0	0.0	369.0	213.0	293.0	0.0	0.0	0.0	0.0	0.0	0.0	0.0	0.0	0.0	0.0	0.0	0.0	0.0	0.0	0.0	0.0
156	20150911 08:06:46.186	888.0	217.0	0.0	0.0	0.0	0.0	0.0	0.0	0.0	0.0	0.0	0.0	0.0	0.0	0.0	0.0	0.0	0.0	0.0	0.0	0.0	0.0	0.0	0.0	0.0	0.0	0.0	0.0	0.0	0.0	0.0	0.0	0.0	0.0	0.0	0.0	0.0	0.0	0.0	0.0	0.0	0.0	0.0	0.0	0.0	0.0	0.0	0.0	180.0	0.0	0.0	0.0	0.0	0.0	0.0	0.0	0.0	0.0	0.0	0.0	0.0	0.0	0.0	0.0	0.0
157	20150911 05:49:03.196	861.0	216.0	0.0	0.0	0.0	0.0	0.0	0.0	0.0	0.0	0.0	0.0	0.0	0.0	0.0	0.0	0.0	0.0	0.0	0.0	0.0	0.0	0.0	0.0	0.0	0.0	0.0	0.0	1.0	0.0	0.0	0.0	0.0	0.0	0.0	0.0	0.0	0.0	0.0	0.0	0.0	0.0	0.0	0.0	0.0	0.0	369.0	213.0	290.0	0.0	0.0	0.0	0.0	0.0	0.0	0.0	0.0	0.0	0.0	0.0	0.0	0.0	0.0	0.0	0.0
158	20150911 05:49:03.196	859.0	216.0	0.0	0.0	0.0	0.0	0.0	0.0	0.0	0.0	0.0	0.0	0.0	0.0	0.0	0.0	0.0	0.0	0.0	0.0	0.0	0.0	0.0	0.0	0.0	0.0	0.0	0.0	34.0	0.0	0.0	0.0	0.0	0.0	0.0	0.0	0.0	0.0	0.0	0.0	0.0	0.0	0.0	0.0	0.0	0.0	369.0	213.0	293.0	0.0	0.0	0.0	0.0	0.0	0.0	0.0	0.0	0.0	0.0	0.0	0.0	0.0	0.0	0.0	0.0
159	20150911 08:06:46.186	890.0	208.0	0.0	0.0	0.0	0.0	0.0	0.0	0.0	0.0	0.0	0.0	0.0	0.0	0.0	0.0	0.0	0.0	0.0	0.0	0.0	0.0	0.0	0.0	0.0	0.0	0.0	0.0	0.0	0.0	0.0	0.0	0.0	0.0	0.0	0.0	0.0	0.0	0.0	0.0	0.0	0.0	0.0	0.0	0.0	0.0	0.0	0.0	204.0	0.0	0.0	0.0	0.0	0.0	0.0	0.0	0.0	0.0	0.0	0.0	0.0	0.0	0.0	0.0	0.0
160	20150911 08:06:46.186	890.0	183.0	0.0	0.0	0.0	0.0	0.0	0.0	0.0	0.0	0.0	0.0	0.0	0.0	0.0	0.0	0.0	0.0	0.0	0.0	0.0	0.0	0.0	0.0	0.0	0.0	0.0	0.0	0.0	0.0	0.0	0.0	0.0	0.0	0.0	0.0	0.0	0.0	0.0	0.0	0.0	0.0	0.0	0.0	0.0	0.0	0.0	0.0	274.0	0.0	0.0	0.0	0.0	0.0	0.0	0.0	0.0	0.0	0.0	0.0	0.0	0.0	0.0	0.0	0.0
161	20150911 08:06:46.186	890.0	181.0	0.0	0.0	0.0	0.0	0.0	0.0	0.0	0.0	0.0	0.0	0.0	0.0	0.0	0.0	0.0	0.0	0.0	0.0	0.0	0.0	0.0	0.0	0.0	0.0	0.0	0.0	0.0	0.0	0.0	0.0	0.0	0.0	0.0	0.0	0.0	0.0	0.0	0.0	0.0	0.0	0.0	0.0	0.0	0.0	0.0	0.0	168.0	0.0	0.0	0.0	0.0	0.0	0.0	0.0	0.0	0.0	0.0	0.0	0.0	0.0	0.0	0.0	0.0
162	20150911 08:06:46.186	890.0	178.0	0.0	0.0	0.0	0.0	0.0	0.0	0.0	0.0	0.0	0.0	0.0	0.0	0.0	0.0	0.0	0.0	0.0	0.0	0.0	0.0	0.0	0.0	0.0	0.0	0.0	0.0	0.0	0.0	0.0	0.0	0.0	0.0	0.0	0.0	0.0	0.0	0.0	0.0	0.0	0.0	0.0	0.0	0.0	0.0	0.0	0.0	219.0	0.0	0.0	0.0	0.0	0.0	0.0	0.0	0.0	0.0	0.0	0.0	0.0	0.0	0.0	0.0	0.0
163	20150911 08:06:46.186	890.0	176.0	0.0	0.0	0.0	0.0	0.0	0.0	0.0	0.0	0.0	0.0	0.0	0.0	0.0	0.0	0.0	0.0	0.0	0.0	0.0	0.0	0.0	0.0	0.0	0.0	0.0	0.0	0.0	0.0	0.0	0.0	0.0	0.0	0.0	0.0	0.0	0.0	0.0	0.0	0.0	0.0	0.0	0.0	0.0	0.0	0.0	0.0	219.0	0.0	0.0	0.0	0.0	0.0	0.0	0.0	0.0	0.0	0.0	0.0	0.0	0.0	0.0	0.0	0.0
164	20150911 08:06:46.186	889.0	171.0	0.0	0.0	0.0	0.0	0.0	0.0	0.0	0.0	0.0	0.0	0.0	0.0	0.0	0.0	0.0	0.0	0.0	0.0	0.0	0.0	0.0	0.0	0.0	0.0	0.0	0.0	0.0	0.0	0.0	0.0	0.0	0.0	0.0	0.0	0.0	0.0	0.0	0.0	0.0	0.0	0.0	0.0	0.0	0.0	0.0	0.0	192.0	0.0	0.0	0.0	0.0	0.0	0.0	0.0	0.0	0.0	0.0	0.0	0.0	0.0	0.0	0.0	0.0
165	20150911 08:06:46.186	861.0	139.0	0.0	0.0	0.0	0.0	0.0	0.0	0.0	0.0	0.0	0.0	0.0	0.0	0.0	0.0	0.0	0.0	0.0	0.0	0.0	0.0	0.0	0.0	0.0	0.0	0.0	0.0	3.0	0.0	0.0	0.0	0.0	0.0	0.0	0.0	0.0	0.0	0.0	0.0	0.0	0.0	0.0	0.0	0.0	0.0	510.0	345.0	1082.0	0.0	0.0	0.0	0.0	0.0	0.0	0.0	0.0	0.0	0.0	0.0	0.0	0.0	0.0	0.0	0.0
166	20150911 05:49:03.196	863.0	138.0	0.0	0.0	0.0	0.0	0.0	0.0	0.0	0.0	0.0	0.0	0.0	0.0	0.0	0.0	0.0	0.0	0.0	0.0	0.0	0.0	0.0	0.0	0.0	0.0	0.0	0.0	0.0	0.0	0.0	0.0	0.0	0.0	0.0	0.0	0.0	0.0	0.0	0.0	0.0	0.0	0.0	0.0	0.0	0.0	542.0	345.0	1082.0	0.0	0.0	0.0	0.0	0.0	0.0	0.0	0.0	0.0	0.0	0.0	0.0	0.0	0.0	0.0	0.0
167	20150911 08:06:46.186	859.0	138.0	0.0	0.0	0.0	0.0	0.0	0.0	0.0	0.0	0.0	0.0	0.0	0.0	0.0	0.0	0.0	0.0	0.0	0.0	0.0	0.0	0.0	0.0	0.0	0.0	0.0	0.0	134.0	0.0	0.0	0.0	0.0	0.0	0.0	0.0	0.0	0.0	0.0	0.0	0.0	0.0	0.0	0.0	0.0	0.0	510.0	302.0	1051.0	0.0	0.0	0.0	0.0	0.0	0.0	0.0	0.0	0.0	0.0	0.0	0.0	0.0	0.0	0.0	0.0
168	20150911 05:49:03.196	863.0	136.0	0.0	0.0	0.0	0.0	0.0	0.0	0.0	0.0	0.0	0.0	0.0	0.0	0.0	0.0	0.0	0.0	0.0	0.0	0.0	0.0	0.0	0.0	0.0	0.0	0.0	0.0	0.0	0.0	0.0	0.0	0.0	0.0	0.0	0.0	0.0	0.0	0.0	0.0	0.0	0.0	0.0	0.0	0.0	0.0	542.0	345.0	1082.0	0.0	0.0	0.0	0.0	0.0	0.0	0.0	0.0	0.0	0.0	0.0	0.0	0.0	0.0	0.0	0.0
169	20150911 05:49:03.196	861.0	136.0	0.0	0.0	0.0	0.0	0.0	0.0	0.0	0.0	0.0	0.0	0.0	0.0	0.0	0.0	0.0	0.0	0.0	0.0	0.0	0.0	0.0	0.0	0.0	0.0	0.0	0.0	3.0	0.0	0.0	0.0	0.0	0.0	0.0	0.0	0.0	0.0	0.0	0.0	0.0	0.0	0.0	0.0	0.0	0.0	542.0	345.0	1082.0	0.0	0.0	0.0	0.0	0.0	0.0	0.0	0.0	0.0	0.0	0.0	0.0	0.0	0.0	0.0	0.0
170	20150911 08:06:46.186	859.0	136.0	0.0	0.0	0.0	0.0	0.0	0.0	0.0	0.0	0.0	0.0	0.0	0.0	0.0	0.0	0.0	0.0	0.0	0.0	0.0	0.0	0.0	0.0	0.0	0.0	0.0	0.0	106.0	0.0	0.0	0.0	0.0	0.0	0.0	0.0	0.0	0.0	0.0	0.0	0.0	0.0	0.0	0.0	0.0	0.0	459.0	313.0	1051.0	0.0	0.0	0.0	0.0	0.0	0.0	0.0	0.0	0.0	0.0	0.0	0.0	0.0	0.0	0.0	0.0
171	20150911 05:49:03.196	861.0	134.0	0.0	0.0	0.0	0.0	0.0	0.0	0.0	0.0	0.0	0.0	0.0	0.0	0.0	0.0	0.0	0.0	0.0	0.0	0.0	0.0	0.0	0.0	0.0	0.0	0.0	0.0	3.0	0.0	0.0	0.0	0.0	0.0	0.0	0.0	0.0	0.0	0.0	0.0	0.0	0.0	0.0	0.0	0.0	0.0	519.0	323.0	682.0	0.0	0.0	0.0	0.0	0.0	0.0	0.0	0.0	0.0	0.0	0.0	0.0	0.0	0.0	0.0	0.0
172	20150911 05:49:03.196	856.0	108.0	0.0	0.0	0.0	0.0	0.0	0.0	0.0	0.0	0.0	0.0	0.0	0.0	0.0	0.0	0.0	0.0	0.0	0.0	0.0	0.0	0.0	0.0	0.0	0.0	0.0	0.0	143.0	0.0	0.0	0.0	0.0	0.0	0.0	0.0	0.0	0.0	0.0	0.0	0.0	0.0	0.0	0.0	0.0	0.0	293.0	256.0	128.0	0.0	0.0	0.0	0.0	0.0	0.0	0.0	0.0	0.0	0.0	0.0	0.0	0.0	0.0	0.0	0.0
173	20150910 09:07:37.604	854.0	107.0	0.0	0.0	0.0	0.0	0.0	0.0	0.0	0.0	0.0	0.0	0.0	0.0	0.0	0.0	0.0	0.0	0.0	0.0	0.0	0.0	0.0	0.0	0.0	0.0	0.0	0.0	136.0	0.0	0.0	0.0	0.0	0.0	0.0	0.0	0.0	0.0	0.0	0.0	0.0	0.0	0.0	0.0	0.0	0.0	267.0	256.0	133.0	0.0	0.0	0.0	0.0	0.0	0.0	0.0	0.0	0.0	0.0	0.0	0.0	0.0	0.0	0.0	0.0
174	20150911 03:31:20.255	766.0	107.0	0.0	0.0	0.0	0.0	0.0	0.0	0.0	0.0	0.0	0.0	0.0	0.0	0.0	0.0	0.0	0.0	0.0	116.0	74.0	136.0	161.0	126.0	127.0	101.0	113.0	109.0	83.0	0.0	0.0	0.0	0.0	0.0	0.0	0.0	0.0	0.0	0.0	170.0	225.0	155.0	112.0	161.0	385.0	385.0	490.0	617.0	255.0	0.0	0.0	0.0	0.0	0.0	0.0	0.0	0.0	0.0	0.0	0.0	0.0	311.0	191.0	468.0	321.0
175	20150911 03:31:20.255	768.0	105.0	0.0	0.0	0.0	0.0	0.0	0.0	0.0	0.0	0.0	0.0	0.0	0.0	0.0	0.0	0.0	0.0	0.0	102.0	117.0	136.0	141.0	135.0	137.0	86.0	88.0	107.0	87.0	0.0	0.0	0.0	0.0	0.0	0.0	0.0	0.0	0.0	0.0	170.0	147.0	138.0	205.0	177.0	269.0	330.0	470.0	528.0	215.0	0.0	0.0	0.0	0.0	0.0	0.0	0.0	0.0	0.0	0.0	0.0	0.0	392.0	166.0	467.0	318.0
176	20150911 03:31:20.255	766.0	105.0	0.0	0.0	0.0	0.0	0.0	0.0	0.0	0.0	0.0	0.0	0.0	0.0	0.0	0.0	0.0	0.0	0.0	116.0	142.0	136.0	141.0	126.0	100.0	86.0	102.0	109.0	90.0	0.0	0.0	0.0	0.0	0.0	0.0	0.0	0.0	0.0	0.0	170.0	225.0	155.0	205.0	177.0	469.0	385.0	470.0	502.0	215.0	0.0	0.0	0.0	0.0	0.0	0.0	0.0	0.0	0.0	0.0	0.0	0.0	392.0	168.0	468.0	380.0
177	20150912 01:42:58.475	782.0	97.0	0.0	0.0	0.0	0.0	0.0	0.0	0.0	0.0	0.0	0.0	0.0	0.0	0.0	0.0	0.0	0.0	0.0	124.0	108.0	158.0	140.0	137.0	130.0	94.0	102.0	117.0	182.0	0.0	0.0	0.0	0.0	0.0	0.0	0.0	0.0	0.0	0.0	0.0	148.0	174.0	88.0	155.0	243.0	203.0	218.0	133.0	240.0	0.0	0.0	0.0	0.0	0.0	0.0	0.0	0.0	0.0	0.0	0.0	0.0	358.0	810.0	862.0	722.0
178	20150912 00:32:32.811	780.0	97.0	0.0	0.0	0.0	0.0	0.0	0.0	0.0	0.0	0.0	0.0	0.0	0.0	0.0	0.0	0.0	0.0	0.0	124.0	105.0	120.0	106.0	137.0	127.0	125.0	144.0	117.0	150.0	0.0	0.0	0.0	0.0	0.0	0.0	0.0	0.0	0.0	0.0	2.0	148.0	174.0	118.0	155.0	243.0	203.0	160.0	140.0	196.0	0.0	0.0	0.0	0.0	0.0	0.0	0.0	0.0	0.0	0.0	0.0	0.0	446.0	743.0	772.0	677.0
179	20150911 00:04:37.577	766.0	95.0	0.0	0.0	0.0	0.0	0.0	0.0	0.0	0.0	0.0	0.0	0.0	0.0	0.0	0.0	0.0	0.0	0.0	132.0	119.0	107.0	107.0	115.0	102.0	114.0	84.0	95.0	80.0	0.0	0.0	0.0	0.0	0.0	0.0	0.0	0.0	0.0	0.0	134.0	141.0	472.0	620.0	575.0	144.0	155.0	158.0	174.0	120.0	0.0	0.0	0.0	0.0	0.0	0.0	0.0	0.0	0.0	0.0	0.0	0.0	212.0	225.0	197.0	137.0
180	20150912 01:42:58.475	782.0	94.0	0.0	0.0	0.0	0.0	0.0	0.0	0.0	0.0	0.0	0.0	0.0	0.0	0.0	0.0	0.0	0.0	0.0	124.0	156.0	123.0	139.0	129.0	122.0	105.0	117.0	91.0	148.0	0.0	0.0	0.0	0.0	0.0	0.0	0.0	0.0	0.0	0.0	0.0	132.0	174.0	160.0	160.0	132.0	144.0	162.0	155.0	166.0	0.0	0.0	0.0	0.0	0.0	0.0	0.0	0.0	0.0	0.0	0.0	0.0	358.0	810.0	862.0	722.0
181	20150911 00:04:37.577	768.0	92.0	0.0	0.0	0.0	0.0	0.0	0.0	0.0	0.0	0.0	0.0	0.0	0.0	0.0	0.0	0.0	0.0	0.0	167.0	96.0	114.0	116.0	112.0	89.0	116.0	103.0	98.0	117.0	0.0	0.0	0.0	0.0	0.0	0.0	0.0	0.0	0.0	0.0	167.0	114.0	569.0	734.0	582.0	121.0	185.0	184.0	174.0	135.0	0.0	0.0	0.0	0.0	0.0	0.0	0.0	0.0	0.0	0.0	0.0	0.0	161.0	143.0	205.0	201.0
182	20150911 00:04:37.577	766.0	91.0	0.0	0.0	0.0	0.0	0.0	0.0	0.0	0.0	0.0	0.0	0.0	0.0	0.0	0.0	0.0	0.0	0.0	167.0	98.0	93.0	137.0	112.0	103.0	193.0	144.0	124.0	152.0	0.0	0.0	0.0	0.0	0.0	0.0	0.0	0.0	0.0	0.0	139.0	153.0	663.0	734.0	582.0	121.0	114.0	185.0	206.0	161.0	0.0	0.0	0.0	0.0	0.0	0.0	0.0	0.0	0.0	0.0	0.0	0.0	155.0	127.0	173.0	151.0
183	20150911 00:04:37.577	770.0	88.0	0.0	0.0	0.0	0.0	0.0	0.0	0.0	0.0	0.0	0.0	0.0	0.0	0.0	0.0	0.0	0.0	0.0	152.0	137.0	86.0	100.0	120.0	104.0	112.0	86.0	93.0	112.0	0.0	0.0	0.0	0.0	0.0	0.0	0.0	0.0	0.0	0.0	107.0	143.0	499.0	701.0	590.0	139.0	147.0	168.0	113.0	149.0	0.0	0.0	0.0	0.0	0.0	0.0	0.0	0.0	0.0	0.0	0.0	0.0	209.0	131.0	163.0	134.0
184	20150911 00:04:37.577	767.0	89.0	0.0	0.0	0.0	0.0	0.0	0.0	0.0	0.0	0.0	0.0	0.0	0.0	0.0	0.0	0.0	0.0	0.0	116.0	122.0	93.0	150.0	117.0	100.0	137.0	144.0	149.0	73.0	0.0	0.0	0.0	0.0	0.0	0.0	0.0	0.0	0.0	0.0	121.0	143.0	660.0	734.0	590.0	132.0	125.0	192.0	127.0	116.0	0.0	0.0	0.0	0.0	0.0	0.0	0.0	0.0	0.0	0.0	0.0	0.0	118.0	127.0	113.0	163.0
185	20150911 00:04:37.577	770.0	85.0	0.0	0.0	0.0	0.0	0.0	0.0	0.0	0.0	0.0	0.0	0.0	0.0	0.0	0.0	0.0	0.0	0.0	152.0	102.0	125.0	107.0	149.0	145.0	151.0	166.0	120.0	91.0	0.0	0.0	0.0	0.0	0.0	0.0	0.0	0.0	0.0	0.0	169.0	182.0	494.0	401.0	422.0	139.0	107.0	151.0	159.0	146.0	0.0	0.0	0.0	0.0	0.0	0.0	0.0	0.0	0.0	0.0	0.0	0.0	181.0	134.0	126.0	158.0
186	20150911 08:06:46.186	888.0	19.0	0.0	0.0	0.0	0.0	0.0	0.0	0.0	0.0	0.0	0.0	0.0	0.0	0.0	0.0	0.0	0.0	0.0	0.0	0.0	0.0	0.0	0.0	0.0	0.0	0.0	0.0	0.0	0.0	0.0	0.0	0.0	0.0	0.0	0.0	0.0	0.0	0.0	0.0	0.0	0.0	0.0	0.0	0.0	0.0	0.0	0.0	166.0	0.0	0.0	0.0	0.0	0.0	0.0	0.0	0.0	0.0	0.0	0.0	0.0	0.0	0.0	0.0	0.0
187	20150911 08:06:46.186	863.0	19.0	0.0	0.0	0.0	0.0	0.0	0.0	0.0	0.0	0.0	0.0	0.0	0.0	0.0	0.0	0.0	0.0	0.0	0.0	0.0	0.0	0.0	0.0	0.0	0.0	0.0	0.0	0.0	0.0	0.0	0.0	0.0	0.0	0.0	0.0	0.0	0.0	0.0	0.0	0.0	0.0	0.0	0.0	0.0	0.0	486.0	351.0	1020.0	0.0	0.0	0.0	0.0	0.0	0.0	0.0	0.0	0.0	0.0	0.0	0.0	0.0	0.0	0.0	0.0
188	20150911 08:06:46.186	865.0	18.0	0.0	0.0	0.0	0.0	0.0	0.0	0.0	0.0	0.0	0.0	0.0	0.0	0.0	0.0	0.0	0.0	0.0	0.0	0.0	0.0	0.0	0.0	0.0	0.0	0.0	0.0	0.0	0.0	0.0	0.0	0.0	0.0	0.0	0.0	0.0	0.0	0.0	0.0	0.0	0.0	0.0	0.0	0.0	0.0	486.0	381.0	1020.0	0.0	0.0	0.0	0.0	0.0	0.0	0.0	0.0	0.0	0.0	0.0	0.0	0.0	0.0	0.0	0.0
189	20150911 05:49:03.196	861.0	18.0	0.0	0.0	0.0	0.0	0.0	0.0	0.0	0.0	0.0	0.0	0.0	0.0	0.0	0.0	0.0	0.0	0.0	0.0	0.0	0.0	0.0	0.0	0.0	0.0	0.0	0.0	2.0	0.0	0.0	0.0	0.0	0.0	0.0	0.0	0.0	0.0	0.0	0.0	0.0	0.0	0.0	0.0	0.0	0.0	465.0	328.0	920.0	0.0	0.0	0.0	0.0	0.0	0.0	0.0	0.0	0.0	0.0	0.0	0.0	0.0	0.0	0.0	0.0
190	20150911 08:06:46.186	865.0	16.0	0.0	0.0	0.0	0.0	0.0	0.0	0.0	0.0	0.0	0.0	0.0	0.0	0.0	0.0	0.0	0.0	0.0	0.0	0.0	0.0	0.0	0.0	0.0	0.0	0.0	0.0	0.0	0.0	0.0	0.0	0.0	0.0	0.0	0.0	0.0	0.0	0.0	0.0	0.0	0.0	0.0	0.0	0.0	0.0	486.0	381.0	1020.0	0.0	0.0	0.0	0.0	0.0	0.0	0.0	0.0	0.0	0.0	0.0	0.0	0.0	0.0	0.0	0.0
191	20150911 08:06:46.186	863.0	16.0	0.0	0.0	0.0	0.0	0.0	0.0	0.0	0.0	0.0	0.0	0.0	0.0	0.0	0.0	0.0	0.0	0.0	0.0	0.0	0.0	0.0	0.0	0.0	0.0	0.0	0.0	0.0	0.0	0.0	0.0	0.0	0.0	0.0	0.0	0.0	0.0	0.0	0.0	0.0	0.0	0.0	0.0	0.0	0.0	486.0	381.0	1020.0	0.0	0.0	0.0	0.0	0.0	0.0	0.0	0.0	0.0	0.0	0.0	0.0	0.0	0.0	0.0	0.0
