index	mortality	x	y	20150906 17:41:10.769	20150909 05:06:03.623	20150909 06:16:16.113	20150909 07:26:44.507	20150909 08:37:02.531	20150909 09:47:27.321	20150909 10:57:53.05	20150909 12:08:24.453	20150909 13:18:49.303	20150909 14:29:17.587	20150909 15:39:44.540	20150909 16:50:21.428	20150909 18:00:32.443	20150909 19:10:58.347	20150909 20:21:15.269	20150909 21:31:42.579	20150909 22:42:12.686	20150909 23:52:29.119	20150910 01:02:56.881	20150910 02:13:17.807	20150910 03:23:41.572	20150910 04:33:57.499	20150910 05:44:05.845	20150910 06:54:25.230	20150910 08:04:43.936	20150910 09:15:05.971	20150910 10:24:12.173	20150910 11:33:14.465	20150910 12:42:17.481	20150910 13:51:15.881	20150910 15:00:15.708	20150910 16:09:15.369	20150910 17:18:26.823	20150910 18:27:19.539	20150910 19:36:18.395	20150910 20:45:15.636	20150910 21:54:06.155	20150910 23:03:05.90	20150911 00:11:57.613	20150911 01:20:50.474	20150911 02:29:45.196	20150911 03:38:38.13	20150911 04:47:28.408	20150911 05:56:23.261	20150911 07:05:20.366	20150911 08:14:07.596	20150911 09:23:17.442	20150911 10:33:05.305	20150911 11:43:27.324	20150911 12:53:45.118	20150911 16:27:17.36	20150911 17:37:47.798	20150911 18:48:02.856	20150911 19:58:18.350	20150911 21:08:51.153	20150911 22:19:13.64	20150911 23:29:39.735	20150912 00:40:04.198	20150912 01:50:26.454	20150912 03:00:57.295	20150912 04:11:31.987	20150912 05:21:57.314	20150912 06:32:18.598	20150912 07:42:45.282	20150912 08:53:07.462	20150912 10:03:26.605	20150912 11:13:58.294	20150912 12:24:22.935	20150912 13:34:42.682	20150912 14:56:06.32
1	20150910 01:02:56.881	264.0	863.0	150.0	167.0	152.0	181.0	174.0	153.0	183.0	170.0	204.0	136.0	173.0	178.0	168.0	224.0	217.0	200.0	163.0	149.0	275.0	224.0	216.0	274.0	218.0	229.0	184.0	239.0	194.0	234.0	243.0	183.0	172.0	243.0	226.0	174.0	386.0	276.0	254.0	290.0	241.0	183.0	229.0	270.0	235.0	204.0	284.0	202.0	252.0	294.0	213.0	250.0	166.0	182.0	283.0	233.0	276.0	230.0	169.0	149.0	294.0	289.0	236.0	237.0	226.0	345.0	201.0	211.0	265.0	247.0	244.0	238.0
2	20150910 04:33:57.499	261.0	864.0	121.0	158.0	172.0	113.0	125.0	151.0	183.0	131.0	170.0	136.0	137.0	148.0	168.0	224.0	223.0	206.0	240.0	225.0	229.0	234.0	185.0	274.0	251.0	201.0	239.0	254.0	262.0	234.0	243.0	179.0	171.0	237.0	280.0	174.0	386.0	227.0	327.0	251.0	209.0	202.0	216.0	270.0	275.0	283.0	256.0	233.0	309.0	294.0	203.0	255.0	287.0	180.0	335.0	271.0	320.0	230.0	225.0	231.0	294.0	289.0	213.0	216.0	226.0	345.0	309.0	275.0	331.0	354.0	273.0	304.0
3	20150909 13:18:49.303	258.0	864.0	111.0	163.0	172.0	161.0	186.0	158.0	124.0	136.0	241.0	177.0	137.0	142.0	168.0	178.0	232.0	210.0	137.0	260.0	195.0	206.0	275.0	197.0	255.0	210.0	239.0	212.0	185.0	244.0	207.0	180.0	172.0	237.0	256.0	166.0	355.0	239.0	244.0	254.0	195.0	184.0	216.0	207.0	218.0	171.0	269.0	233.0	309.0	240.0	249.0	195.0	193.0	193.0	335.0	271.0	220.0	206.0	239.0	189.0	292.0	277.0	276.0	215.0	215.0	305.0	232.0	220.0	215.0	291.0	263.0	307.0
4	20150910 01:02:56.881	250.0	864.0	117.0	159.0	151.0	136.0	118.0	112.0	147.0	124.0	122.0	133.0	162.0	155.0	167.0	193.0	160.0	160.0	123.0	143.0	282.0	171.0	184.0	256.0	153.0	156.0	164.0	160.0	163.0	240.0	178.0	120.0	229.0	137.0	175.0	172.0	221.0	214.0	227.0	173.0	185.0	129.0	166.0	180.0	142.0	181.0	166.0	187.0	204.0	241.0	164.0	231.0	198.0	137.0	189.0	137.0	165.0	135.0	230.0	190.0	151.0	229.0	195.0	279.0	169.0	147.0	226.0	142.0	170.0	206.0	170.0	157.0
5	20150909 21:31:42.579	261.0	862.0	129.0	199.0	166.0	151.0	192.0	147.0	183.0	181.0	195.0	127.0	137.0	148.0	168.0	185.0	162.0	275.0	240.0	225.0	218.0	214.0	173.0	319.0	181.0	201.0	201.0	211.0	262.0	246.0	244.0	179.0	171.0	194.0	262.0	235.0	280.0	200.0	318.0	194.0	193.0	226.0	230.0	208.0	267.0	215.0	220.0	233.0	267.0	220.0	234.0	243.0	210.0	180.0	191.0	271.0	276.0	230.0	176.0	231.0	257.0	205.0	213.0	216.0	256.0	345.0	179.0	224.0	262.0	247.0	273.0	244.0
6	20150909 22:42:12.686	259.0	862.0	111.0	163.0	166.0	160.0	183.0	158.0	174.0	140.0	195.0	151.0	142.0	148.0	168.0	169.0	172.0	179.0	240.0	245.0	189.0	192.0	143.0	319.0	255.0	201.0	201.0	211.0	171.0	233.0	196.0	143.0	172.0	221.0	262.0	235.0	261.0	240.0	244.0	254.0	193.0	226.0	230.0	208.0	251.0	215.0	220.0	233.0	267.0	221.0	184.0	160.0	194.0	208.0	238.0	271.0	230.0	168.0	161.0	189.0	257.0	222.0	197.0	222.0	256.0	275.0	176.0	224.0	262.0	247.0	299.0	244.0
7	20150911 23:29:39.735	587.0	793.0	160.0	265.0	194.0	196.0	227.0	214.0	137.0	169.0	187.0	198.0	171.0	155.0	164.0	171.0	157.0	163.0	180.0	152.0	173.0	134.0	115.0	170.0	184.0	151.0	147.0	185.0	167.0	257.0	175.0	191.0	198.0	230.0	270.0	260.0	204.0	299.0	257.0	225.0	225.0	294.0	342.0	353.0	314.0	315.0	283.0	277.0	288.0	346.0	296.0	392.0	362.0	348.0	389.0	366.0	425.0	401.0	503.0	597.0	477.0	593.0	736.0	532.0	446.0	487.0	426.0	421.0	336.0	251.0	451.0	292.0
8	20150911 02:29:45.196	584.0	793.0	160.0	227.0	203.0	189.0	247.0	208.0	183.0	157.0	184.0	198.0	171.0	155.0	189.0	211.0	197.0	161.0	181.0	190.0	173.0	160.0	164.0	223.0	176.0	196.0	118.0	210.0	214.0	257.0	205.0	190.0	175.0	230.0	355.0	284.0	275.0	265.0	281.0	323.0	247.0	294.0	415.0	353.0	337.0	331.0	328.0	271.0	282.0	327.0	280.0	392.0	362.0	355.0	298.0	366.0	425.0	391.0	537.0	597.0	594.0	593.0	612.0	580.0	446.0	487.0	532.0	535.0	356.0	315.0	436.0	373.0
9	20150911 21:08:51.153	582.0	792.0	132.0	189.0	203.0	266.0	224.0	177.0	215.0	114.0	205.0	203.0	155.0	165.0	152.0	216.0	197.0	196.0	208.0	190.0	162.0	196.0	164.0	138.0	139.0	225.0	124.0	159.0	187.0	181.0	231.0	264.0	188.0	276.0	271.0	284.0	317.0	306.0	289.0	313.0	399.0	260.0	337.0	340.0	406.0	331.0	291.0	356.0	344.0	327.0	280.0	324.0	397.0	319.0	323.0	347.0	556.0	381.0	659.0	623.0	679.0	584.0	654.0	766.0	725.0	477.0	630.0	648.0	549.0	407.0	436.0	411.0
10	20150911 22:19:13.64	589.0	792.0	160.0	207.0	152.0	196.0	219.0	175.0	192.0	169.0	214.0	170.0	184.0	134.0	185.0	171.0	147.0	183.0	180.0	156.0	167.0	118.0	119.0	170.0	142.0	140.0	146.0	148.0	126.0	200.0	175.0	204.0	183.0	179.0	270.0	198.0	253.0	265.0	205.0	221.0	185.0	216.0	260.0	243.0	284.0	236.0	178.0	277.0	292.0	370.0	302.0	353.0	294.0	324.0	314.0	379.0	353.0	424.0	575.0	554.0	548.0	707.0	579.0	639.0	460.0	356.0	532.0	499.0	342.0	265.0	366.0	203.0
11	20150911 21:08:51.153	580.0	791.0	110.0	167.0	154.0	164.0	217.0	177.0	188.0	147.0	211.0	154.0	147.0	139.0	150.0	216.0	145.0	135.0	208.0	186.0	167.0	137.0	143.0	208.0	132.0	225.0	144.0	174.0	151.0	216.0	231.0	157.0	188.0	216.0	271.0	188.0	239.0	191.0	285.0	269.0	276.0	223.0	218.0	272.0	267.0	264.0	231.0	173.0	269.0	263.0	265.0	292.0	303.0	278.0	254.0	265.0	435.0	347.0	385.0	581.0	589.0	649.0	512.0	383.0	484.0	354.0	426.0	539.0	381.0	490.0	445.0	437.0
12	20150911 10:33:05.305	590.0	789.0	98.0	207.0	144.0	226.0	180.0	162.0	198.0	168.0	151.0	157.0	184.0	132.0	185.0	134.0	173.0	108.0	236.0	156.0	152.0	164.0	199.0	155.0	177.0	125.0	143.0	162.0	184.0	214.0	151.0	217.0	192.0	166.0	267.0	198.0	256.0	227.0	187.0	271.0	207.0	177.0	194.0	256.0	214.0	226.0	181.0	181.0	322.0	378.0	283.0	408.0	259.0	278.0	323.0	418.0	335.0	346.0	471.0	541.0	528.0	582.0	653.0	577.0	552.0	313.0	461.0	422.0	322.0	347.0	385.0	287.0
13	20150911 23:29:39.735	587.0	789.0	125.0	204.0	198.0	226.0	152.0	178.0	192.0	178.0	214.0	184.0	184.0	133.0	185.0	173.0	245.0	167.0	202.0	184.0	162.0	232.0	183.0	183.0	205.0	168.0	161.0	185.0	219.0	209.0	222.0	224.0	234.0	267.0	321.0	291.0	288.0	354.0	340.0	373.0	299.0	430.0	406.0	460.0	464.0	386.0	383.0	459.0	486.0	457.0	496.0	478.0	555.0	511.0	551.0	543.0	600.0	627.0	722.0	894.0	1038.0	1091.0	1238.0	1156.0	1222.0	937.0	938.0	947.0	952.0	828.0	728.0	838.0
14	20150911 23:29:39.735	584.0	789.0	127.0	223.0	181.0	305.0	156.0	241.0	215.0	144.0	212.0	192.0	271.0	191.0	164.0	172.0	236.0	196.0	202.0	215.0	255.0	244.0	145.0	225.0	214.0	196.0	180.0	185.0	219.0	330.0	260.0	264.0	217.0	292.0	369.0	328.0	454.0	380.0	353.0	373.0	399.0	430.0	467.0	460.0	464.0	386.0	407.0	459.0	486.0	435.0	446.0	446.0	555.0	511.0	551.0	545.0	600.0	627.0	855.0	874.0	1038.0	1031.0	1238.0	1156.0	1222.0	1078.0	938.0	947.0	952.0	1050.0	786.0	909.0
15	20150911 21:08:51.153	582.0	789.0	143.0	189.0	180.0	305.0	217.0	241.0	215.0	171.0	212.0	159.0	271.0	191.0	132.0	166.0	124.0	196.0	176.0	215.0	255.0	244.0	133.0	154.0	192.0	196.0	180.0	185.0	190.0	330.0	186.0	264.0	192.0	292.0	248.0	288.0	317.0	380.0	291.0	324.0	399.0	375.0	444.0	340.0	406.0	370.0	367.0	398.0	373.0	357.0	446.0	429.0	411.0	462.0	438.0	462.0	556.0	491.0	750.0	740.0	811.0	821.0	903.0	827.0	898.0	901.0	778.0	776.0	737.0	899.0	724.0	854.0
16	20150911 21:08:51.153	580.0	788.0	202.0	154.0	115.0	178.0	217.0	126.0	188.0	185.0	201.0	152.0	156.0	142.0	151.0	160.0	126.0	158.0	179.0	186.0	167.0	174.0	127.0	161.0	156.0	151.0	175.0	147.0	137.0	219.0	206.0	162.0	164.0	216.0	222.0	182.0	194.0	272.0	285.0	268.0	274.0	209.0	229.0	226.0	247.0	245.0	201.0	212.0	269.0	279.0	265.0	267.0	303.0	284.0	313.0	286.0	435.0	338.0	410.0	581.0	625.0	649.0	533.0	501.0	484.0	354.0	475.0	539.0	491.0	491.0	595.0	474.0
17	20150912 00:40:04.198	589.0	786.0	124.0	172.0	158.0	226.0	192.0	137.0	198.0	199.0	188.0	121.0	155.0	154.0	120.0	196.0	159.0	140.0	173.0	159.0	180.0	172.0	139.0	179.0	149.0	153.0	149.0	138.0	154.0	136.0	122.0	162.0	135.0	214.0	213.0	173.0	182.0	206.0	172.0	271.0	174.0	171.0	174.0	197.0	214.0	157.0	177.0	192.0	271.0	384.0	283.0	307.0	262.0	294.0	295.0	253.0	285.0	354.0	393.0	511.0	490.0	724.0	514.0	726.0	488.0	279.0	463.0	292.0	380.0	481.0	406.0	336.0
18	20150911 23:29:39.735	586.0	785.0	90.0	118.0	198.0	142.0	192.0	105.0	124.0	199.0	170.0	121.0	133.0	188.0	155.0	177.0	102.0	181.0	173.0	147.0	111.0	144.0	135.0	179.0	163.0	153.0	150.0	173.0	176.0	161.0	173.0	171.0	177.0	184.0	238.0	186.0	195.0	228.0	202.0	196.0	175.0	180.0	240.0	231.0	220.0	286.0	239.0	192.0	289.0	324.0	279.0	348.0	364.0	294.0	253.0	311.0	328.0	371.0	458.0	494.0	514.0	515.0	544.0	471.0	449.0	398.0	472.0	420.0	642.0	587.0	584.0	674.0
19	20150911 22:19:13.64	584.0	785.0	90.0	181.0	120.0	142.0	134.0	125.0	168.0	144.0	192.0	118.0	133.0	188.0	155.0	158.0	180.0	181.0	141.0	147.0	112.0	186.0	171.0	152.0	163.0	151.0	213.0	173.0	176.0	123.0	206.0	171.0	174.0	184.0	238.0	186.0	215.0	225.0	226.0	263.0	246.0	249.0	240.0	224.0	238.0	286.0	167.0	188.0	259.0	318.0	279.0	348.0	364.0	277.0	252.0	311.0	328.0	390.0	458.0	504.0	514.0	544.0	544.0	471.0	459.0	398.0	472.0	429.0	642.0	587.0	603.0	674.0
20	20150911 22:19:13.64	582.0	785.0	109.0	181.0	130.0	178.0	148.0	125.0	168.0	157.0	192.0	171.0	111.0	144.0	145.0	190.0	180.0	147.0	141.0	113.0	147.0	186.0	171.0	147.0	122.0	154.0	213.0	134.0	119.0	123.0	206.0	178.0	168.0	164.0	219.0	177.0	215.0	272.0	226.0	263.0	246.0	249.0	231.0	238.0	238.0	178.0	214.0	202.0	239.0	279.0	256.0	310.0	226.0	275.0	313.0	306.0	340.0	390.0	407.0	504.0	463.0	544.0	518.0	469.0	459.0	337.0	472.0	429.0	554.0	481.0	603.0	542.0
21	20150911 23:29:39.735	580.0	786.0	202.0	154.0	130.0	178.0	161.0	203.0	165.0	185.0	127.0	171.0	172.0	142.0	151.0	190.0	188.0	147.0	179.0	138.0	153.0	143.0	133.0	154.0	156.0	178.0	175.0	153.0	137.0	152.0	206.0	178.0	168.0	153.0	271.0	182.0	194.0	272.0	206.0	187.0	233.0	213.0	229.0	238.0	174.0	228.0	201.0	211.0	250.0	279.0	225.0	267.0	224.0	281.0	313.0	262.0	340.0	338.0	410.0	489.0	489.0	474.0	533.0	354.0	436.0	234.0	404.0	265.0	422.0	399.0	595.0	474.0
22	20150910 11:33:14.465	821.0	605.0	157.0	264.0	219.0	174.0	214.0	214.0	231.0	195.0	220.0	182.0	248.0	199.0	190.0	211.0	212.0	177.0	229.0	214.0	115.0	165.0	194.0	192.0	222.0	209.0	186.0	221.0	200.0	360.0	208.0	226.0	302.0	314.0	264.0	242.0	185.0	244.0	243.0	296.0	246.0	143.0	207.0	201.0	155.0	166.0	175.0	164.0	209.0	272.0	240.0	338.0	191.0	282.0	216.0	193.0	242.0	212.0	208.0	273.0	260.0	241.0	174.0	185.0	166.0	172.0	227.0	173.0	200.0	180.0	213.0	218.0
23	20150911 05:56:23.261	425.0	561.0	156.0	145.0	157.0	120.0	137.0	153.0	85.0	103.0	182.0	89.0	140.0	115.0	117.0	120.0	187.0	145.0	135.0	101.0	84.0	142.0	179.0	102.0	136.0	110.0	194.0	177.0	157.0	275.0	79.0	111.0	115.0	163.0	123.0	108.0	123.0	99.0	94.0	136.0	144.0	153.0	130.0	156.0	112.0	1097.0	117.0	129.0	149.0	123.0	93.0	139.0	123.0	107.0	171.0	147.0	119.0	134.0	123.0	122.0	131.0	144.0	134.0	145.0	187.0	132.0	134.0	147.0	119.0	214.0	192.0	142.0
24	20150911 05:56:23.261	423.0	561.0	156.0	198.0	166.0	124.0	137.0	129.0	132.0	146.0	136.0	144.0	132.0	96.0	117.0	97.0	187.0	130.0	139.0	127.0	76.0	126.0	179.0	102.0	136.0	118.0	114.0	177.0	183.0	135.0	84.0	142.0	115.0	187.0	173.0	139.0	123.0	73.0	95.0	102.0	123.0	110.0	112.0	156.0	239.0	1097.0	117.0	121.0	114.0	200.0	161.0	139.0	123.0	213.0	144.0	163.0	136.0	180.0	138.0	122.0	131.0	173.0	142.0	187.0	187.0	185.0	169.0	147.0	111.0	137.0	192.0	142.0
25	20150910 11:33:14.465	106.0	548.0	153.0	159.0	178.0	168.0	190.0	118.0	172.0	164.0	171.0	177.0	177.0	187.0	155.0	137.0	166.0	153.0	114.0	177.0	144.0	155.0	152.0	177.0	189.0	145.0	191.0	230.0	143.0	260.0	181.0	155.0	160.0	232.0	211.0	176.0	191.0	287.0	212.0	202.0	227.0	259.0	272.0	297.0	356.0	303.0	333.0	241.0	190.0	251.0	174.0	241.0	161.0	208.0	286.0	218.0	248.0	263.0	243.0	210.0	288.0	210.0	189.0	216.0	206.0	181.0	255.0	0.0	179.0	262.0	263.0	207.0
26	20150910 11:33:14.465	104.0	548.0	156.0	171.0	164.0	161.0	190.0	118.0	153.0	167.0	210.0	164.0	177.0	135.0	155.0	148.0	166.0	153.0	138.0	150.0	187.0	193.0	141.0	168.0	189.0	222.0	191.0	230.0	164.0	260.0	154.0	155.0	160.0	232.0	211.0	150.0	260.0	287.0	223.0	238.0	198.0	259.0	272.0	291.0	356.0	285.0	333.0	237.0	174.0	251.0	240.0	204.0	171.0	178.0	286.0	218.0	249.0	246.0	243.0	216.0	201.0	197.0	194.0	216.0	213.0	159.0	255.0	0.0	244.0	262.0	263.0	243.0
27	20150911 03:38:38.13	108.0	547.0	107.0	157.0	178.0	170.0	169.0	117.0	185.0	231.0	171.0	177.0	118.0	187.0	142.0	133.0	203.0	144.0	132.0	136.0	206.0	152.0	152.0	148.0	135.0	164.0	174.0	145.0	124.0	169.0	192.0	163.0	119.0	241.0	235.0	189.0	210.0	232.0	224.0	243.0	227.0	246.0	248.0	384.0	434.0	323.0	253.0	241.0	240.0	264.0	162.0	241.0	186.0	216.0	267.0	271.0	231.0	239.0	243.0	231.0	288.0	256.0	214.0	254.0	206.0	181.0	255.0	0.0	166.0	234.0	194.0	181.0
28	20150910 17:18:26.823	102.0	547.0	139.0	171.0	130.0	196.0	170.0	190.0	198.0	167.0	130.0	149.0	237.0	149.0	151.0	183.0	157.0	138.0	142.0	168.0	187.0	193.0	171.0	190.0	167.0	156.0	180.0	205.0	164.0	192.0	183.0	116.0	150.0	178.0	295.0	176.0	260.0	224.0	216.0	242.0	220.0	262.0	324.0	271.0	297.0	286.0	267.0	238.0	178.0	220.0	240.0	232.0	257.0	217.0	230.0	232.0	259.0	295.0	278.0	249.0	222.0	255.0	239.0	202.0	245.0	190.0	243.0	0.0	244.0	235.0	235.0	243.0
29	20150910 17:18:26.823	110.0	545.0	141.0	130.0	171.0	165.0	165.0	116.0	185.0	123.0	144.0	153.0	106.0	114.0	145.0	149.0	136.0	109.0	132.0	172.0	161.0	152.0	234.0	158.0	148.0	163.0	178.0	188.0	184.0	217.0	148.0	178.0	188.0	235.0	247.0	165.0	162.0	224.0	218.0	243.0	187.0	245.0	262.0	384.0	287.0	323.0	242.0	182.0	230.0	267.0	172.0	241.0	164.0	228.0	277.0	241.0	231.0	215.0	215.0	169.0	225.0	256.0	214.0	254.0	209.0	169.0	228.0	2.0	160.0	187.0	173.0	225.0
30	20150910 23:03:05.90	108.0	545.0	107.0	192.0	171.0	170.0	169.0	117.0	185.0	231.0	171.0	148.0	147.0	140.0	162.0	145.0	203.0	123.0	132.0	172.0	161.0	171.0	234.0	158.0	148.0	164.0	209.0	188.0	184.0	211.0	192.0	178.0	184.0	241.0	235.0	189.0	264.0	260.0	224.0	291.0	347.0	245.0	262.0	384.0	434.0	323.0	261.0	192.0	385.0	267.0	252.0	377.0	388.0	264.0	205.0	271.0	319.0	277.0	338.0	417.0	288.0	256.0	214.0	254.0	209.0	253.0	255.0	0.0	186.0	226.0	284.0	202.0
31	20150910 17:18:26.823	106.0	545.0	144.0	192.0	132.0	200.0	196.0	117.0	153.0	231.0	240.0	169.0	147.0	207.0	162.0	192.0	203.0	177.0	177.0	147.0	152.0	230.0	196.0	194.0	189.0	166.0	269.0	217.0	177.0	211.0	270.0	195.0	165.0	241.0	336.0	189.0	289.0	287.0	308.0	382.0	347.0	278.0	266.0	317.0	434.0	314.0	416.0	269.0	390.0	274.0	278.0	377.0	472.0	332.0	314.0	369.0	374.0	314.0	452.0	424.0	349.0	298.0	218.0	228.0	320.0	355.0	268.0	0.0	186.0	226.0	368.0	236.0
32	20150910 17:18:26.823	104.0	545.0	144.0	171.0	131.0	200.0	196.0	161.0	153.0	115.0	240.0	169.0	237.0	207.0	197.0	214.0	169.0	177.0	177.0	171.0	187.0	230.0	141.0	194.0	189.0	166.0	269.0	217.0	148.0	192.0	270.0	195.0	160.0	232.0	336.0	183.0	289.0	287.0	308.0	382.0	331.0	278.0	324.0	317.0	400.0	299.0	416.0	269.0	390.0	274.0	278.0	373.0	472.0	332.0	314.0	369.0	374.0	314.0	452.0	424.0	349.0	298.0	218.0	220.0	320.0	355.0	268.0	0.0	244.0	233.0	368.0	300.0
33	20150910 17:18:26.823	102.0	545.0	116.0	171.0	153.0	196.0	170.0	190.0	164.0	132.0	197.0	121.0	237.0	149.0	197.0	214.0	157.0	176.0	142.0	171.0	187.0	193.0	171.0	190.0	167.0	156.0	179.0	158.0	164.0	192.0	183.0	164.0	167.0	194.0	295.0	176.0	260.0	275.0	216.0	301.0	279.0	240.0	324.0	318.0	400.0	286.0	363.0	246.0	252.0	276.0	240.0	232.0	268.0	276.0	230.0	312.0	282.0	295.0	278.0	336.0	275.0	255.0	239.0	236.0	245.0	248.0	261.0	0.0	244.0	233.0	291.0	300.0
34	20150910 20:45:15.636	100.0	545.0	150.0	148.0	153.0	144.0	137.0	190.0	164.0	132.0	142.0	140.0	143.0	117.0	121.0	124.0	124.0	176.0	142.0	217.0	178.0	167.0	171.0	190.0	184.0	158.0	157.0	208.0	171.0	175.0	183.0	164.0	167.0	173.0	185.0	176.0	194.0	249.0	216.0	182.0	220.0	231.0	235.0	318.0	371.0	286.0	279.0	238.0	212.0	276.0	166.0	211.0	169.0	167.0	204.0	195.0	259.0	226.0	185.0	227.0	225.0	215.0	239.0	236.0	203.0	190.0	232.0	0.0	212.0	202.0	244.0	276.0
35	20150910 03:23:41.572	110.0	543.0	141.0	130.0	150.0	157.0	140.0	149.0	147.0	137.0	144.0	153.0	125.0	114.0	111.0	145.0	136.0	168.0	98.0	172.0	161.0	143.0	234.0	158.0	199.0	163.0	144.0	188.0	184.0	220.0	153.0	178.0	184.0	230.0	247.0	165.0	315.0	162.0	236.0	237.0	191.0	241.0	262.0	343.0	356.0	289.0	227.0	221.0	230.0	267.0	172.0	270.0	140.0	256.0	277.0	241.0	175.0	312.0	215.0	218.0	225.0	240.0	251.0	207.0	209.0	169.0	228.0	2.0	162.0	201.0	187.0	202.0
36	20150910 19:36:18.395	108.0	543.0	106.0	192.0	137.0	157.0	141.0	116.0	147.0	142.0	144.0	112.0	147.0	109.0	162.0	145.0	201.0	117.0	84.0	177.0	161.0	171.0	234.0	158.0	201.0	162.0	209.0	214.0	184.0	211.0	166.0	178.0	184.0	246.0	227.0	165.0	264.0	260.0	236.0	291.0	347.0	241.0	262.0	343.0	369.0	289.0	273.0	242.0	385.0	267.0	252.0	377.0	388.0	264.0	218.0	304.0	319.0	312.0	338.0	417.0	262.0	247.0	275.0	238.0	209.0	253.0	228.0	0.0	186.0	201.0	284.0	202.0
37	20150910 17:18:26.823	106.0	543.0	144.0	192.0	137.0	200.0	196.0	138.0	135.0	142.0	240.0	187.0	147.0	207.0	162.0	161.0	201.0	196.0	175.0	177.0	170.0	230.0	196.0	194.0	201.0	162.0	269.0	216.0	177.0	211.0	270.0	195.0	169.0	246.0	336.0	183.0	289.0	260.0	308.0	382.0	347.0	278.0	270.0	370.0	385.0	300.0	416.0	269.0	390.0	314.0	305.0	489.0	472.0	332.0	272.0	369.0	374.0	314.0	452.0	424.0	349.0	298.0	300.0	238.0	303.0	355.0	268.0	0.0	228.0	288.0	368.0	308.0
38	20150910 17:18:26.823	104.0	543.0	144.0	141.0	210.0	200.0	196.0	138.0	137.0	115.0	240.0	187.0	133.0	207.0	197.0	214.0	169.0	196.0	175.0	171.0	170.0	230.0	138.0	194.0	200.0	193.0	269.0	216.0	158.0	161.0	270.0	195.0	155.0	219.0	336.0	183.0	289.0	275.0	308.0	382.0	331.0	278.0	282.0	374.0	400.0	300.0	416.0	269.0	390.0	314.0	305.0	489.0	472.0	332.0	272.0	369.0	374.0	314.0	452.0	424.0	349.0	298.0	300.0	219.0	303.0	355.0	268.0	0.0	241.0	288.0	371.0	312.0
39	20150910 17:18:26.823	102.0	543.0	184.0	148.0	210.0	142.0	145.0	155.0	137.0	132.0	197.0	121.0	126.0	151.0	197.0	214.0	124.0	190.0	108.0	171.0	178.0	182.0	99.0	181.0	185.0	193.0	186.0	158.0	158.0	161.0	236.0	164.0	210.0	194.0	258.0	172.0	208.0	275.0	198.0	301.0	279.0	243.0	282.0	374.0	400.0	290.0	363.0	246.0	252.0	276.0	186.0	217.0	268.0	276.0	214.0	312.0	282.0	276.0	274.0	351.0	300.0	235.0	263.0	236.0	216.0	248.0	269.0	0.0	241.0	240.0	371.0	312.0
40	20150910 20:45:15.636	100.0	543.0	184.0	148.0	155.0	148.0	170.0	155.0	135.0	132.0	134.0	140.0	130.0	117.0	118.0	140.0	124.0	176.0	108.0	217.0	178.0	167.0	99.0	181.0	185.0	158.0	145.0	208.0	171.0	175.0	164.0	164.0	210.0	173.0	153.0	171.0	194.0	249.0	198.0	178.0	206.0	231.0	247.0	318.0	371.0	265.0	279.0	190.0	212.0	276.0	166.0	211.0	179.0	182.0	211.0	160.0	219.0	179.0	185.0	227.0	225.0	215.0	195.0	236.0	202.0	186.0	269.0	0.0	190.0	202.0	244.0	276.0
41	20150910 17:18:26.823	108.0	540.0	114.0	179.0	170.0	157.0	142.0	104.0	147.0	118.0	216.0	95.0	126.0	158.0	121.0	150.0	127.0	124.0	182.0	150.0	168.0	90.0	163.0	158.0	199.0	134.0	146.0	197.0	196.0	201.0	123.0	95.0	172.0	190.0	224.0	219.0	228.0	238.0	239.0	177.0	209.0	233.0	237.0	282.0	317.0	276.0	285.0	242.0	295.0	247.0	210.0	238.0	204.0	185.0	189.0	242.0	173.0	302.0	225.0	251.0	264.0	213.0	275.0	264.0	264.0	218.0	238.0	0.0	182.0	295.0	225.0	214.0
42	20150910 01:02:56.881	106.0	540.0	125.0	179.0	151.0	133.0	142.0	122.0	132.0	72.0	195.0	101.0	108.0	158.0	121.0	161.0	113.0	196.0	182.0	155.0	233.0	117.0	163.0	163.0	188.0	133.0	179.0	197.0	196.0	201.0	135.0	152.0	178.0	219.0	265.0	219.0	251.0	209.0	239.0	211.0	209.0	288.0	244.0	370.0	333.0	300.0	314.0	242.0	295.0	314.0	228.0	349.0	247.0	291.0	211.0	242.0	271.0	302.0	225.0	322.0	264.0	242.0	275.0	264.0	264.0	324.0	260.0	0.0	200.0	295.0	350.0	308.0
43	20150910 11:33:14.465	104.0	539.0	99.0	136.0	127.0	133.0	201.0	122.0	132.0	154.0	195.0	118.0	110.0	105.0	107.0	102.0	155.0	152.0	109.0	155.0	233.0	117.0	136.0	163.0	159.0	142.0	179.0	135.0	92.0	244.0	138.0	188.0	195.0	223.0	131.0	181.0	251.0	231.0	222.0	194.0	180.0	288.0	253.0	328.0	281.0	251.0	314.0	182.0	203.0	295.0	228.0	254.0	198.0	213.0	264.0	181.0	228.0	215.0	199.0	270.0	266.0	242.0	213.0	260.0	273.0	200.0	260.0	0.0	222.0	274.0	251.0	217.0
44	20150910 16:09:15.369	102.0	540.0	184.0	123.0	162.0	144.0	178.0	155.0	133.0	140.0	133.0	119.0	125.0	151.0	107.0	149.0	155.0	190.0	153.0	92.0	158.0	147.0	162.0	181.0	184.0	160.0	172.0	176.0	175.0	161.0	156.0	188.0	196.0	223.0	136.0	172.0	227.0	267.0	215.0	259.0	180.0	243.0	253.0	328.0	308.0	316.0	274.0	212.0	230.0	295.0	163.0	254.0	179.0	267.0	264.0	180.0	184.0	209.0	240.0	298.0	271.0	235.0	263.0	237.0	273.0	191.0	263.0	0.0	222.0	214.0	299.0	217.0
45	20150911 11:43:27.324	561.0	237.0	144.0	112.0	125.0	114.0	127.0	179.0	135.0	149.0	136.0	116.0	114.0	114.0	147.0	129.0	154.0	100.0	65.0	163.0	159.0	141.0	107.0	115.0	144.0	201.0	141.0	150.0	154.0	131.0	98.0	139.0	113.0	97.0	192.0	124.0	149.0	144.0	174.0	122.0	182.0	185.0	152.0	100.0	230.0	214.0	123.0	125.0	170.0	180.0	468.0	521.0	126.0	163.0	141.0	140.0	104.0	159.0	175.0	113.0	141.0	91.0	118.0	118.0	128.0	138.0	145.0	169.0	157.0	156.0	135.0	158.0
46	20150911 11:43:27.324	565.0	236.0	119.0	138.0	93.0	117.0	119.0	102.0	149.0	111.0	146.0	119.0	101.0	175.0	117.0	83.0	103.0	195.0	131.0	120.0	135.0	192.0	168.0	170.0	111.0	173.0	123.0	147.0	152.0	136.0	157.0	133.0	136.0	128.0	168.0	176.0	151.0	104.0	176.0	129.0	146.0	139.0	131.0	138.0	144.0	144.0	173.0	136.0	178.0	113.0	555.0	580.0	122.0	190.0	100.0	197.0	132.0	157.0	121.0	140.0	154.0	102.0	132.0	160.0	117.0	96.0	197.0	188.0	79.0	142.0	170.0	120.0
47	20150911 11:43:27.324	563.0	236.0	83.0	114.0	125.0	119.0	79.0	179.0	112.0	106.0	125.0	119.0	83.0	175.0	147.0	83.0	114.0	113.0	131.0	113.0	135.0	147.0	112.0	134.0	102.0	118.0	141.0	156.0	135.0	151.0	157.0	157.0	90.0	99.0	168.0	156.0	119.0	112.0	176.0	122.0	155.0	185.0	142.0	122.0	230.0	214.0	173.0	136.0	170.0	158.0	555.0	532.0	111.0	139.0	141.0	197.0	132.0	92.0	157.0	140.0	154.0	102.0	135.0	103.0	128.0	138.0	197.0	177.0	62.0	142.0	170.0	158.0
48	20150911 11:43:27.324	569.0	234.0	121.0	139.0	157.0	117.0	137.0	168.0	96.0	99.0	169.0	129.0	125.0	138.0	110.0	121.0	143.0	164.0	86.0	185.0	98.0	124.0	118.0	197.0	123.0	127.0	144.0	151.0	138.0	125.0	154.0	142.0	132.0	154.0	118.0	149.0	91.0	160.0	131.0	160.0	141.0	151.0	156.0	122.0	171.0	145.0	118.0	130.0	128.0	128.0	600.0	604.0	154.0	110.0	142.0	189.0	174.0	114.0	138.0	167.0	149.0	133.0	166.0	81.0	215.0	170.0	165.0	129.0	119.0	92.0	173.0	165.0
49	20150911 11:43:27.324	563.0	234.0	109.0	137.0	120.0	119.0	105.0	179.0	112.0	106.0	121.0	108.0	110.0	145.0	117.0	104.0	146.0	128.0	103.0	113.0	135.0	104.0	212.0	125.0	102.0	120.0	141.0	156.0	167.0	151.0	109.0	157.0	128.0	158.0	168.0	156.0	205.0	113.0	158.0	146.0	155.0	185.0	118.0	122.0	142.0	214.0	160.0	128.0	132.0	147.0	717.0	654.0	114.0	135.0	171.0	118.0	152.0	103.0	157.0	142.0	104.0	147.0	135.0	103.0	138.0	138.0	197.0	177.0	95.0	155.0	151.0	158.0
50	20150911 11:43:27.324	559.0	234.0	129.0	181.0	109.0	105.0	139.0	154.0	157.0	102.0	159.0	134.0	131.0	114.0	96.0	109.0	186.0	107.0	97.0	100.0	138.0	126.0	122.0	149.0	94.0	106.0	139.0	139.0	154.0	166.0	112.0	168.0	162.0	137.0	148.0	135.0	101.0	137.0	155.0	145.0	122.0	171.0	121.0	165.0	119.0	159.0	113.0	149.0	170.0	132.0	343.0	448.0	148.0	143.0	135.0	158.0	113.0	114.0	157.0	95.0	149.0	166.0	132.0	139.0	113.0	90.0	202.0	178.0	115.0	151.0	227.0	162.0
51	20150911 11:43:27.324	567.0	233.0	136.0	157.0	129.0	121.0	137.0	153.0	122.0	139.0	130.0	129.0	93.0	143.0	114.0	76.0	143.0	164.0	122.0	185.0	113.0	142.0	168.0	159.0	144.0	99.0	117.0	129.0	151.0	181.0	154.0	160.0	141.0	128.0	119.0	149.0	151.0	160.0	161.0	137.0	145.0	141.0	90.0	119.0	171.0	145.0	113.0	130.0	92.0	128.0	703.0	751.0	154.0	120.0	142.0	189.0	187.0	110.0	138.0	147.0	145.0	140.0	111.0	100.0	146.0	170.0	147.0	110.0	103.0	136.0	139.0	165.0
52	20150911 11:43:27.324	565.0	233.0	136.0	157.0	129.0	121.0	104.0	153.0	122.0	139.0	130.0	114.0	169.0	112.0	114.0	95.0	141.0	93.0	122.0	113.0	113.0	142.0	168.0	114.0	144.0	120.0	101.0	129.0	135.0	181.0	145.0	160.0	139.0	158.0	137.0	156.0	205.0	88.0	161.0	117.0	145.0	169.0	89.0	122.0	155.0	191.0	110.0	120.0	148.0	147.0	717.0	751.0	114.0	144.0	87.0	128.0	187.0	101.0	105.0	142.0	145.0	147.0	115.0	101.0	138.0	92.0	197.0	177.0	95.0	155.0	139.0	118.0
53	20150911 11:43:27.324	561.0	233.0	109.0	181.0	134.0	139.0	139.0	137.0	157.0	119.0	121.0	118.0	133.0	145.0	72.0	104.0	146.0	128.0	105.0	107.0	138.0	98.0	212.0	149.0	142.0	152.0	139.0	156.0	167.0	151.0	109.0	157.0	183.0	95.0	148.0	175.0	94.0	137.0	158.0	146.0	164.0	148.0	118.0	165.0	145.0	100.0	160.0	128.0	135.0	126.0	461.0	631.0	122.0	143.0	171.0	158.0	152.0	103.0	232.0	117.0	90.0	128.0	135.0	103.0	103.0	132.0	212.0	178.0	115.0	111.0	227.0	187.0
54	20150911 11:43:27.324	569.0	232.0	121.0	129.0	123.0	74.0	137.0	168.0	116.0	99.0	145.0	132.0	82.0	143.0	113.0	100.0	155.0	171.0	102.0	185.0	98.0	125.0	118.0	197.0	113.0	99.0	122.0	127.0	151.0	85.0	154.0	92.0	141.0	149.0	125.0	149.0	100.0	160.0	131.0	137.0	159.0	141.0	118.0	122.0	171.0	212.0	110.0	130.0	128.0	128.0	709.0	708.0	154.0	102.0	142.0	184.0	143.0	169.0	138.0	147.0	149.0	90.0	172.0	81.0	146.0	135.0	140.0	129.0	103.0	183.0	166.0	165.0
55	20150911 11:43:27.324	563.0	232.0	134.0	161.0	129.0	139.0	107.0	128.0	118.0	134.0	146.0	118.0	169.0	145.0	159.0	104.0	179.0	128.0	99.0	132.0	109.0	119.0	212.0	125.0	142.0	126.0	96.0	124.0	167.0	125.0	109.0	134.0	183.0	158.0	177.0	122.0	205.0	134.0	146.0	146.0	153.0	169.0	118.0	104.0	145.0	191.0	160.0	128.0	178.0	147.0	717.0	660.0	146.0	144.0	171.0	138.0	152.0	103.0	123.0	142.0	102.0	147.0	143.0	101.0	138.0	132.0	196.0	131.0	95.0	167.0	139.0	187.0
56	20150909 05:06:03.623	789.0	231.0	114.0	275.0	257.0	181.0	217.0	143.0	254.0	149.0	145.0	140.0	131.0	139.0	167.0	203.0	177.0	164.0	149.0	138.0	174.0	174.0	177.0	168.0	183.0	199.0	201.0	252.0	273.0	221.0	217.0	212.0	180.0	248.0	219.0	300.0	278.0	256.0	229.0	254.0	307.0	289.0	209.0	286.0	185.0	167.0	201.0	196.0	161.0	244.0	192.0	255.0	194.0	188.0	198.0	211.0	190.0	226.0	285.0	192.0	200.0	241.0	248.0	177.0	241.0	183.0	281.0	163.0	206.0	224.0	204.0	231.0
57	20150909 05:06:03.623	787.0	231.0	114.0	275.0	136.0	181.0	182.0	143.0	254.0	168.0	239.0	140.0	119.0	161.0	137.0	203.0	177.0	167.0	182.0	131.0	174.0	174.0	177.0	168.0	183.0	199.0	201.0	215.0	194.0	221.0	217.0	212.0	180.0	248.0	244.0	300.0	278.0	256.0	229.0	222.0	307.0	314.0	209.0	286.0	204.0	169.0	201.0	182.0	219.0	244.0	192.0	168.0	138.0	172.0	201.0	168.0	152.0	126.0	285.0	164.0	200.0	139.0	248.0	177.0	241.0	170.0	281.0	156.0	189.0	224.0	204.0	231.0
58	20150911 11:43:27.324	571.0	231.0	155.0	74.0	173.0	90.0	113.0	120.0	151.0	116.0	145.0	88.0	113.0	133.0	107.0	90.0	160.0	135.0	102.0	136.0	110.0	124.0	120.0	168.0	113.0	97.0	122.0	157.0	144.0	178.0	121.0	117.0	139.0	172.0	118.0	149.0	142.0	186.0	106.0	150.0	159.0	128.0	124.0	110.0	125.0	212.0	142.0	178.0	128.0	121.0	669.0	708.0	127.0	137.0	111.0	184.0	93.0	169.0	150.0	129.0	167.0	110.0	172.0	116.0	96.0	170.0	140.0	124.0	75.0	183.0	166.0	137.0
59	20150911 11:43:27.324	565.0	231.0	134.0	157.0	145.0	136.0	102.0	173.0	136.0	139.0	146.0	114.0	169.0	158.0	159.0	138.0	141.0	128.0	122.0	111.0	116.0	119.0	109.0	129.0	144.0	123.0	101.0	134.0	81.0	181.0	113.0	160.0	139.0	86.0	177.0	97.0	138.0	158.0	146.0	117.0	125.0	169.0	185.0	116.0	98.0	191.0	134.0	120.0	148.0	147.0	703.0	751.0	115.0	144.0	87.0	138.0	125.0	109.0	129.0	142.0	145.0	140.0	143.0	174.0	138.0	130.0	147.0	131.0	95.0	85.0	130.0	100.0
60	20150911 11:43:27.324	561.0	231.0	101.0	181.0	176.0	139.0	139.0	137.0	126.0	119.0	106.0	118.0	133.0	145.0	136.0	132.0	179.0	188.0	105.0	132.0	138.0	98.0	155.0	149.0	142.0	152.0	139.0	111.0	167.0	120.0	80.0	128.0	183.0	81.0	136.0	175.0	86.0	173.0	176.0	202.0	164.0	148.0	118.0	165.0	171.0	154.0	117.0	147.0	230.0	127.0	461.0	625.0	146.0	113.0	171.0	126.0	152.0	115.0	232.0	117.0	116.0	128.0	132.0	82.0	103.0	137.0	212.0	198.0	117.0	167.0	158.0	187.0
61	20150911 11:43:27.324	573.0	230.0	120.0	88.0	173.0	127.0	123.0	106.0	98.0	125.0	129.0	111.0	124.0	133.0	87.0	127.0	160.0	135.0	122.0	119.0	143.0	134.0	110.0	168.0	108.0	145.0	128.0	133.0	165.0	178.0	127.0	215.0	145.0	172.0	123.0	153.0	128.0	171.0	133.0	150.0	150.0	128.0	124.0	110.0	106.0	107.0	142.0	178.0	118.0	120.0	608.0	591.0	97.0	137.0	132.0	201.0	166.0	114.0	150.0	129.0	127.0	163.0	141.0	153.0	127.0	155.0	185.0	116.0	126.0	171.0	157.0	112.0
62	20150911 11:43:27.324	567.0	230.0	126.0	130.0	131.0	136.0	133.0	173.0	136.0	178.0	114.0	132.0	169.0	158.0	113.0	138.0	155.0	171.0	122.0	111.0	116.0	125.0	133.0	122.0	193.0	140.0	117.0	134.0	151.0	178.0	115.0	89.0	141.0	86.0	142.0	149.0	150.0	158.0	123.0	129.0	143.0	131.0	185.0	92.0	158.0	128.0	134.0	130.0	123.0	124.0	709.0	751.0	136.0	202.0	97.0	87.0	115.0	163.0	132.0	147.0	149.0	90.0	149.0	174.0	174.0	135.0	146.0	89.0	91.0	137.0	154.0	138.0
63	20150911 11:43:27.324	563.0	230.0	134.0	161.0	145.0	139.0	122.0	128.0	118.0	134.0	146.0	118.0	169.0	134.0	159.0	132.0	239.0	128.0	98.0	132.0	109.0	119.0	106.0	129.0	142.0	126.0	105.0	128.0	145.0	169.0	118.0	128.0	183.0	77.0	177.0	97.0	144.0	173.0	146.0	132.0	155.0	169.0	105.0	157.0	145.0	191.0	112.0	147.0	178.0	129.0	600.0	660.0	146.0	144.0	106.0	138.0	108.0	115.0	118.0	127.0	146.0	124.0	143.0	96.0	119.0	137.0	196.0	162.0	136.0	167.0	139.0	187.0
64	20150909 05:06:03.623	791.0	229.0	106.0	210.0	257.0	177.0	158.0	143.0	169.0	136.0	154.0	206.0	115.0	125.0	167.0	180.0	132.0	191.0	119.0	107.0	181.0	127.0	196.0	154.0	157.0	214.0	190.0	252.0	273.0	230.0	135.0	190.0	144.0	207.0	198.0	196.0	278.0	236.0	214.0	267.0	264.0	247.0	203.0	209.0	194.0	187.0	145.0	196.0	232.0	257.0	166.0	255.0	194.0	203.0	210.0	211.0	194.0	170.0	264.0	192.0	159.0	241.0	217.0	146.0	286.0	183.0	184.0	233.0	220.0	184.0	216.0	186.0
65	20150909 16:50:21.428	789.0	229.0	166.0	177.0	257.0	181.0	214.0	143.0	254.0	186.0	179.0	206.0	115.0	233.0	167.0	203.0	177.0	191.0	150.0	131.0	171.0	174.0	203.0	168.0	183.0	199.0	201.0	252.0	273.0	221.0	217.0	212.0	157.0	253.0	204.0	300.0	286.0	256.0	212.0	319.0	307.0	289.0	225.0	286.0	185.0	164.0	201.0	212.0	232.0	257.0	203.0	255.0	194.0	235.0	198.0	241.0	194.0	170.0	207.0	192.0	185.0	241.0	248.0	207.0	286.0	288.0	184.0	233.0	220.0	224.0	238.0	320.0
66	20150910 16:09:15.369	787.0	229.0	166.0	187.0	166.0	181.0	214.0	143.0	254.0	186.0	239.0	179.0	163.0	233.0	159.0	203.0	189.0	186.0	188.0	131.0	217.0	174.0	203.0	217.0	202.0	199.0	201.0	215.0	194.0	221.0	217.0	212.0	157.0	253.0	244.0	300.0	286.0	256.0	206.0	319.0	372.0	314.0	225.0	286.0	185.0	194.0	201.0	212.0	219.0	244.0	203.0	209.0	168.0	235.0	244.0	296.0	175.0	126.0	232.0	180.0	192.0	139.0	248.0	230.0	241.0	288.0	184.0	192.0	201.0	224.0	238.0	320.0
67	20150909 05:06:03.623	784.0	228.0	107.0	204.0	235.0	224.0	247.0	128.0	209.0	171.0	239.0	191.0	163.0	197.0	159.0	223.0	227.0	158.0	163.0	143.0	188.0	141.0	183.0	217.0	162.0	178.0	152.0	206.0	121.0	207.0	176.0	201.0	134.0	198.0	173.0	144.0	241.0	170.0	223.0	190.0	299.0	266.0	250.0	236.0	178.0	127.0	174.0	176.0	168.0	252.0	165.0	172.0	138.0	172.0	169.0	296.0	179.0	171.0	228.0	211.0	199.0	165.0	262.0	215.0	284.0	155.0	190.0	183.0	189.0	165.0	188.0	176.0
68	20150911 11:43:27.324	569.0	229.0	155.0	149.0	125.0	130.0	133.0	123.0	142.0	114.0	123.0	132.0	169.0	121.0	113.0	132.0	155.0	171.0	122.0	105.0	162.0	125.0	133.0	104.0	193.0	101.0	82.0	160.0	144.0	178.0	121.0	212.0	113.0	158.0	142.0	126.0	150.0	186.0	142.0	129.0	167.0	116.0	118.0	132.0	150.0	212.0	135.0	141.0	126.0	136.0	709.0	708.0	127.0	202.0	124.0	126.0	101.0	143.0	126.0	117.0	167.0	110.0	172.0	161.0	126.0	170.0	141.0	86.0	82.0	159.0	154.0	137.0
69	20150911 11:43:27.324	565.0	229.0	129.0	116.0	145.0	136.0	133.0	173.0	136.0	178.0	146.0	127.0	98.0	158.0	159.0	138.0	161.0	128.0	116.0	124.0	138.0	119.0	109.0	129.0	117.0	140.0	114.0	144.0	92.0	169.0	118.0	114.0	137.0	86.0	177.0	136.0	144.0	158.0	108.0	109.0	125.0	100.0	185.0	157.0	158.0	116.0	134.0	108.0	145.0	124.0	608.0	527.0	136.0	158.0	138.0	138.0	115.0	163.0	129.0	131.0	146.0	124.0	143.0	174.0	174.0	130.0	146.0	105.0	136.0	85.0	164.0	114.0
70	20150911 11:43:27.324	571.0	228.0	155.0	149.0	173.0	130.0	138.0	123.0	142.0	114.0	137.0	90.0	113.0	133.0	148.0	127.0	169.0	135.0	121.0	114.0	162.0	99.0	152.0	102.0	131.0	101.0	103.0	160.0	136.0	118.0	106.0	227.0	134.0	158.0	106.0	126.0	107.0	186.0	115.0	96.0	167.0	196.0	142.0	174.0	150.0	117.0	142.0	141.0	126.0	136.0	669.0	619.0	134.0	137.0	124.0	126.0	116.0	139.0	150.0	115.0	167.0	123.0	129.0	134.0	108.0	170.0	185.0	188.0	126.0	159.0	99.0	137.0
71	20150911 11:43:27.324	567.0	228.0	126.0	116.0	131.0	110.0	133.0	90.0	122.0	178.0	114.0	127.0	169.0	158.0	113.0	139.0	161.0	125.0	122.0	127.0	131.0	99.0	133.0	125.0	193.0	140.0	118.0	144.0	100.0	178.0	115.0	114.0	117.0	121.0	142.0	136.0	150.0	132.0	176.0	129.0	143.0	116.0	112.0	120.0	162.0	124.0	117.0	130.0	123.0	99.0	599.0	568.0	136.0	202.0	118.0	134.0	175.0	163.0	182.0	131.0	149.0	103.0	103.0	174.0	174.0	97.0	146.0	110.0	105.0	137.0	154.0	133.0
72	20150909 16:50:21.428	789.0	227.0	166.0	203.0	157.0	182.0	214.0	159.0	204.0	186.0	185.0	206.0	122.0	233.0	167.0	197.0	166.0	191.0	150.0	180.0	161.0	127.0	203.0	260.0	162.0	173.0	192.0	160.0	231.0	155.0	191.0	153.0	152.0	253.0	254.0	172.0	343.0	295.0	237.0	319.0	254.0	240.0	235.0	228.0	175.0	160.0	139.0	212.0	232.0	257.0	203.0	209.0	168.0	235.0	131.0	241.0	194.0	170.0	207.0	199.0	176.0	176.0	216.0	207.0	286.0	288.0	233.0	233.0	244.0	196.0	238.0	320.0
73	20150909 16:50:21.428	787.0	226.0	145.0	204.0	166.0	182.0	214.0	159.0	209.0	186.0	185.0	195.0	116.0	233.0	143.0	199.0	227.0	205.0	160.0	152.0	256.0	152.0	221.0	231.0	202.0	232.0	192.0	160.0	192.0	210.0	210.0	127.0	129.0	228.0	254.0	215.0	343.0	232.0	237.0	301.0	220.0	209.0	205.0	195.0	192.0	142.0	168.0	189.0	170.0	252.0	212.0	169.0	198.0	235.0	178.0	241.0	269.0	177.0	232.0	180.0	139.0	199.0	262.0	230.0	270.0	288.0	198.0	212.0	206.0	176.0	188.0	256.0
74	20150911 11:43:27.324	574.0	227.0	111.0	140.0	93.0	162.0	138.0	116.0	148.0	125.0	129.0	86.0	124.0	126.0	148.0	146.0	141.0	116.0	147.0	120.0	143.0	98.0	110.0	97.0	135.0	156.0	138.0	190.0	100.0	186.0	125.0	227.0	145.0	80.0	144.0	141.0	129.0	135.0	127.0	129.0	150.0	120.0	160.0	174.0	140.0	132.0	137.0	169.0	118.0	169.0	420.0	505.0	183.0	186.0	132.0	122.0	109.0	139.0	116.0	96.0	91.0	147.0	128.0	150.0	161.0	155.0	185.0	116.0	124.0	77.0	158.0	182.0
75	20150911 11:43:27.324	569.0	227.0	134.0	149.0	125.0	161.0	115.0	123.0	115.0	114.0	137.0	115.0	169.0	117.0	115.0	127.0	82.0	125.0	147.0	127.0	162.0	95.0	102.0	125.0	193.0	129.0	129.0	160.0	100.0	178.0	137.0	212.0	113.0	121.0	187.0	84.0	96.0	118.0	176.0	129.0	167.0	121.0	118.0	132.0	156.0	124.0	135.0	141.0	126.0	136.0	609.0	565.0	134.0	61.0	124.0	134.0	135.0	171.0	122.0	115.0	133.0	123.0	129.0	161.0	158.0	106.0	124.0	127.0	82.0	159.0	154.0	133.0
76	20150911 11:43:27.324	571.0	226.0	111.0	168.0	91.0	141.0	138.0	182.0	148.0	114.0	137.0	86.0	113.0	139.0	148.0	127.0	169.0	114.0	147.0	114.0	110.0	91.0	152.0	121.0	118.0	164.0	103.0	160.0	136.0	107.0	134.0	227.0	134.0	111.0	197.0	93.0	119.0	158.0	127.0	96.0	167.0	196.0	158.0	174.0	156.0	116.0	135.0	113.0	129.0	125.0	599.0	466.0	240.0	85.0	121.0	126.0	135.0	171.0	122.0	102.0	133.0	123.0	129.0	103.0	108.0	153.0	191.0	188.0	124.0	159.0	139.0	140.0
77	20150911 16:27:17.36	566.0	211.0	131.0	155.0	169.0	124.0	145.0	156.0	112.0	173.0	170.0	137.0	150.0	105.0	73.0	164.0	156.0	179.0	136.0	132.0	144.0	85.0	156.0	206.0	130.0	98.0	120.0	151.0	162.0	183.0	147.0	153.0	135.0	151.0	170.0	109.0	189.0	116.0	133.0	91.0	126.0	136.0	117.0	119.0	155.0	131.0	138.0	168.0	98.0	159.0	151.0	141.0	604.0	108.0	123.0	134.0	117.0	113.0	137.0	172.0	173.0	158.0	162.0	110.0	191.0	117.0	156.0	146.0	119.0	147.0	119.0	128.0
78	20150911 16:27:17.36	564.0	211.0	96.0	155.0	121.0	132.0	105.0	156.0	142.0	156.0	155.0	137.0	150.0	105.0	134.0	126.0	156.0	82.0	116.0	95.0	144.0	108.0	156.0	157.0	153.0	85.0	120.0	149.0	162.0	183.0	169.0	153.0	135.0	202.0	180.0	157.0	108.0	91.0	133.0	91.0	125.0	106.0	153.0	119.0	155.0	84.0	138.0	170.0	187.0	159.0	151.0	141.0	571.0	163.0	170.0	133.0	117.0	119.0	162.0	106.0	173.0	158.0	162.0	109.0	191.0	121.0	173.0	165.0	119.0	162.0	121.0	200.0
79	20150911 16:27:17.36	562.0	210.0	125.0	136.0	197.0	132.0	127.0	144.0	108.0	156.0	155.0	97.0	166.0	123.0	178.0	120.0	107.0	140.0	150.0	110.0	173.0	140.0	122.0	132.0	153.0	131.0	102.0	141.0	114.0	170.0	169.0	118.0	167.0	202.0	180.0	157.0	191.0	112.0	156.0	93.0	91.0	140.0	153.0	115.0	182.0	125.0	89.0	172.0	187.0	112.0	145.0	127.0	439.0	163.0	170.0	109.0	168.0	121.0	162.0	117.0	181.0	151.0	197.0	144.0	122.0	121.0	159.0	121.0	194.0	178.0	112.0	200.0
80	20150911 16:27:17.36	573.0	209.0	143.0	120.0	177.0	122.0	93.0	119.0	140.0	180.0	110.0	124.0	126.0	116.0	140.0	118.0	96.0	162.0	127.0	144.0	149.0	114.0	158.0	156.0	152.0	129.0	135.0	137.0	175.0	113.0	146.0	152.0	125.0	131.0	193.0	161.0	215.0	112.0	115.0	152.0	106.0	142.0	138.0	138.0	160.0	115.0	114.0	193.0	136.0	106.0	194.0	165.0	660.0	201.0	131.0	169.0	115.0	110.0	170.0	127.0	141.0	163.0	169.0	139.0	183.0	157.0	138.0	182.0	131.0	98.0	164.0	123.0
81	20150911 16:27:17.36	571.0	209.0	143.0	129.0	134.0	147.0	126.0	114.0	170.0	182.0	137.0	111.0	131.0	116.0	140.0	126.0	166.0	136.0	127.0	144.0	149.0	144.0	158.0	156.0	129.0	111.0	95.0	137.0	145.0	113.0	146.0	183.0	125.0	145.0	174.0	161.0	133.0	112.0	115.0	152.0	143.0	193.0	246.0	162.0	114.0	116.0	114.0	193.0	128.0	145.0	183.0	165.0	660.0	201.0	131.0	169.0	113.0	116.0	128.0	100.0	114.0	123.0	169.0	117.0	227.0	157.0	138.0	182.0	110.0	139.0	164.0	123.0
82	20150911 16:27:17.36	569.0	209.0	126.0	129.0	134.0	196.0	145.0	162.0	170.0	182.0	137.0	130.0	131.0	111.0	110.0	126.0	166.0	179.0	155.0	96.0	130.0	144.0	124.0	163.0	140.0	135.0	95.0	105.0	158.0	190.0	132.0	183.0	154.0	200.0	164.0	128.0	133.0	204.0	94.0	77.0	143.0	193.0	246.0	162.0	143.0	164.0	108.0	144.0	141.0	145.0	140.0	137.0	681.0	135.0	130.0	129.0	112.0	116.0	140.0	172.0	99.0	123.0	84.0	133.0	227.0	188.0	122.0	144.0	75.0	139.0	162.0	113.0
83	20150911 16:27:17.36	566.0	208.0	88.0	154.0	140.0	196.0	168.0	156.0	138.0	156.0	137.0	137.0	104.0	124.0	140.0	126.0	156.0	131.0	147.0	146.0	144.0	133.0	170.0	163.0	140.0	202.0	107.0	144.0	162.0	190.0	132.0	159.0	106.0	146.0	146.0	128.0	199.0	204.0	154.0	147.0	126.0	130.0	150.0	100.0	118.0	140.0	102.0	125.0	112.0	159.0	111.0	86.0	681.0	101.0	150.0	134.0	162.0	111.0	140.0	172.0	126.0	158.0	167.0	196.0	191.0	188.0	156.0	144.0	101.0	130.0	113.0	211.0
84	20150911 16:27:17.36	564.0	208.0	98.0	154.0	197.0	142.0	121.0	156.0	138.0	156.0	140.0	137.0	106.0	124.0	123.0	120.0	161.0	128.0	151.0	146.0	144.0	140.0	170.0	124.0	153.0	202.0	107.0	144.0	162.0	170.0	152.0	134.0	100.0	202.0	180.0	120.0	191.0	142.0	154.0	147.0	137.0	130.0	153.0	124.0	182.0	112.0	135.0	172.0	187.0	159.0	83.0	150.0	632.0	99.0	170.0	178.0	126.0	144.0	174.0	166.0	155.0	132.0	197.0	159.0	191.0	143.0	206.0	143.0	139.0	143.0	114.0	137.0
85	20150911 16:27:17.36	562.0	208.0	125.0	136.0	197.0	142.0	149.0	144.0	108.0	156.0	140.0	97.0	106.0	123.0	178.0	120.0	161.0	128.0	151.0	110.0	173.0	140.0	171.0	124.0	153.0	187.0	93.0	144.0	155.0	170.0	152.0	98.0	130.0	202.0	180.0	140.0	191.0	173.0	156.0	144.0	137.0	81.0	153.0	159.0	182.0	125.0	135.0	172.0	187.0	112.0	119.0	150.0	508.0	117.0	170.0	178.0	165.0	144.0	208.0	166.0	181.0	105.0	197.0	144.0	126.0	177.0	206.0	103.0	139.0	143.0	141.0	137.0
86	20150911 16:27:17.36	560.0	208.0	126.0	212.0	188.0	132.0	149.0	147.0	108.0	200.0	117.0	84.0	117.0	159.0	178.0	123.0	185.0	118.0	116.0	122.0	173.0	176.0	171.0	146.0	158.0	187.0	109.0	141.0	128.0	143.0	120.0	188.0	130.0	154.0	156.0	161.0	152.0	173.0	156.0	138.0	114.0	132.0	116.0	159.0	162.0	125.0	114.0	215.0	99.0	136.0	162.0	200.0	357.0	117.0	148.0	141.0	165.0	146.0	208.0	128.0	181.0	117.0	147.0	179.0	152.0	177.0	174.0	91.0	87.0	142.0	155.0	141.0
87	20150911 16:27:17.36	568.0	206.0	137.0	133.0	131.0	140.0	189.0	127.0	160.0	115.0	129.0	130.0	168.0	128.0	151.0	114.0	150.0	154.0	122.0	104.0	201.0	131.0	133.0	138.0	124.0	126.0	97.0	156.0	164.0	138.0	152.0	159.0	164.0	200.0	191.0	128.0	199.0	204.0	145.0	159.0	150.0	115.0	117.0	115.0	146.0	98.0	102.0	140.0	204.0	96.0	137.0	162.0	681.0	144.0	196.0	123.0	162.0	118.0	214.0	138.0	108.0	143.0	161.0	191.0	180.0	184.0	133.0	157.0	141.0	157.0	102.0	152.0
88	20150910 04:33:57.499	896.0	200.0	112.0	88.0	103.0	89.0	84.0	132.0	112.0	106.0	154.0	73.0	80.0	117.0	139.0	112.0	161.0	138.0	150.0	144.0	112.0	138.0	131.0	189.0	122.0	133.0	101.0	109.0	111.0	188.0	144.0	108.0	138.0	186.0	136.0	156.0	150.0	210.0	154.0	155.0	174.0	170.0	162.0	122.0	159.0	128.0	130.0	201.0	149.0	158.0	113.0	117.0	130.0	186.0	169.0	90.0	176.0	184.0	186.0	117.0	126.0	130.0	177.0	152.0	156.0	171.0	110.0	115.0	276.0	115.0	142.0	156.0
89	20150910 12:42:17.481	894.0	199.0	164.0	109.0	117.0	112.0	139.0	152.0	147.0	106.0	154.0	124.0	75.0	117.0	139.0	140.0	161.0	133.0	126.0	138.0	115.0	138.0	131.0	113.0	122.0	83.0	114.0	153.0	144.0	89.0	183.0	108.0	138.0	186.0	164.0	87.0	150.0	168.0	139.0	152.0	149.0	170.0	145.0	138.0	155.0	167.0	206.0	178.0	149.0	156.0	85.0	133.0	125.0	186.0	124.0	121.0	148.0	184.0	186.0	183.0	119.0	163.0	168.0	148.0	126.0	153.0	128.0	116.0	248.0	162.0	161.0	147.0
90	20150910 04:33:57.499	896.0	198.0	108.0	132.0	117.0	122.0	141.0	132.0	115.0	100.0	154.0	114.0	92.0	117.0	118.0	130.0	161.0	122.0	150.0	81.0	108.0	138.0	143.0	189.0	122.0	141.0	114.0	112.0	144.0	130.0	133.0	114.0	138.0	120.0	164.0	122.0	151.0	149.0	149.0	132.0	174.0	170.0	191.0	122.0	155.0	130.0	130.0	178.0	149.0	158.0	93.0	156.0	150.0	186.0	124.0	105.0	176.0	184.0	186.0	183.0	126.0	163.0	108.0	152.0	124.0	171.0	133.0	182.0	260.0	126.0	161.0	147.0
91	20150910 11:33:14.465	906.0	192.0	101.0	183.0	94.0	182.0	146.0	103.0	131.0	169.0	141.0	165.0	146.0	106.0	135.0	77.0	176.0	175.0	120.0	127.0	79.0	163.0	118.0	136.0	131.0	137.0	133.0	126.0	141.0	209.0	144.0	116.0	169.0	115.0	158.0	111.0	206.0	169.0	133.0	164.0	205.0	239.0	127.0	188.0	269.0	181.0	112.0	141.0	191.0	239.0	264.0	204.0	214.0	236.0	237.0	275.0	226.0	198.0	255.0	193.0	186.0	229.0	197.0	224.0	180.0	146.0	135.0	143.0	228.0	185.0	226.0	220.0
92	20150910 19:36:18.395	906.0	190.0	104.0	183.0	142.0	129.0	146.0	116.0	117.0	169.0	170.0	165.0	107.0	111.0	147.0	160.0	144.0	175.0	125.0	109.0	138.0	163.0	181.0	147.0	131.0	137.0	115.0	141.0	118.0	222.0	153.0	181.0	169.0	115.0	189.0	103.0	206.0	160.0	193.0	224.0	205.0	239.0	188.0	188.0	269.0	145.0	164.0	116.0	191.0	215.0	264.0	204.0	214.0	236.0	142.0	305.0	226.0	253.0	257.0	186.0	192.0	229.0	197.0	224.0	180.0	158.0	182.0	175.0	228.0	169.0	208.0	220.0
93	20150910 11:33:14.465	906.0	188.0	138.0	127.0	142.0	129.0	199.0	138.0	139.0	119.0	170.0	143.0	136.0	111.0	147.0	160.0	144.0	120.0	125.0	78.0	138.0	135.0	181.0	147.0	139.0	153.0	115.0	141.0	186.0	222.0	227.0	181.0	157.0	138.0	189.0	103.0	183.0	203.0	193.0	244.0	240.0	253.0	188.0	226.0	211.0	145.0	164.0	161.0	267.0	215.0	228.0	195.0	194.0	209.0	236.0	305.0	236.0	253.0	257.0	209.0	299.0	180.0	239.0	244.0	156.0	158.0	198.0	175.0	210.0	226.0	252.0	205.0
94	20150910 10:24:12.173	1.0	187.0	126.0	190.0	125.0	175.0	160.0	146.0	242.0	152.0	186.0	182.0	153.0	141.0	125.0	121.0	162.0	164.0	141.0	128.0	140.0	220.0	191.0	202.0	171.0	190.0	175.0	148.0	265.0	337.0	187.0	274.0	232.0	226.0	226.0	246.0	249.0	231.0	246.0	301.0	181.0	137.0	146.0	168.0	158.0	165.0	174.0	146.0	193.0	251.0	254.0	222.0	230.0	308.0	141.0	207.0	200.0	224.0	245.0	220.0	177.0	146.0	201.0	175.0	0.0	0.0	0.0	0.0	191.0	128.0	213.0	176.0
95	20150910 12:42:17.481	906.0	186.0	138.0	164.0	114.0	150.0	199.0	138.0	139.0	119.0	133.0	106.0	136.0	132.0	152.0	151.0	100.0	120.0	174.0	211.0	148.0	105.0	167.0	128.0	139.0	186.0	125.0	128.0	186.0	181.0	227.0	133.0	157.0	138.0	144.0	156.0	138.0	203.0	163.0	244.0	240.0	253.0	168.0	243.0	190.0	123.0	184.0	189.0	267.0	185.0	228.0	208.0	243.0	248.0	236.0	221.0	236.0	249.0	230.0	281.0	299.0	180.0	239.0	244.0	266.0	178.0	198.0	226.0	241.0	226.0	346.0	175.0
96	20150909 23:52:29.119	904.0	186.0	138.0	164.0	152.0	172.0	199.0	132.0	139.0	119.0	133.0	133.0	199.0	132.0	152.0	107.0	104.0	120.0	174.0	211.0	162.0	105.0	167.0	142.0	139.0	186.0	125.0	128.0	186.0	181.0	227.0	133.0	157.0	141.0	189.0	156.0	194.0	203.0	181.0	163.0	240.0	253.0	168.0	243.0	187.0	199.0	158.0	189.0	219.0	168.0	221.0	190.0	229.0	264.0	177.0	171.0	236.0	147.0	230.0	281.0	299.0	167.0	235.0	244.0	266.0	178.0	198.0	226.0	210.0	171.0	248.0	143.0
97	20150909 10:57:53.05	1.0	185.0	126.0	187.0	175.0	138.0	120.0	146.0	242.0	185.0	186.0	128.0	153.0	141.0	125.0	144.0	162.0	184.0	231.0	191.0	137.0	200.0	166.0	202.0	171.0	205.0	240.0	193.0	265.0	337.0	239.0	195.0	251.0	226.0	269.0	208.0	249.0	227.0	211.0	240.0	219.0	137.0	146.0	175.0	175.0	165.0	112.0	160.0	189.0	241.0	254.0	223.0	230.0	308.0	141.0	216.0	262.0	246.0	246.0	220.0	177.0	201.0	201.0	125.0	0.0	0.0	0.0	0.0	191.0	169.0	173.0	162.0
98	20150909 23:52:29.119	906.0	184.0	119.0	164.0	129.0	164.0	122.0	132.0	120.0	71.0	196.0	129.0	94.0	156.0	183.0	121.0	203.0	120.0	174.0	211.0	148.0	110.0	129.0	128.0	119.0	186.0	125.0	140.0	115.0	207.0	106.0	133.0	135.0	102.0	146.0	156.0	138.0	132.0	163.0	187.0	236.0	182.0	158.0	243.0	144.0	228.0	184.0	189.0	219.0	165.0	186.0	235.0	243.0	291.0	176.0	221.0	202.0	188.0	233.0	281.0	229.0	133.0	235.0	165.0	266.0	178.0	215.0	226.0	241.0	220.0	346.0	143.0
99	20150909 13:18:49.303	904.0	184.0	127.0	164.0	152.0	150.0	108.0	132.0	150.0	71.0	196.0	116.0	139.0	221.0	152.0	107.0	203.0	120.0	174.0	211.0	162.0	113.0	115.0	142.0	112.0	186.0	125.0	140.0	148.0	207.0	118.0	133.0	146.0	141.0	189.0	156.0	194.0	132.0	181.0	178.0	208.0	160.0	190.0	243.0	196.0	228.0	158.0	189.0	219.0	147.0	186.0	190.0	229.0	227.0	177.0	173.0	202.0	147.0	233.0	281.0	156.0	201.0	235.0	148.0	266.0	178.0	165.0	226.0	174.0	174.0	277.0	143.0
100	20150910 11:33:14.465	906.0	182.0	98.0	179.0	129.0	164.0	122.0	92.0	120.0	116.0	196.0	129.0	149.0	156.0	183.0	121.0	203.0	182.0	158.0	112.0	183.0	110.0	156.0	110.0	147.0	165.0	83.0	140.0	178.0	207.0	119.0	133.0	135.0	105.0	170.0	167.0	125.0	149.0	156.0	158.0	259.0	160.0	196.0	224.0	268.0	228.0	172.0	151.0	210.0	148.0	186.0	235.0	183.0	291.0	176.0	207.0	202.0	188.0	233.0	138.0	175.0	148.0	167.0	165.0	130.0	132.0	215.0	175.0	232.0	183.0	277.0	133.0
101	20150911 00:11:57.613	904.0	182.0	115.0	179.0	129.0	122.0	144.0	98.0	150.0	121.0	196.0	116.0	149.0	221.0	126.0	107.0	203.0	182.0	126.0	99.0	183.0	135.0	139.0	110.0	112.0	165.0	100.0	140.0	178.0	207.0	119.0	93.0	146.0	105.0	170.0	167.0	124.0	118.0	141.0	178.0	259.0	160.0	190.0	224.0	268.0	228.0	148.0	123.0	199.0	132.0	186.0	132.0	183.0	201.0	176.0	190.0	202.0	110.0	233.0	142.0	162.0	201.0	155.0	148.0	130.0	132.0	196.0	155.0	186.0	183.0	277.0	139.0
102	20150909 21:31:42.579	906.0	180.0	104.0	179.0	71.0	140.0	93.0	82.0	90.0	116.0	137.0	87.0	149.0	107.0	115.0	108.0	95.0	182.0	126.0	153.0	183.0	111.0	156.0	94.0	147.0	165.0	117.0	206.0	178.0	159.0	119.0	133.0	140.0	137.0	177.0	167.0	161.0	149.0	183.0	181.0	259.0	150.0	196.0	123.0	268.0	127.0	136.0	177.0	210.0	200.0	174.0	158.0	183.0	220.0	151.0	207.0	169.0	176.0	166.0	181.0	196.0	148.0	167.0	142.0	137.0	83.0	196.0	151.0	232.0	183.0	260.0	108.0
103	20150910 02:13:17.807	2.0	179.0	114.0	170.0	157.0	159.0	162.0	120.0	144.0	172.0	151.0	202.0	150.0	131.0	139.0	149.0	161.0	158.0	179.0	135.0	189.0	238.0	169.0	257.0	175.0	212.0	301.0	132.0	233.0	272.0	174.0	332.0	242.0	252.0	275.0	257.0	158.0	177.0	152.0	216.0	241.0	111.0	183.0	156.0	244.0	149.0	207.0	187.0	210.0	208.0	271.0	247.0	209.0	264.0	153.0	241.0	213.0	250.0	291.0	225.0	236.0	154.0	143.0	235.0	0.0	0.0	0.0	0.0	156.0	131.0	256.0	209.0
104	20150910 02:13:17.807	2.0	177.0	114.0	123.0	172.0	159.0	162.0	130.0	144.0	172.0	121.0	202.0	119.0	112.0	139.0	149.0	169.0	158.0	170.0	169.0	189.0	230.0	199.0	187.0	195.0	256.0	188.0	153.0	233.0	271.0	185.0	332.0	242.0	252.0	260.0	264.0	151.0	158.0	153.0	192.0	241.0	175.0	183.0	210.0	220.0	149.0	207.0	171.0	250.0	208.0	247.0	238.0	209.0	239.0	163.0	241.0	213.0	237.0	257.0	208.0	236.0	205.0	175.0	235.0	0.0	0.0	0.0	0.0	161.0	143.0	234.0	132.0
105	20150912 01:50:26.454	610.0	84.0	180.0	179.0	173.0	112.0	131.0	206.0	94.0	112.0	152.0	129.0	133.0	177.0	147.0	115.0	142.0	110.0	147.0	125.0	126.0	130.0	196.0	123.0	120.0	128.0	166.0	206.0	155.0	228.0	118.0	157.0	156.0	129.0	150.0	120.0	113.0	126.0	240.0	142.0	153.0	84.0	150.0	158.0	191.0	143.0	90.0	130.0	149.0	165.0	149.0	183.0	177.0	106.0	109.0	185.0	138.0	109.0	156.0	154.0	215.0	106.0	126.0	117.0	153.0	155.0	120.0	150.0	145.0	338.0	176.0	108.0
106	20150912 06:32:18.598	613.0	78.0	132.0	139.0	115.0	122.0	183.0	139.0	146.0	194.0	120.0	98.0	169.0	109.0	163.0	122.0	120.0	148.0	193.0	139.0	143.0	133.0	154.0	116.0	176.0	177.0	97.0	160.0	135.0	198.0	116.0	130.0	160.0	112.0	139.0	150.0	152.0	160.0	121.0	137.0	122.0	132.0	77.0	150.0	149.0	181.0	130.0	135.0	148.0	104.0	151.0	186.0	119.0	188.0	141.0	145.0	172.0	139.0	138.0	147.0	148.0	152.0	169.0	156.0	228.0	107.0	122.0	117.0	104.0	318.0	191.0	139.0
107	20150912 12:24:22.935	614.0	75.0	109.0	139.0	88.0	142.0	146.0	139.0	125.0	194.0	120.0	132.0	113.0	110.0	142.0	135.0	181.0	142.0	193.0	110.0	143.0	138.0	154.0	121.0	134.0	121.0	139.0	154.0	174.0	163.0	147.0	119.0	160.0	158.0	228.0	123.0	152.0	173.0	102.0	164.0	126.0	112.0	100.0	159.0	112.0	181.0	131.0	156.0	166.0	158.0	197.0	140.0	163.0	146.0	132.0	146.0	183.0	210.0	168.0	150.0	144.0	152.0	97.0	129.0	133.0	128.0	114.0	140.0	83.0	374.0	191.0	147.0
108	20150912 12:24:22.935	614.0	73.0	109.0	141.0	116.0	124.0	146.0	139.0	133.0	125.0	120.0	132.0	132.0	111.0	142.0	135.0	181.0	131.0	153.0	146.0	143.0	84.0	154.0	145.0	134.0	121.0	137.0	113.0	174.0	149.0	147.0	115.0	163.0	169.0	143.0	101.0	152.0	141.0	152.0	164.0	144.0	112.0	126.0	117.0	148.0	147.0	131.0	156.0	194.0	158.0	197.0	123.0	163.0	146.0	174.0	146.0	124.0	210.0	97.0	150.0	128.0	126.0	160.0	129.0	133.0	134.0	151.0	158.0	101.0	365.0	133.0	183.0
