index	mortality	x	y	20160610 19:14:27.353	20160610 19:18:08.618	20160610 21:42:00.524	20160610 23:01:19.49	20160611 00:21:52.658	20160611 01:41:59.47	20160611 03:03:32.468	20160611 04:25:05.20	20160611 05:45:16.553	20160611 08:27:59.388	20160611 11:10:19.842	20160611 11:27:22.50	20160611 15:51:46.259	20160611 17:33:14.427	20160611 18:58:19.239	20160611 20:15:17.228	20160611 21:32:09.409	20160611 22:48:39.169	20160612 01:22:04.552	20160612 02:38:40.10	20160612 07:45:43.174	20160612 09:02:18.615	20160612 10:19:14.284	20160612 11:36:03.769	20160612 12:52:02.683	20160612 14:12:09.141	20160612 15:28:48.651	20160612 16:45:35.485	20160612 18:02:22.604	20160612 19:19:11.838	20160612 23:09:15.550	20160613 00:25:59.395	20160613 01:42:48.838	20160613 05:33:24.06	20160613 06:50:11.401	20160613 08:06:53.139	20160613 10:40:12.148	20160613 11:56:53.917	20160613 13:13:47.704	20160613 14:30:31.560	20160613 15:47:14.260	20160613 17:04:10.444	20160613 18:20:43.415	20160614 03:17:11.258	20160614 05:50:40.207	20160614 07:07:21.181	20160614 08:23:56.764	20160614 09:40:34.853	20160614 10:57:14.536	20160614 12:14:07.728	20160614 13:30:59.354	20160614 14:47:47.782	20160614 16:04:37.499	20160614 18:38:25.393	20160614 19:55:30.668	20160615 03:37:00.994	20160615 04:53:48.270	20160615 12:34:26.861	20160615 13:51:06.220	20160615 15:07:42.927	20160615 17:10:14.427	20160615 18:26:42.687	20160615 19:43:22.739	20160615 20:59:46.458	20160616 00:49:36.883	20160616 02:05:59.903	20160616 04:39:00.630	20160616 05:55:26.718	20160616 08:28:20.41	20160616 09:45:04.28	20160616 11:01:30.297	20160616 13:34:39.565	20160616 14:51:19.925
1	20160616 05:55:26.718	1080.0	1017.0	181.0	3.0	0.0	0.0	0.0	1.0	0.0	0.0	0.0	0.0	0.0	1.0	0.0	0.0	0.0	0.0	0.0	0.0	148.0	159.0	127.0	127.0	161.0	185.0	168.0	125.0	123.0	226.0	143.0	161.0	181.0	134.0	237.0	146.0	188.0	171.0	236.0	170.0	214.0	166.0	222.0	206.0	163.0	184.0	120.0	137.0	139.0	156.0	135.0	154.0	202.0	152.0	135.0	110.0	232.0	186.0	126.0	193.0	192.0	99.0	140.0	158.0	203.0	180.0	142.0	200.0	290.0	422.0	615.0	208.0	286.0	267.0	203.0
2	20160615 13:51:06.220	859.0	990.0	149.0	239.0	211.0	290.0	334.0	369.0	380.0	206.0	198.0	264.0	177.0	324.0	284.0	376.0	287.0	177.0	343.0	214.0	253.0	262.0	149.0	174.0	237.0	256.0	263.0	226.0	193.0	217.0	238.0	140.0	240.0	268.0	321.0	269.0	168.0	248.0	240.0	216.0	380.0	282.0	185.0	238.0	368.0	250.0	332.0	269.0	206.0	190.0	215.0	302.0	193.0	286.0	141.0	259.0	304.0	323.0	308.0	698.0	1136.0	564.0	1840.0	391.0	352.0	372.0	449.0	285.0	307.0	470.0	689.0	402.0	236.0	274.0	200.0
3	20160615 12:34:26.861	1104.0	985.0	192.0	214.0	249.0	354.0	411.0	472.0	414.0	328.0	288.0	269.0	231.0	260.0	225.0	313.0	239.0	242.0	327.0	224.0	265.0	310.0	198.0	211.0	222.0	252.0	287.0	217.0	146.0	232.0	249.0	251.0	249.0	235.0	242.0	287.0	228.0	223.0	339.0	166.0	326.0	227.0	223.0	247.0	306.0	274.0	352.0	288.0	160.0	183.0	213.0	205.0	209.0	229.0	189.0	194.0	223.0	251.0	285.0	1023.0	1070.0	684.0	605.0	459.0	390.0	454.0	542.0	325.0	239.0	473.0	409.0	438.0	335.0	324.0	283.0
4	20160616 05:55:26.718	1038.0	954.0	200.0	122.0	278.0	206.0	210.0	139.0	155.0	176.0	198.0	187.0	173.0	146.0	126.0	157.0	126.0	271.0	113.0	138.0	179.0	120.0	153.0	89.0	136.0	225.0	163.0	125.0	124.0	140.0	146.0	157.0	143.0	103.0	123.0	125.0	163.0	164.0	169.0	160.0	170.0	110.0	201.0	208.0	171.0	116.0	228.0	191.0	142.0	194.0	165.0	164.0	197.0	151.0	139.0	143.0	142.0	180.0	219.0	221.0	175.0	136.0	131.0	167.0	146.0	201.0	156.0	203.0	424.0	662.0	771.0	400.0	436.0	324.0	296.0
5	20160613 01:42:48.838	300.0	929.0	175.0	162.0	208.0	293.0	311.0	367.0	333.0	279.0	245.0	141.0	204.0	255.0	274.0	323.0	334.0	218.0	289.0	299.0	277.0	308.0	252.0	268.0	306.0	244.0	362.0	283.0	174.0	182.0	238.0	323.0	386.0	377.0	430.0	376.0	212.0	346.0	406.0	226.0	360.0	495.0	207.0	308.0	466.0	263.0	371.0	357.0	163.0	204.0	221.0	245.0	277.0	348.0	163.0	249.0	400.0	364.0	379.0	598.0	661.0	604.0	558.0	347.0	393.0	358.0	466.0	328.0	213.0	643.0	656.0	407.0	276.0	280.0	226.0
6	20160615 12:34:26.861	872.0	910.0	178.0	222.0	140.0	308.0	394.0	341.0	494.0	269.0	269.0	238.0	226.0	276.0	348.0	361.0	332.0	212.0	261.0	271.0	328.0	234.0	193.0	234.0	296.0	259.0	295.0	238.0	111.0	190.0	237.0	234.0	227.0	297.0	230.0	244.0	246.0	279.0	299.0	177.0	341.0	336.0	204.0	298.0	255.0	265.0	255.0	369.0	182.0	197.0	254.0	192.0	268.0	318.0	179.0	259.0	291.0	359.0	340.0	815.0	1303.0	567.0	1276.0	509.0	376.0	402.0	520.0	361.0	251.0	586.0	641.0	390.0	283.0	210.0	245.0
7	20160615 12:34:26.861	835.0	903.0	220.0	176.0	254.0	310.0	376.0	316.0	411.0	169.0	221.0	240.0	226.0	282.0	260.0	307.0	308.0	212.0	230.0	266.0	248.0	204.0	153.0	215.0	252.0	217.0	187.0	200.0	186.0	242.0	209.0	223.0	216.0	139.0	203.0	255.0	272.0	213.0	296.0	222.0	215.0	409.0	217.0	239.0	237.0	145.0	230.0	241.0	137.0	241.0	208.0	184.0	201.0	250.0	127.0	296.0	225.0	262.0	305.0	455.0	394.0	301.0	193.0	715.0	561.0	479.0	629.0	330.0	296.0	515.0	511.0	391.0	226.0	232.0	204.0
8	20160615 13:51:06.220	347.0	897.0	206.0	134.0	184.0	207.0	281.0	292.0	267.0	182.0	204.0	139.0	192.0	244.0	340.0	314.0	354.0	193.0	282.0	276.0	209.0	153.0	216.0	187.0	245.0	241.0	258.0	179.0	133.0	217.0	192.0	233.0	240.0	146.0	229.0	228.0	200.0	225.0	288.0	198.0	218.0	302.0	121.0	198.0	300.0	216.0	281.0	315.0	147.0	168.0	206.0	201.0	157.0	246.0	157.0	212.0	306.0	280.0	231.0	295.0	415.0	315.0	329.0	232.0	313.0	290.0	444.0	316.0	208.0	420.0	527.0	376.0	234.0	274.0	345.0
9	20160615 12:34:26.861	958.0	882.0	155.0	272.0	327.0	367.0	543.0	420.0	424.0	271.0	204.0	233.0	240.0	317.0	319.0	396.0	313.0	238.0	289.0	258.0	236.0	262.0	208.0	223.0	212.0	274.0	283.0	163.0	187.0	268.0	266.0	283.0	317.0	280.0	321.0	251.0	195.0	253.0	343.0	123.0	291.0	368.0	193.0	264.0	304.0	247.0	354.0	303.0	226.0	215.0	179.0	228.0	244.0	347.0	179.0	280.0	313.0	369.0	314.0	653.0	669.0	489.0	548.0	563.0	358.0	461.0	585.0	283.0	229.0	574.0	562.0	519.0	295.0	250.0	304.0
10	20160615 17:10:14.427	676.0	873.0	189.0	219.0	150.0	360.0	387.0	369.0	499.0	234.0	197.0	186.0	284.0	352.0	314.0	357.0	451.0	250.0	346.0	263.0	285.0	288.0	210.0	215.0	293.0	244.0	334.0	227.0	159.0	209.0	286.0	319.0	421.0	267.0	296.0	293.0	263.0	300.0	360.0	226.0	388.0	339.0	186.0	293.0	334.0	295.0	312.0	292.0	254.0	214.0	201.0	192.0	265.0	321.0	144.0	199.0	314.0	317.0	385.0	761.0	829.0	502.0	1555.0	441.0	345.0	375.0	557.0	320.0	187.0	538.0	623.0	339.0	288.0	230.0	278.0
11	20160616 05:55:26.718	1231.0	815.0	172.0	158.0	139.0	212.0	208.0	151.0	208.0	173.0	172.0	170.0	192.0	163.0	163.0	141.0	151.0	197.0	123.0	136.0	185.0	191.0	155.0	119.0	188.0	154.0	174.0	173.0	170.0	145.0	125.0	169.0	198.0	180.0	189.0	196.0	162.0	159.0	188.0	207.0	220.0	152.0	220.0	159.0	171.0	134.0	167.0	199.0	196.0	212.0	116.0	157.0	138.0	168.0	145.0	136.0	147.0	191.0	220.0	234.0	259.0	199.0	204.0	177.0	251.0	133.0	181.0	146.0	197.0	689.0	144.0	159.0	196.0	187.0	169.0
12	20160616 05:55:26.718	1251.0	813.0	193.0	188.0	197.0	347.0	421.0	439.0	467.0	236.0	211.0	242.0	197.0	291.0	158.0	207.0	362.0	225.0	277.0	247.0	218.0	231.0	159.0	243.0	188.0	265.0	277.0	170.0	149.0	131.0	341.0	283.0	331.0	345.0	310.0	268.0	244.0	205.0	329.0	214.0	307.0	369.0	258.0	260.0	303.0	263.0	313.0	331.0	129.0	241.0	181.0	192.0	234.0	280.0	186.0	320.0	347.0	308.0	324.0	312.0	314.0	339.0	242.0	297.0	262.0	235.0	323.0	269.0	135.0	698.0	359.0	249.0	250.0	308.0	229.0
13	20160616 05:55:26.718	1233.0	809.0	185.0	158.0	179.0	174.0	229.0	210.0	126.0	191.0	210.0	196.0	188.0	176.0	122.0	176.0	132.0	145.0	159.0	185.0	150.0	161.0	165.0	211.0	144.0	145.0	146.0	155.0	177.0	189.0	242.0	166.0	157.0	177.0	186.0	233.0	158.0	175.0	154.0	212.0	179.0	156.0	172.0	212.0	207.0	119.0	238.0	112.0	152.0	228.0	135.0	183.0	160.0	121.0	157.0	134.0	170.0	193.0	188.0	298.0	232.0	186.0	176.0	171.0	137.0	161.0	204.0	121.0	130.0	737.0	163.0	166.0	194.0	203.0	238.0
14	20160615 13:51:06.220	39.0	801.0	0.0	0.0	0.0	0.0	0.0	0.0	0.0	0.0	0.0	0.0	0.0	0.0	0.0	0.0	0.0	0.0	0.0	0.0	0.0	0.0	0.0	0.0	0.0	0.0	0.0	0.0	0.0	0.0	0.0	0.0	0.0	0.0	0.0	160.0	264.0	232.0	308.0	153.0	259.0	246.0	165.0	275.0	229.0	0.0	339.0	235.0	168.0	154.0	179.0	181.0	166.0	317.0	150.0	163.0	228.0	666.0	470.0	445.0	910.0	337.0	1772.0	366.0	254.0	340.0	484.0	257.0	272.0	602.0	755.0	342.0	245.0	243.0	275.0
15	20160614 03:17:11.258	1057.0	782.0	221.0	280.0	190.0	334.0	434.0	326.0	355.0	218.0	181.0	199.0	142.0	279.0	314.0	286.0	378.0	216.0	272.0	266.0	221.0	162.0	187.0	192.0	178.0	183.0	211.0	153.0	166.0	185.0	160.0	192.0	200.0	227.0	252.0	221.0	228.0	172.0	374.0	201.0	268.0	313.0	175.0	301.0	265.0	532.0	406.0	284.0	188.0	216.0	177.0	257.0	216.0	261.0	180.0	197.0	301.0	416.0	305.0	352.0	365.0	341.0	312.0	240.0	258.0	256.0	275.0	299.0	278.0	605.0	650.0	472.0	302.0	348.0	234.0
16	20160615 19:43:22.739	1264.0	770.0	301.0	219.0	257.0	441.0	402.0	443.0	467.0	239.0	224.0	162.0	230.0	281.0	208.0	328.0	288.0	247.0	188.0	166.0	249.0	304.0	225.0	180.0	199.0	237.0	229.0	276.0	195.0	180.0	234.0	295.0	202.0	243.0	236.0	261.0	265.0	222.0	257.0	173.0	217.0	263.0	151.0	237.0	301.0	285.0	272.0	222.0	149.0	260.0	246.0	190.0	149.0	241.0	205.0	282.0	309.0	323.0	336.0	363.0	385.0	310.0	317.0	337.0	469.0	428.0	743.0	407.0	188.0	366.0	281.0	252.0	205.0	271.0	268.0
17	20160615 03:37:00.994	1388.0	757.0	182.0	168.0	0.0	0.0	0.0	0.0	0.0	0.0	0.0	0.0	0.0	0.0	0.0	0.0	0.0	0.0	0.0	0.0	0.0	0.0	0.0	0.0	0.0	0.0	0.0	0.0	0.0	0.0	0.0	0.0	0.0	0.0	0.0	0.0	0.0	0.0	0.0	0.0	0.0	0.0	0.0	0.0	0.0	232.0	245.0	279.0	152.0	184.0	179.0	121.0	143.0	266.0	71.0	189.0	307.0	1735.0	645.0	555.0	798.0	396.0	945.0	280.0	240.0	196.0	372.0	242.0	272.0	420.0	595.0	309.0	195.0	279.0	170.0
18	20160615 12:34:26.861	657.0	747.0	164.0	197.0	254.0	390.0	360.0	352.0	413.0	209.0	190.0	265.0	211.0	305.0	320.0	387.0	278.0	205.0	291.0	226.0	307.0	227.0	192.0	228.0	415.0	328.0	266.0	207.0	156.0	162.0	273.0	346.0	344.0	265.0	252.0	302.0	305.0	285.0	340.0	168.0	348.0	365.0	157.0	247.0	297.0	265.0	338.0	288.0	213.0	214.0	226.0	240.0	196.0	296.0	184.0	223.0	362.0	323.0	392.0	1512.0	1306.0	745.0	335.0	355.0	228.0	359.0	796.0	268.0	363.0	1113.0	1735.0	445.0	325.0	295.0	298.0
19	20160615 17:10:14.427	1270.0	742.0	272.0	229.0	175.0	173.0	210.0	201.0	208.0	140.0	104.0	239.0	178.0	256.0	105.0	226.0	301.0	167.0	223.0	183.0	194.0	209.0	158.0	157.0	160.0	183.0	157.0	130.0	175.0	139.0	169.0	205.0	135.0	202.0	150.0	158.0	140.0	146.0	164.0	159.0	197.0	236.0	140.0	236.0	218.0	167.0	159.0	239.0	195.0	136.0	129.0	208.0	178.0	215.0	129.0	179.0	131.0	186.0	250.0	301.0	356.0	184.0	1172.0	426.0	1391.0	694.0	742.0	451.0	160.0	159.0	185.0	157.0	174.0	151.0	172.0
20	20160616 05:55:26.718	1229.0	725.0	237.0	232.0	170.0	422.0	390.0	392.0	488.0	222.0	223.0	214.0	255.0	352.0	234.0	276.0	267.0	262.0	295.0	208.0	248.0	248.0	192.0	164.0	218.0	206.0	287.0	281.0	202.0	202.0	233.0	201.0	352.0	251.0	332.0	360.0	258.0	209.0	344.0	230.0	287.0	411.0	179.0	263.0	369.0	324.0	326.0	270.0	175.0	156.0	230.0	221.0	194.0	275.0	181.0	207.0	324.0	299.0	255.0	357.0	386.0	300.0	317.0	282.0	551.0	384.0	369.0	265.0	260.0	992.0	442.0	315.0	262.0	199.0	198.0
21	20160616 08:28:20.41	1186.0	695.0	183.0	124.0	127.0	166.0	258.0	192.0	243.0	263.0	190.0	238.0	219.0	193.0	164.0	231.0	206.0	169.0	129.0	213.0	148.0	218.0	122.0	132.0	220.0	143.0	128.0	122.0	159.0	149.0	170.0	121.0	138.0	167.0	207.0	223.0	184.0	142.0	228.0	189.0	212.0	180.0	259.0	176.0	166.0	164.0	165.0	149.0	151.0	268.0	128.0	197.0	173.0	133.0	167.0	149.0	151.0	253.0	149.0	190.0	104.0	182.0	148.0	132.0	204.0	158.0	202.0	107.0	182.0	169.0	688.0	160.0	208.0	268.0	149.0
22	20160615 17:10:14.427	58.0	684.0	0.0	0.0	163.0	275.0	281.0	230.0	333.0	218.0	222.0	147.0	189.0	3.0	268.0	345.0	319.0	195.0	240.0	280.0	316.0	416.0	255.0	216.0	278.0	188.0	292.0	180.0	185.0	159.0	254.0	202.0	246.0	219.0	279.0	260.0	240.0	245.0	257.0	290.0	260.0	265.0	247.0	240.0	208.0	245.0	242.0	259.0	126.0	297.0	199.0	199.0	235.0	342.0	176.0	310.0	302.0	425.0	321.0	548.0	1234.0	485.0	2877.0	329.0	326.0	315.0	443.0	371.0	265.0	504.0	784.0	349.0	290.0	298.0	301.0
23	20160615 17:10:14.427	1242.0	648.0	209.0	188.0	209.0	371.0	410.0	356.0	495.0	244.0	212.0	188.0	170.0	343.0	169.0	385.0	317.0	283.0	185.0	253.0	287.0	265.0	224.0	180.0	230.0	266.0	262.0	245.0	171.0	241.0	280.0	237.0	318.0	286.0	350.0	346.0	246.0	251.0	292.0	170.0	278.0	321.0	159.0	309.0	330.0	241.0	318.0	264.0	167.0	195.0	150.0	275.0	138.0	218.0	144.0	217.0	273.0	392.0	417.0	332.0	513.0	328.0	2017.0	311.0	261.0	234.0	1042.0	287.0	312.0	1406.0	1770.0	591.0	281.0	286.0	273.0
24	20160615 03:37:00.994	934.0	554.0	250.0	230.0	219.0	233.0	308.0	279.0	394.0	277.0	180.0	172.0	174.0	316.0	329.0	328.0	325.0	176.0	277.0	194.0	207.0	268.0	185.0	190.0	166.0	216.0	242.0	268.0	135.0	140.0	255.0	250.0	303.0	263.0	285.0	278.0	209.0	244.0	335.0	167.0	256.0	320.0	187.0	309.0	286.0	219.0	344.0	268.0	164.0	174.0	159.0	219.0	248.0	304.0	258.0	273.0	329.0	1158.0	389.0	284.0	552.0	344.0	1336.0	252.0	238.0	290.0	228.0	296.0	203.0	351.0	487.0	301.0	262.0	248.0	291.0
25	20160615 17:10:14.427	243.0	552.0	163.0	189.0	251.0	199.0	310.0	250.0	355.0	235.0	293.0	246.0	190.0	217.0	397.0	343.0	318.0	180.0	318.0	254.0	277.0	240.0	264.0	234.0	296.0	240.0	206.0	211.0	166.0	190.0	237.0	227.0	311.0	204.0	324.0	318.0	181.0	291.0	259.0	203.0	297.0	325.0	168.0	234.0	289.0	279.0	279.0	328.0	153.0	215.0	195.0	199.0	258.0	254.0	121.0	217.0	294.0	295.0	296.0	518.0	1184.0	364.0	2492.0	285.0	300.0	246.0	385.0	314.0	191.0	482.0	799.0	338.0	309.0	202.0	239.0
26	20160616 05:55:26.718	1146.0	546.0	183.0	198.0	380.0	344.0	382.0	369.0	314.0	273.0	307.0	269.0	228.0	230.0	396.0	297.0	263.0	140.0	303.0	277.0	167.0	236.0	184.0	136.0	208.0	288.0	276.0	273.0	168.0	188.0	163.0	176.0	232.0	267.0	184.0	258.0	199.0	300.0	149.0	190.0	216.0	231.0	260.0	187.0	177.0	169.0	167.0	173.0	179.0	206.0	152.0	227.0	148.0	216.0	139.0	217.0	232.0	226.0	311.0	201.0	222.0	203.0	287.0	212.0	229.0	206.0	292.0	234.0	261.0	763.0	381.0	259.0	205.0	204.0	229.0
27	20160616 05:55:26.718	1140.0	546.0	230.0	253.0	305.0	468.0	518.0	323.0	472.0	354.0	319.0	279.0	162.0	308.0	331.0	317.0	318.0	216.0	263.0	364.0	268.0	291.0	252.0	214.0	225.0	294.0	273.0	270.0	213.0	219.0	268.0	303.0	257.0	314.0	298.0	336.0	209.0	299.0	276.0	211.0	300.0	370.0	295.0	236.0	370.0	205.0	333.0	248.0	131.0	138.0	199.0	183.0	251.0	391.0	177.0	207.0	289.0	327.0	411.0	266.0	334.0	251.0	277.0	268.0	275.0	228.0	252.0	244.0	225.0	808.0	333.0	323.0	265.0	315.0	228.0
28	20160616 00:49:36.883	815.0	531.0	196.0	209.0	375.0	441.0	447.0	413.0	472.0	375.0	250.0	249.0	262.0	336.0	315.0	346.0	364.0	178.0	295.0	326.0	264.0	256.0	206.0	212.0	330.0	217.0	338.0	226.0	208.0	308.0	270.0	226.0	296.0	304.0	320.0	334.0	220.0	260.0	283.0	229.0	282.0	350.0	224.0	259.0	330.0	323.0	373.0	279.0	250.0	260.0	228.0	257.0	237.0	363.0	216.0	307.0	277.0	331.0	363.0	206.0	332.0	226.0	270.0	220.0	270.0	264.0	3786.0	599.0	457.0	3009.0	2496.0	1492.0	323.0	337.0	332.0
29	20160615 03:37:00.994	775.0	525.0	173.0	262.0	161.0	401.0	388.0	303.0	437.0	323.0	204.0	244.0	252.0	331.0	362.0	413.0	305.0	214.0	282.0	279.0	231.0	340.0	224.0	224.0	293.0	266.0	271.0	188.0	143.0	189.0	204.0	274.0	302.0	291.0	249.0	310.0	192.0	253.0	292.0	207.0	345.0	280.0	219.0	262.0	335.0	287.0	311.0	292.0	195.0	196.0	230.0	199.0	247.0	369.0	185.0	263.0	267.0	2281.0	581.0	823.0	1536.0	538.0	2052.0	426.0	293.0	243.0	644.0	374.0	231.0	847.0	1174.0	409.0	397.0	288.0	239.0
30	20160616 00:49:36.883	1231.0	483.0	196.0	195.0	260.0	346.0	515.0	439.0	448.0	259.0	222.0	307.0	256.0	283.0	318.0	362.0	418.0	224.0	246.0	265.0	236.0	329.0	227.0	213.0	240.0	267.0	285.0	208.0	172.0	184.0	279.0	252.0	390.0	376.0	322.0	414.0	324.0	271.0	348.0	191.0	332.0	358.0	326.0	313.0	400.0	254.0	255.0	291.0	153.0	191.0	198.0	180.0	242.0	330.0	175.0	327.0	331.0	430.0	458.0	313.0	377.0	239.0	291.0	398.0	399.0	245.0	996.0	268.0	313.0	1137.0	1431.0	568.0	302.0	239.0	346.0
31	20160613 14:30:31.560	1162.0	433.0	322.0	192.0	171.0	332.0	323.0	308.0	398.0	272.0	187.0	143.0	240.0	274.0	313.0	324.0	358.0	160.0	260.0	291.0	236.0	220.0	232.0	200.0	190.0	209.0	244.0	183.0	189.0	165.0	107.0	212.0	200.0	199.0	188.0	273.0	186.0	199.0	216.0	207.0	226.0	337.0	169.0	276.0	206.0	289.0	255.0	230.0	136.0	173.0	197.0	253.0	209.0	299.0	204.0	230.0	267.0	357.0	426.0	293.0	416.0	207.0	334.0	229.0	242.0	308.0	498.0	175.0	156.0	287.0	295.0	322.0	204.0	240.0	206.0
32	20160616 08:28:20.41	1307.0	415.0	143.0	132.0	270.0	298.0	201.0	172.0	178.0	184.0	171.0	194.0	261.0	90.0	170.0	170.0	152.0	98.0	126.0	137.0	168.0	115.0	155.0	143.0	114.0	137.0	203.0	201.0	112.0	187.0	153.0	141.0	158.0	96.0	182.0	147.0	99.0	152.0	117.0	245.0	148.0	176.0	209.0	171.0	155.0	150.0	207.0	160.0	181.0	126.0	101.0	141.0	150.0	190.0	170.0	166.0	280.0	295.0	164.0	188.0	198.0	211.0	191.0	208.0	195.0	203.0	166.0	127.0	157.0	159.0	1010.0	615.0	302.0	145.0	244.0
33	20160615 03:37:00.994	1321.0	418.0	221.0	184.0	257.0	373.0	357.0	348.0	384.0	308.0	336.0	310.0	256.0	322.0	314.0	261.0	350.0	211.0	294.0	225.0	236.0	265.0	202.0	223.0	245.0	198.0	306.0	185.0	140.0	211.0	289.0	310.0	406.0	307.0	380.0	349.0	231.0	246.0	315.0	203.0	309.0	331.0	213.0	261.0	323.0	322.0	341.0	351.0	231.0	222.0	198.0	211.0	316.0	278.0	218.0	236.0	276.0	453.0	327.0	316.0	361.0	228.0	305.0	316.0	222.0	310.0	328.0	206.0	216.0	294.0	715.0	542.0	315.0	262.0	207.0
34	20160615 17:10:14.427	310.0	401.0	274.0	188.0	141.0	271.0	244.0	275.0	325.0	195.0	143.0	211.0	154.0	237.0	303.0	396.0	332.0	249.0	293.0	319.0	243.0	275.0	255.0	247.0	336.0	258.0	292.0	249.0	165.0	138.0	216.0	249.0	295.0	310.0	297.0	306.0	207.0	324.0	305.0	218.0	267.0	361.0	143.0	243.0	285.0	216.0	267.0	266.0	252.0	218.0	196.0	192.0	262.0	229.0	204.0	239.0	276.0	310.0	269.0	420.0	923.0	355.0	2507.0	316.0	244.0	270.0	292.0	251.0	149.0	413.0	700.0	196.0	315.0	247.0	290.0
35	20160615 03:37:00.994	1172.0	351.0	178.0	190.0	188.0	324.0	416.0	409.0	415.0	223.0	180.0	200.0	207.0	277.0	297.0	344.0	314.0	248.0	383.0	304.0	321.0	251.0	200.0	228.0	203.0	229.0	294.0	245.0	150.0	208.0	277.0	153.0	269.0	277.0	264.0	252.0	207.0	290.0	254.0	229.0	314.0	385.0	213.0	208.0	315.0	295.0	242.0	299.0	202.0	191.0	215.0	237.0	273.0	367.0	155.0	169.0	300.0	1267.0	468.0	1372.0	2377.0	965.0	2289.0	686.0	392.0	405.0	864.0	254.0	296.0	1040.0	1331.0	604.0	225.0	192.0	268.0
36	20160615 13:51:06.220	1345.0	300.0	193.0	306.0	227.0	359.0	321.0	368.0	433.0	142.0	224.0	263.0	205.0	412.0	486.0	415.0	418.0	240.0	322.0	339.0	349.0	306.0	193.0	205.0	261.0	207.0	286.0	297.0	152.0	231.0	318.0	207.0	294.0	472.0	555.0	307.0	272.0	318.0	399.0	231.0	353.0	365.0	271.0	290.0	335.0	250.0	373.0	299.0	207.0	158.0	268.0	212.0	276.0	314.0	168.0	252.0	283.0	293.0	295.0	945.0	1856.0	650.0	2017.0	443.0	297.0	285.0	658.0	293.0	250.0	931.0	1187.0	482.0	303.0	229.0	280.0
37	20160615 12:34:26.861	368.0	289.0	203.0	213.0	186.0	288.0	288.0	339.0	353.0	186.0	218.0	193.0	205.0	235.0	363.0	327.0	342.0	162.0	320.0	317.0	314.0	318.0	338.0	379.0	286.0	280.0	267.0	245.0	153.0	207.0	288.0	236.0	294.0	238.0	293.0	347.0	280.0	291.0	261.0	211.0	257.0	310.0	195.0	239.0	267.0	198.0	304.0	246.0	188.0	214.0	207.0	165.0	276.0	264.0	234.0	250.0	278.0	252.0	265.0	582.0	912.0	489.0	918.0	404.0	294.0	330.0	535.0	254.0	279.0	535.0	612.0	418.0	185.0	188.0	255.0
38	20160615 04:53:48.270	1265.0	287.0	224.0	264.0	196.0	319.0	319.0	339.0	429.0	223.0	206.0	157.0	234.0	241.0	365.0	326.0	389.0	211.0	284.0	245.0	277.0	297.0	260.0	219.0	288.0	184.0	268.0	233.0	182.0	236.0	263.0	256.0	283.0	231.0	306.0	355.0	242.0	294.0	343.0	262.0	350.0	359.0	235.0	241.0	299.0	270.0	328.0	270.0	197.0	109.0	113.0	187.0	224.0	250.0	116.0	265.0	262.0	335.0	421.0	314.0	355.0	280.0	263.0	302.0	235.0	167.0	247.0	304.0	182.0	239.0	647.0	258.0	247.0	265.0	229.0
39	20160615 13:51:06.220	618.0	253.0	154.0	238.0	198.0	211.0	225.0	287.0	313.0	210.0	190.0	265.0	205.0	203.0	343.0	310.0	318.0	183.0	337.0	302.0	222.0	213.0	198.0	215.0	246.0	232.0	250.0	187.0	98.0	209.0	254.0	193.0	223.0	202.0	330.0	271.0	194.0	332.0	282.0	175.0	267.0	289.0	208.0	303.0	251.0	261.0	230.0	236.0	161.0	241.0	253.0	183.0	221.0	331.0	126.0	218.0	192.0	291.0	333.0	568.0	1321.0	510.0	2258.0	345.0	389.0	356.0	470.0	240.0	264.0	596.0	1036.0	301.0	316.0	282.0	333.0
40	20160615 17:10:14.427	1233.0	240.0	187.0	170.0	234.0	336.0	408.0	287.0	342.0	235.0	222.0	250.0	230.0	197.0	298.0	339.0	261.0	194.0	290.0	237.0	249.0	226.0	201.0	202.0	277.0	217.0	250.0	221.0	174.0	193.0	171.0	200.0	204.0	264.0	258.0	260.0	196.0	254.0	264.0	154.0	374.0	333.0	202.0	250.0	318.0	282.0	317.0	318.0	156.0	179.0	243.0	215.0	197.0	316.0	163.0	204.0	304.0	470.0	471.0	335.0	664.0	347.0	1875.0	262.0	276.0	311.0	266.0	333.0	289.0	443.0	770.0	264.0	328.0	323.0	318.0
41	20160614 19:55:30.668	744.0	234.0	241.0	194.0	238.0	307.0	409.0	360.0	344.0	275.0	369.0	261.0	219.0	226.0	307.0	343.0	292.0	187.0	297.0	257.0	292.0	261.0	245.0	138.0	307.0	306.0	197.0	203.0	181.0	212.0	194.0	214.0	203.0	209.0	267.0	269.0	181.0	262.0	338.0	233.0	243.0	292.0	135.0	211.0	313.0	211.0	307.0	300.0	159.0	204.0	180.0	177.0	193.0	195.0	172.0	249.0	971.0	1531.0	452.0	254.0	599.0	289.0	1211.0	241.0	269.0	294.0	315.0	264.0	227.0	319.0	608.0	278.0	229.0	177.0	209.0
42	20160616 08:28:20.41	1335.0	225.0	251.0	146.0	260.0	178.0	148.0	175.0	89.0	214.0	207.0	259.0	180.0	188.0	175.0	166.0	142.0	141.0	145.0	176.0	174.0	133.0	143.0	171.0	145.0	141.0	168.0	126.0	172.0	196.0	154.0	190.0	142.0	190.0	191.0	161.0	140.0	161.0	201.0	198.0	191.0	174.0	184.0	222.0	205.0	145.0	103.0	156.0	176.0	157.0	194.0	196.0	204.0	197.0	161.0	182.0	186.0	94.0	158.0	205.0	186.0	280.0	109.0	292.0	251.0	245.0	173.0	205.0	180.0	171.0	755.0	213.0	214.0	200.0	193.0
43	20160615 13:51:06.220	1240.0	199.0	201.0	264.0	269.0	248.0	337.0	305.0	346.0	201.0	226.0	189.0	171.0	303.0	290.0	346.0	268.0	171.0	309.0	253.0	268.0	270.0	233.0	243.0	254.0	189.0	290.0	246.0	175.0	204.0	223.0	219.0	300.0	268.0	363.0	293.0	290.0	271.0	247.0	213.0	249.0	408.0	193.0	166.0	306.0	180.0	315.0	303.0	222.0	205.0	157.0	198.0	255.0	366.0	201.0	228.0	322.0	522.0	413.0	659.0	1349.0	432.0	2131.0	362.0	373.0	266.0	490.0	242.0	298.0	759.0	1158.0	369.0	338.0	353.0	303.0
44	20160615 13:51:06.220	672.0	181.0	190.0	185.0	212.0	249.0	298.0	260.0	373.0	294.0	244.0	238.0	243.0	293.0	355.0	352.0	338.0	169.0	314.0	250.0	251.0	241.0	199.0	216.0	262.0	183.0	246.0	224.0	146.0	217.0	268.0	241.0	248.0	246.0	273.0	308.0	245.0	285.0	258.0	189.0	236.0	318.0	151.0	301.0	878.0	188.0	264.0	263.0	200.0	251.0	180.0	173.0	160.0	264.0	165.0	226.0	281.0	699.0	688.0	673.0	1501.0	632.0	2689.0	304.0	297.0	270.0	409.0	310.0	261.0	443.0	856.0	280.0	258.0	255.0	270.0
45	20160616 00:49:36.883	932.0	167.0	232.0	155.0	341.0	286.0	239.0	204.0	260.0	202.0	237.0	131.0	234.0	86.0	159.0	130.0	179.0	137.0	111.0	98.0	136.0	142.0	172.0	102.0	182.0	220.0	147.0	172.0	175.0	106.0	137.0	206.0	120.0	178.0	137.0	129.0	196.0	210.0	148.0	181.0	160.0	113.0	152.0	164.0	115.0	150.0	194.0	147.0	105.0	215.0	132.0	102.0	183.0	120.0	157.0	150.0	134.0	158.0	232.0	119.0	216.0	125.0	172.0	270.0	198.0	183.0	692.0	456.0	174.0	308.0	354.0	278.0	236.0	220.0	285.0
46	20160615 03:37:00.994	1208.0	153.0	187.0	258.0	122.0	280.0	288.0	356.0	439.0	256.0	230.0	244.0	214.0	269.0	347.0	368.0	418.0	232.0	357.0	298.0	257.0	334.0	224.0	196.0	191.0	198.0	235.0	259.0	186.0	231.0	235.0	309.0	273.0	239.0	331.0	347.0	224.0	300.0	305.0	173.0	312.0	331.0	206.0	353.0	288.0	206.0	295.0	296.0	181.0	220.0	241.0	233.0	277.0	336.0	199.0	203.0	350.0	1494.0	380.0	369.0	730.0	332.0	1553.0	298.0	225.0	280.0	348.0	260.0	238.0	402.0	662.0	328.0	273.0	294.0	224.0
47	20160616 05:55:26.718	982.0	146.0	182.0	171.0	260.0	217.0	180.0	147.0	158.0	184.0	170.0	178.0	133.0	141.0	122.0	144.0	140.0	199.0	157.0	98.0	151.0	142.0	148.0	165.0	200.0	193.0	170.0	120.0	144.0	202.0	139.0	119.0	156.0	118.0	171.0	147.0	128.0	176.0	184.0	152.0	169.0	249.0	186.0	161.0	166.0	161.0	181.0	136.0	145.0	214.0	202.0	129.0	177.0	177.0	143.0	117.0	220.0	171.0	104.0	243.0	208.0	182.0	221.0	272.0	290.0	270.0	122.0	218.0	202.0	585.0	223.0	232.0	208.0	175.0	215.0
48	20160615 13:51:06.220	679.0	140.0	142.0	207.0	157.0	226.0	446.0	271.0	354.0	277.0	242.0	212.0	215.0	190.0	290.0	359.0	274.0	239.0	328.0	282.0	280.0	235.0	248.0	182.0	280.0	227.0	195.0	243.0	203.0	161.0	235.0	167.0	269.0	256.0	260.0	311.0	182.0	280.0	212.0	149.0	241.0	326.0	161.0	166.0	276.0	238.0	238.0	237.0	192.0	204.0	232.0	158.0	185.0	239.0	217.0	224.0	212.0	393.0	488.0	426.0	716.0	277.0	1223.0	230.0	340.0	200.0	351.0	190.0	184.0	429.0	604.0	248.0	268.0	260.0	326.0
49	20160615 03:37:00.994	98.0	113.0	208.0	133.0	174.0	165.0	149.0	193.0	138.0	177.0	181.0	202.0	217.0	181.0	181.0	209.0	123.0	194.0	207.0	189.0	216.0	251.0	160.0	189.0	163.0	134.0	202.0	137.0	153.0	163.0	165.0	170.0	157.0	136.0	163.0	165.0	114.0	203.0	190.0	138.0	183.0	157.0	140.0	185.0	145.0	136.0	181.0	132.0	173.0	201.0	158.0	171.0	237.0	119.0	145.0	125.0	178.0	517.0	317.0	222.0	174.0	169.0	221.0	129.0	142.0	173.0	815.0	331.0	438.0	364.0	297.0	238.0	212.0	202.0	255.0
50	20160616 00:49:36.883	81.0	109.0	200.0	141.0	138.0	175.0	180.0	111.0	163.0	214.0	191.0	199.0	164.0	129.0	158.0	123.0	113.0	104.0	119.0	182.0	155.0	171.0	147.0	175.0	200.0	197.0	141.0	235.0	118.0	140.0	126.0	171.0	158.0	143.0	130.0	188.0	104.0	127.0	109.0	145.0	155.0	121.0	225.0	209.0	110.0	132.0	184.0	181.0	174.0	140.0	190.0	130.0	167.0	162.0	171.0	181.0	202.0	111.0	213.0	156.0	221.0	192.0	220.0	170.0	199.0	171.0	881.0	470.0	371.0	575.0	466.0	287.0	295.0	197.0	236.0
51	20160616 05:55:26.718	1174.0	107.0	272.0	224.0	225.0	300.0	313.0	344.0	362.0	254.0	276.0	238.0	227.0	201.0	377.0	335.0	287.0	213.0	272.0	283.0	281.0	348.0	216.0	176.0	228.0	215.0	233.0	234.0	183.0	211.0	202.0	202.0	249.0	467.0	769.0	346.0	267.0	302.0	352.0	163.0	273.0	332.0	234.0	267.0	347.0	240.0	303.0	301.0	219.0	167.0	215.0	212.0	268.0	300.0	171.0	220.0	273.0	339.0	240.0	342.0	212.0	318.0	419.0	419.0	321.0	334.0	412.0	270.0	275.0	733.0	1211.0	349.0	243.0	282.0	262.0
52	20160615 13:51:06.220	685.0	102.0	159.0	210.0	177.0	272.0	196.0	243.0	254.0	209.0	228.0	176.0	148.0	193.0	408.0	341.0	278.0	156.0	321.0	303.0	293.0	198.0	184.0	178.0	333.0	152.0	208.0	225.0	92.0	198.0	168.0	149.0	256.0	223.0	251.0	222.0	172.0	292.0	229.0	230.0	276.0	273.0	209.0	201.0	286.0	147.0	266.0	226.0	162.0	151.0	165.0	146.0	159.0	222.0	118.0	186.0	245.0	406.0	532.0	657.0	1542.0	477.0	2981.0	416.0	237.0	229.0	461.0	218.0	260.0	667.0	1382.0	354.0	265.0	306.0	333.0
53	20160616 00:49:36.883	63.0	96.0	101.0	1.0	204.0	158.0	171.0	169.0	145.0	174.0	171.0	139.0	147.0	93.0	160.0	140.0	188.0	162.0	154.0	108.0	222.0	173.0	168.0	156.0	189.0	221.0	129.0	157.0	106.0	227.0	129.0	147.0	151.0	121.0	156.0	146.0	165.0	158.0	160.0	152.0	184.0	135.0	210.0	150.0	141.0	179.0	206.0	122.0	152.0	215.0	171.0	175.0	170.0	152.0	147.0	198.0	137.0	199.0	221.0	109.0	209.0	162.0	170.0	224.0	148.0	141.0	962.0	447.0	302.0	577.0	466.0	343.0	198.0	244.0	187.0
54	20160615 03:37:00.994	101.0	98.0	200.0	134.0	170.0	190.0	161.0	128.0	181.0	160.0	120.0	148.0	161.0	175.0	206.0	115.0	150.0	196.0	180.0	174.0	128.0	172.0	138.0	186.0	158.0	116.0	185.0	162.0	121.0	160.0	141.0	176.0	137.0	180.0	132.0	149.0	145.0	166.0	132.0	173.0	156.0	211.0	164.0	158.0	183.0	234.0	156.0	185.0	136.0	197.0	203.0	168.0	145.0	114.0	141.0	118.0	136.0	1119.0	673.0	171.0	190.0	143.0	160.0	150.0	206.0	117.0	1278.0	796.0	484.0	664.0	681.0	515.0	340.0	347.0	236.0
55	20160616 00:49:36.883	78.0	89.0	216.0	209.0	133.0	175.0	169.0	196.0	226.0	241.0	154.0	178.0	156.0	148.0	123.0	203.0	109.0	139.0	116.0	128.0	161.0	175.0	182.0	127.0	205.0	162.0	136.0	189.0	229.0	249.0	104.0	182.0	149.0	139.0	190.0	110.0	207.0	130.0	117.0	165.0	151.0	208.0	164.0	123.0	156.0	131.0	108.0	188.0	157.0	218.0	220.0	140.0	195.0	150.0	194.0	105.0	102.0	180.0	176.0	116.0	182.0	157.0	131.0	173.0	161.0	138.0	1224.0	714.0	290.0	633.0	633.0	435.0	247.0	295.0	265.0
56	20160616 00:49:36.883	104.0	80.0	186.0	158.0	137.0	205.0	128.0	188.0	169.0	243.0	167.0	201.0	203.0	147.0	182.0	192.0	151.0	174.0	217.0	162.0	143.0	157.0	128.0	200.0	150.0	176.0	133.0	143.0	194.0	157.0	186.0	223.0	255.0	158.0	215.0	172.0	152.0	212.0	165.0	177.0	203.0	231.0	206.0	150.0	121.0	161.0	149.0	156.0	196.0	149.0	241.0	212.0	102.0	179.0	157.0	142.0	181.0	263.0	112.0	115.0	200.0	135.0	121.0	194.0	186.0	179.0	1179.0	730.0	283.0	555.0	548.0	392.0	170.0	225.0	216.0
57	20160616 00:49:36.883	117.0	83.0	203.0	188.0	178.0	245.0	287.0	285.0	279.0	225.0	187.0	166.0	246.0	215.0	498.0	362.0	424.0	189.0	320.0	348.0	333.0	261.0	295.0	226.0	318.0	269.0	242.0	244.0	205.0	241.0	263.0	233.0	285.0	225.0	292.0	287.0	217.0	299.0	317.0	241.0	260.0	284.0	185.0	220.0	332.0	189.0	205.0	210.0	176.0	236.0	160.0	234.0	176.0	191.0	140.0	235.0	228.0	262.0	293.0	257.0	324.0	195.0	283.0	230.0	141.0	223.0	793.0	434.0	314.0	606.0	549.0	337.0	255.0	238.0	198.0
58	20160616 00:49:36.883	63.0	77.0	141.0	2.0	169.0	140.0	155.0	216.0	167.0	243.0	147.0	145.0	184.0	155.0	139.0	237.0	178.0	119.0	163.0	142.0	177.0	179.0	133.0	180.0	148.0	172.0	156.0	140.0	126.0	203.0	172.0	147.0	95.0	183.0	184.0	169.0	142.0	207.0	131.0	160.0	174.0	231.0	192.0	133.0	128.0	147.0	143.0	138.0	205.0	267.0	155.0	154.0	151.0	226.0	136.0	133.0	163.0	202.0	255.0	114.0	154.0	101.0	198.0	141.0	200.0	193.0	1467.0	821.0	340.0	709.0	602.0	369.0	324.0	362.0	255.0
59	20160616 00:49:36.883	40.0	75.0	0.0	0.0	0.0	0.0	0.0	0.0	0.0	0.0	0.0	0.0	0.0	0.0	3.0	0.0	0.0	3.0	6.0	1.0	0.0	0.0	0.0	0.0	0.0	0.0	0.0	0.0	0.0	0.0	0.0	0.0	0.0	0.0	0.0	147.0	115.0	157.0	176.0	155.0	186.0	195.0	191.0	180.0	152.0	3.0	187.0	145.0	128.0	189.0	164.0	118.0	274.0	189.0	119.0	170.0	169.0	297.0	180.0	189.0	235.0	153.0	220.0	198.0	226.0	221.0	711.0	318.0	206.0	293.0	247.0	303.0	161.0	163.0	181.0
60	20160616 00:49:36.883	94.0	69.0	185.0	136.0	167.0	156.0	184.0	158.0	232.0	161.0	167.0	136.0	213.0	0.0	159.0	155.0	155.0	163.0	135.0	142.0	166.0	162.0	137.0	137.0	143.0	151.0	194.0	120.0	202.0	155.0	162.0	148.0	147.0	125.0	157.0	118.0	133.0	171.0	171.0	123.0	229.0	265.0	149.0	144.0	112.0	181.0	155.0	170.0	119.0	134.0	190.0	232.0	179.0	210.0	212.0	113.0	177.0	210.0	153.0	209.0	221.0	202.0	148.0	267.0	229.0	188.0	1345.0	754.0	280.0	732.0	661.0	351.0	275.0	252.0	231.0
61	20160616 00:49:36.883	45.0	64.0	0.0	0.0	0.0	0.0	2.0	6.0	0.0	0.0	0.0	0.0	0.0	0.0	146.0	32.0	143.0	128.0	171.0	139.0	0.0	0.0	23.0	41.0	13.0	204.0	0.0	0.0	0.0	0.0	0.0	0.0	0.0	0.0	0.0	125.0	164.0	145.0	142.0	145.0	240.0	185.0	143.0	159.0	173.0	232.0	153.0	89.0	154.0	260.0	195.0	120.0	153.0	152.0	192.0	198.0	159.0	207.0	122.0	220.0	189.0	129.0	243.0	229.0	206.0	206.0	1265.0	717.0	211.0	385.0	546.0	304.0	344.0	247.0	276.0
62	20160616 08:28:20.41	1328.0	66.0	192.0	156.0	145.0	164.0	108.0	167.0	163.0	244.0	210.0	187.0	218.0	0.0	192.0	201.0	138.0	223.0	216.0	157.0	193.0	222.0	111.0	127.0	136.0	152.0	166.0	147.0	278.0	164.0	123.0	241.0	308.0	256.0	342.0	385.0	206.0	379.0	271.0	203.0	186.0	258.0	231.0	228.0	209.0	203.0	179.0	137.0	232.0	197.0	120.0	126.0	180.0	191.0	176.0	223.0	114.0	298.0	245.0	171.0	234.0	248.0	218.0	217.0	259.0	137.0	190.0	216.0	178.0	257.0	805.0	217.0	207.0	183.0	159.0
63	20160615 17:10:14.427	245.0	63.0	207.0	188.0	143.0	241.0	243.0	233.0	341.0	171.0	180.0	204.0	247.0	0.0	417.0	281.0	323.0	188.0	328.0	338.0	242.0	228.0	329.0	234.0	313.0	262.0	253.0	257.0	147.0	193.0	229.0	192.0	262.0	194.0	253.0	338.0	218.0	270.0	334.0	156.0	248.0	281.0	186.0	230.0	299.0	192.0	260.0	247.0	183.0	304.0	164.0	175.0	121.0	246.0	149.0	192.0	238.0	254.0	398.0	356.0	731.0	247.0	2051.0	241.0	367.0	264.0	279.0	284.0	257.0	366.0	695.0	281.0	213.0	223.0	236.0
64	20160616 00:49:36.883	86.0	60.0	151.0	124.0	156.0	160.0	212.0	179.0	200.0	170.0	189.0	165.0	166.0	0.0	132.0	158.0	186.0	125.0	162.0	135.0	112.0	137.0	157.0	142.0	139.0	132.0	154.0	186.0	174.0	190.0	130.0	136.0	115.0	142.0	122.0	156.0	245.0	122.0	129.0	136.0	135.0	108.0	234.0	150.0	147.0	101.0	118.0	172.0	167.0	125.0	121.0	266.0	158.0	139.0	147.0	158.0	181.0	201.0	187.0	151.0	169.0	120.0	183.0	248.0	188.0	180.0	1051.0	735.0	372.0	653.0	620.0	297.0	183.0	206.0	282.0
65	20160616 00:49:36.883	74.0	47.0	1.0	3.0	187.0	95.0	203.0	245.0	160.0	131.0	165.0	227.0	172.0	0.0	173.0	224.0	207.0	103.0	114.0	132.0	0.0	0.0	134.0	132.0	126.0	2.0	204.0	145.0	215.0	206.0	173.0	161.0	185.0	153.0	162.0	86.0	177.0	140.0	137.0	159.0	172.0	229.0	161.0	195.0	127.0	81.0	145.0	156.0	163.0	238.0	117.0	174.0	163.0	225.0	214.0	160.0	160.0	205.0	217.0	193.0	134.0	186.0	99.0	155.0	217.0	155.0	920.0	553.0	274.0	520.0	488.0	379.0	227.0	254.0	259.0
66	20160616 00:49:36.883	38.0	49.0	0.0	0.0	0.0	0.0	0.0	0.0	0.0	0.0	0.0	0.0	0.0	0.0	0.0	0.0	0.0	0.0	0.0	0.0	0.0	0.0	0.0	0.0	0.0	0.0	0.0	0.0	0.0	0.0	0.0	0.0	0.0	0.0	0.0	61.0	150.0	161.0	228.0	171.0	130.0	177.0	176.0	164.0	126.0	0.0	142.0	151.0	156.0	169.0	173.0	205.0	213.0	131.0	140.0	89.0	146.0	154.0	240.0	204.0	159.0	222.0	129.0	261.0	241.0	204.0	641.0	626.0	359.0	381.0	392.0	200.0	166.0	254.0	273.0
