index	mortality	x	y	20181101 15:21:07.829	20181101 16:32:20.452	20181101 17:43:14.860	20181102 03:41:00.797	20181102 04:56:04.448	20181102 06:10:18.19	20181102 07:25:14.887	20181102 08:40:15.110	20181102 09:54:43.690	20181102 11:09:37.837	20181102 12:24:26.717	20181102 13:38:09.440	20181102 14:51:06.373	20181102 16:05:36.593	20181102 22:17:01.140	20181102 23:31:37.126	20181103 00:46:21.507	20181103 02:01:19.541	20181103 05:44:02.537	20181103 08:14:31.102	20181103 09:28:26.257	20181103 10:43:01.295	20181103 11:57:27.996	20181103 13:11:37.03	20181103 14:28:07.245	20181103 15:44:44.501	20181103 17:02:33.583	20181103 18:18:29.354	20181103 19:33:05.43	20181103 20:48:25.522	20181103 22:03:24.788	20181103 23:18:20.141	20181104 01:47:32.654	20181104 02:01:46.337	20181104 03:16:41.237	20181104 04:32:10.23	20181104 05:46:06.531	20181104 06:59:44.46	20181104 08:13:28.37	20181104 09:28:51.822	20181104 11:58:13.150	20181104 13:13:36.800	20181104 15:43:35.951	20181104 16:58:32.741	20181104 18:13:03.42	20181104 20:42:19.212	20181105 01:40:14.05	20181105 04:10:04.151	20181105 05:24:17.213	20181105 06:37:45.167	20181105 07:50:50.437	20181105 10:20:42.329	20181105 12:50:48.259	20181105 14:05:11.965	20181105 16:34:25.882	20181105 17:49:19.551	20181105 19:04:34.598	20181105 20:18:58.477	20181105 22:47:00.205	20181106 00:01:36.513	20181106 01:15:58.299	20181106 02:31:19.343	20181106 03:45:58.71	20181106 05:00:34.398	20181106 06:15:26.300	20181106 07:29:39.524	20181106 08:43:29.931	20181106 09:58:08.656	20181106 11:11:58.666	20181106 12:26:19.888	20181106 13:41:22.667	20181106 16:12:11.364	20181106 17:27:30.118	20181106 18:42:07.395	20181106 19:56:42.825	20181106 21:11:31.28	20181106 22:25:40.687	20181106 23:40:35.585	20181107 00:55:10.683	20181107 02:09:28.242	20181107 03:24:13.736	20181107 04:39:38.818	20181107 05:54:39.550	20181107 07:09:44.124	20181107 08:57:33.474	20181107 10:13:05.686	20181107 11:27:48.583	20181107 12:44:01.44
1	20181107 10:13:05.686	954.0	1026.0	0.0	0.0	0.0	0.0	0.0	0.0	0.0	0.0	0.0	0.0	0.0	0.0	0.0	0.0	0.0	0.0	0.0	0.0	0.0	0.0	0.0	0.0	0.0	0.0	0.0	0.0	0.0	0.0	0.0	0.0	0.0	0.0	0.0	0.0	0.0	0.0	0.0	0.0	0.0	0.0	0.0	0.0	0.0	0.0	0.0	0.0	0.0	0.0	0.0	0.0	0.0	0.0	0.0	0.0	0.0	0.0	0.0	0.0	0.0	0.0	0.0	0.0	0.0	0.0	0.0	0.0	0.0	0.0	0.0	0.0	0.0	0.0	0.0	0.0	0.0	0.0	0.0	0.0	0.0	0.0	0.0	0.0	1.0	133.0	194.0	1276.0	553.0	432.0
2	20181107 10:13:05.686	1073.0	1022.0	0.0	0.0	0.0	0.0	0.0	0.0	0.0	0.0	0.0	0.0	0.0	0.0	0.0	0.0	0.0	0.0	0.0	0.0	0.0	0.0	0.0	0.0	0.0	0.0	0.0	0.0	0.0	0.0	0.0	0.0	0.0	0.0	0.0	0.0	0.0	0.0	0.0	0.0	0.0	0.0	0.0	0.0	0.0	0.0	0.0	0.0	0.0	0.0	0.0	0.0	0.0	0.0	0.0	0.0	0.0	0.0	0.0	0.0	0.0	0.0	0.0	0.0	0.0	0.0	0.0	0.0	0.0	0.0	0.0	0.0	0.0	0.0	0.0	0.0	0.0	0.0	0.0	0.0	0.0	0.0	0.0	127.0	158.0	130.0	183.0	926.0	355.0	427.0
3	20181107 08:57:33.474	367.0	1019.0	0.0	0.0	0.0	0.0	0.0	0.0	0.0	0.0	0.0	0.0	0.0	0.0	0.0	0.0	0.0	0.0	0.0	0.0	0.0	0.0	0.0	0.0	0.0	0.0	0.0	0.0	0.0	0.0	0.0	0.0	0.0	0.0	0.0	0.0	0.0	0.0	0.0	0.0	0.0	0.0	0.0	0.0	0.0	0.0	0.0	0.0	0.0	0.0	0.0	0.0	0.0	0.0	0.0	0.0	0.0	0.0	0.0	0.0	0.0	0.0	0.0	0.0	0.0	0.0	0.0	0.0	0.0	0.0	0.0	0.0	0.0	0.0	0.0	0.0	0.0	0.0	0.0	0.0	0.0	0.0	105.0	199.0	257.0	237.0	821.0	408.0	407.0	378.0
4	20181107 08:57:33.474	327.0	1020.0	0.0	0.0	0.0	0.0	0.0	0.0	0.0	0.0	0.0	0.0	0.0	0.0	0.0	0.0	0.0	0.0	0.0	0.0	0.0	0.0	0.0	0.0	0.0	0.0	0.0	0.0	0.0	0.0	0.0	0.0	0.0	0.0	0.0	0.0	0.0	0.0	0.0	0.0	0.0	0.0	0.0	0.0	0.0	0.0	0.0	0.0	0.0	0.0	0.0	0.0	0.0	0.0	0.0	0.0	0.0	0.0	0.0	0.0	0.0	0.0	0.0	0.0	0.0	0.0	0.0	0.0	0.0	0.0	0.0	0.0	0.0	0.0	0.0	0.0	0.0	0.0	0.0	0.0	0.0	0.0	4.0	145.0	235.0	229.0	565.0	486.0	557.0	354.0
5	20181107 08:57:33.474	1189.0	1015.0	0.0	0.0	0.0	0.0	0.0	0.0	0.0	0.0	0.0	0.0	0.0	0.0	0.0	0.0	0.0	0.0	0.0	0.0	0.0	0.0	0.0	0.0	0.0	0.0	0.0	0.0	0.0	0.0	0.0	0.0	0.0	0.0	0.0	0.0	0.0	0.0	0.0	0.0	0.0	0.0	0.0	0.0	0.0	0.0	0.0	0.0	0.0	0.0	0.0	0.0	0.0	0.0	0.0	0.0	0.0	0.0	0.0	0.0	0.0	0.0	0.0	0.0	0.0	0.0	0.0	0.0	0.0	0.0	0.0	0.0	0.0	0.0	0.0	0.0	0.0	0.0	0.0	0.0	0.0	130.0	155.0	111.0	173.0	147.0	1722.0	738.0	516.0	393.0
6	20181107 10:13:05.686	1347.0	1006.0	172.0	70.0	0.0	0.0	0.0	0.0	0.0	0.0	0.0	0.0	0.0	0.0	0.0	0.0	0.0	0.0	0.0	0.0	0.0	0.0	0.0	0.0	0.0	0.0	0.0	0.0	0.0	0.0	0.0	0.0	0.0	0.0	0.0	0.0	0.0	0.0	0.0	0.0	0.0	0.0	0.0	0.0	0.0	0.0	0.0	0.0	0.0	0.0	0.0	0.0	0.0	0.0	0.0	0.0	0.0	0.0	0.0	0.0	0.0	0.0	0.0	0.0	0.0	0.0	0.0	0.0	0.0	0.0	0.0	0.0	5.0	3.0	0.0	1.0	115.0	90.0	157.0	116.0	167.0	122.0	155.0	164.0	173.0	125.0	266.0	1893.0	1064.0	696.0
7	20181106 09:58:08.656	90.0	994.0	185.0	101.0	125.0	0.0	0.0	0.0	0.0	0.0	0.0	0.0	0.0	0.0	0.0	0.0	0.0	0.0	0.0	0.0	0.0	0.0	0.0	0.0	0.0	0.0	0.0	0.0	0.0	0.0	0.0	0.0	0.0	0.0	0.0	0.0	0.0	0.0	0.0	0.0	0.0	0.0	0.0	0.0	0.0	0.0	1.0	0.0	0.0	0.0	0.0	0.0	0.0	0.0	0.0	0.0	0.0	4.0	101.0	3.0	8.0	69.0	596.0	594.0	142.0	556.0	479.0	503.0	359.0	734.0	595.0	953.0	895.0	193.0	132.0	381.0	410.0	457.0	721.0	929.0	397.0	369.0	557.0	388.0	461.0	491.0	1266.0	834.0	591.0	453.0
8	20181107 10:13:05.686	992.0	988.0	108.0	105.0	113.0	62.0	164.0	58.0	2.0	12.0	29.0	1.0	49.0	32.0	4.0	22.0	2.0	0.0	12.0	4.0	91.0	97.0	3.0	116.0	4.0	0.0	0.0	0.0	0.0	0.0	0.0	0.0	0.0	0.0	0.0	0.0	0.0	0.0	0.0	0.0	0.0	3.0	124.0	118.0	136.0	67.0	155.0	95.0	95.0	11.0	85.0	85.0	66.0	91.0	97.0	118.0	136.0	129.0	136.0	131.0	108.0	165.0	145.0	84.0	219.0	214.0	149.0	173.0	173.0	105.0	154.0	140.0	174.0	82.0	146.0	116.0	182.0	137.0	211.0	108.0	149.0	155.0	117.0	156.0	130.0	101.0	183.0	729.0	386.0	372.0
9	20181105 06:37:45.167	285.0	984.0	122.0	178.0	182.0	155.0	150.0	187.0	196.0	152.0	249.0	135.0	188.0	147.0	148.0	205.0	200.0	164.0	238.0	170.0	202.0	328.0	269.0	377.0	142.0	6.0	0.0	0.0	0.0	5.0	1.0	5.0	5.0	0.0	10.0	212.0	0.0	1.0	2.0	3.0	7.0	639.0	710.0	509.0	772.0	731.0	517.0	692.0	753.0	788.0	369.0	1185.0	1184.0	286.0	1149.0	261.0	862.0	1863.0	971.0	1730.0	784.0	283.0	1096.0	744.0	202.0	701.0	637.0	720.0	652.0	719.0	744.0	1050.0	959.0	423.0	167.0	615.0	655.0	624.0	1049.0	809.0	697.0	600.0	620.0	514.0	743.0	799.0	1400.0	954.0	467.0	349.0
10	20181105 05:24:17.213	1265.0	972.0	183.0	169.0	176.0	191.0	160.0	156.0	169.0	169.0	166.0	237.0	180.0	113.0	235.0	253.0	213.0	190.0	207.0	190.0	139.0	186.0	168.0	132.0	141.0	201.0	176.0	216.0	239.0	147.0	193.0	98.0	206.0	211.0	279.0	185.0	178.0	183.0	282.0	345.0	403.0	424.0	360.0	327.0	268.0	263.0	300.0	287.0	379.0	375.0	1015.0	378.0	411.0	475.0	421.0	460.0	392.0	717.0	705.0	929.0	534.0	491.0	1259.0	672.0	226.0	822.0	591.0	637.0	918.0	767.0	535.0	933.0	846.0	555.0	194.0	339.0	402.0	389.0	611.0	740.0	397.0	391.0	359.0	431.0	311.0	365.0	656.0	867.0	501.0	468.0
11	20181107 10:13:05.686	558.0	971.0	166.0	139.0	228.0	241.0	145.0	140.0	129.0	127.0	161.0	115.0	124.0	140.0	178.0	189.0	198.0	148.0	178.0	189.0	122.0	205.0	122.0	162.0	146.0	77.0	158.0	202.0	115.0	182.0	149.0	96.0	150.0	144.0	165.0	163.0	166.0	159.0	203.0	158.0	151.0	136.0	114.0	118.0	142.0	143.0	170.0	151.0	123.0	142.0	141.0	142.0	168.0	140.0	157.0	146.0	132.0	122.0	123.0	190.0	143.0	138.0	104.0	125.0	190.0	135.0	155.0	196.0	158.0	102.0	158.0	175.0	108.0	157.0	138.0	145.0	107.0	170.0	195.0	228.0	164.0	135.0	131.0	148.0	116.0	165.0	209.0	1370.0	468.0	387.0
12	20181107 10:13:05.686	1061.0	946.0	134.0	147.0	164.0	141.0	159.0	122.0	107.0	168.0	165.0	187.0	168.0	121.0	193.0	256.0	181.0	117.0	205.0	146.0	182.0	166.0	143.0	121.0	202.0	234.0	187.0	161.0	141.0	168.0	161.0	129.0	159.0	178.0	189.0	162.0	103.0	139.0	122.0	132.0	131.0	169.0	137.0	131.0	157.0	201.0	173.0	151.0	168.0	157.0	145.0	153.0	224.0	193.0	134.0	108.0	163.0	166.0	119.0	126.0	145.0	124.0	116.0	113.0	104.0	130.0	141.0	168.0	100.0	147.0	128.0	203.0	196.0	170.0	156.0	137.0	169.0	131.0	199.0	134.0	135.0	125.0	142.0	143.0	175.0	106.0	162.0	603.0	287.0	201.0
13	20181104 09:28:51.822	203.0	948.0	129.0	219.0	160.0	154.0	200.0	197.0	224.0	149.0	171.0	170.0	151.0	146.0	158.0	248.0	244.0	197.0	203.0	191.0	189.0	157.0	152.0	112.0	145.0	178.0	158.0	160.0	206.0	189.0	249.0	162.0	188.0	147.0	376.0	235.0	147.0	250.0	244.0	240.0	284.0	682.0	318.0	240.0	353.0	487.0	337.0	631.0	370.0	507.0	529.0	407.0	602.0	273.0	569.0	254.0	294.0	1098.0	521.0	687.0	346.0	299.0	501.0	307.0	169.0	370.0	279.0	240.0	515.0	407.0	323.0	411.0	277.0	322.0	239.0	294.0	220.0	222.0	644.0	324.0	368.0	252.0	331.0	210.0	307.0	240.0	629.0	396.0	396.0	340.0
14	20181102 16:05:36.593	164.0	949.0	206.0	98.0	130.0	156.0	155.0	136.0	169.0	173.0	177.0	126.0	148.0	146.0	175.0	226.0	171.0	154.0	173.0	174.0	142.0	141.0	110.0	179.0	220.0	107.0	122.0	204.0	130.0	152.0	125.0	125.0	166.0	120.0	305.0	177.0	146.0	136.0	173.0	147.0	149.0	164.0	159.0	107.0	174.0	170.0	145.0	135.0	165.0	127.0	162.0	137.0	144.0	141.0	187.0	135.0	136.0	178.0	129.0	112.0	109.0	162.0	131.0	140.0	114.0	153.0	162.0	199.0	118.0	133.0	142.0	216.0	222.0	152.0	124.0	145.0	147.0	141.0	158.0	156.0	186.0	121.0	147.0	175.0	141.0	135.0	344.0	223.0	189.0	181.0
15	20181107 10:13:05.686	596.0	928.0	174.0	89.0	119.0	156.0	168.0	138.0	167.0	111.0	153.0	116.0	193.0	122.0	185.0	126.0	139.0	181.0	175.0	185.0	118.0	179.0	138.0	180.0	216.0	152.0	108.0	161.0	176.0	141.0	128.0	116.0	152.0	141.0	109.0	206.0	156.0	113.0	167.0	148.0	158.0	140.0	153.0	74.0	111.0	113.0	118.0	176.0	195.0	148.0	142.0	121.0	177.0	147.0	121.0	130.0	144.0	131.0	83.0	133.0	107.0	130.0	103.0	92.0	154.0	124.0	92.0	113.0	173.0	141.0	160.0	156.0	144.0	148.0	140.0	96.0	131.0	117.0	186.0	139.0	90.0	120.0	148.0	133.0	136.0	128.0	216.0	1548.0	570.0	412.0
16	20181106 12:26:19.888	9.0	921.0	0.0	0.0	0.0	131.0	175.0	133.0	146.0	167.0	212.0	205.0	196.0	129.0	199.0	231.0	210.0	196.0	186.0	300.0	187.0	235.0	218.0	201.0	177.0	209.0	173.0	233.0	161.0	235.0	217.0	182.0	223.0	168.0	310.0	233.0	218.0	180.0	256.0	274.0	327.0	470.0	275.0	187.0	230.0	303.0	253.0	383.0	2.0	8.0	1.0	0.0	0.0	0.0	0.0	0.0	0.0	0.0	0.0	0.0	0.0	0.0	0.0	0.0	0.0	0.0	0.0	0.0	0.0	0.0	11.0	914.0	784.0	218.0	189.0	929.0	1092.0	1040.0	886.0	629.0	979.0	834.0	884.0	4.0	50.0	0.0	832.0	977.0	494.0	436.0
17	20181107 10:13:05.686	45.0	919.0	129.0	138.0	127.0	86.0	118.0	167.0	133.0	119.0	127.0	139.0	142.0	190.0	183.0	125.0	162.0	120.0	155.0	139.0	122.0	138.0	191.0	138.0	160.0	152.0	114.0	196.0	154.0	123.0	154.0	71.0	156.0	194.0	165.0	179.0	123.0	151.0	140.0	144.0	142.0	132.0	141.0	160.0	181.0	160.0	148.0	153.0	125.0	130.0	153.0	140.0	132.0	128.0	175.0	202.0	159.0	257.0	147.0	152.0	155.0	175.0	160.0	147.0	119.0	157.0	162.0	160.0	174.0	113.0	174.0	168.0	156.0	126.0	124.0	115.0	143.0	224.0	123.0	118.0	136.0	123.0	148.0	144.0	103.0	95.0	148.0	828.0	217.0	288.0
18	20181104 06:59:44.46	946.0	910.0	151.0	172.0	155.0	130.0	173.0	177.0	158.0	169.0	240.0	200.0	219.0	144.0	249.0	358.0	244.0	231.0	231.0	218.0	192.0	248.0	222.0	161.0	211.0	257.0	224.0	308.0	528.0	317.0	435.0	203.0	325.0	340.0	668.0	321.0	322.0	646.0	556.0	745.0	825.0	1289.0	704.0	531.0	484.0	517.0	449.0	492.0	501.0	524.0	1114.0	492.0	651.0	589.0	639.0	495.0	430.0	849.0	615.0	722.0	391.0	537.0	604.0	357.0	224.0	430.0	348.0	407.0	1219.0	627.0	419.0	632.0	628.0	698.0	299.0	408.0	364.0	391.0	509.0	549.0	373.0	322.0	287.0	326.0	401.0	354.0	709.0	615.0	500.0	421.0
19	20181107 10:13:05.686	898.0	904.0	217.0	163.0	201.0	133.0	180.0	106.0	182.0	133.0	164.0	145.0	126.0	179.0	129.0	125.0	146.0	177.0	122.0	82.0	209.0	177.0	138.0	125.0	142.0	181.0	107.0	139.0	146.0	171.0	162.0	94.0	161.0	134.0	196.0	144.0	140.0	124.0	131.0	182.0	161.0	158.0	107.0	135.0	149.0	192.0	112.0	111.0	143.0	160.0	156.0	134.0	105.0	116.0	219.0	146.0	110.0	174.0	111.0	181.0	119.0	133.0	164.0	112.0	93.0	168.0	122.0	130.0	127.0	146.0	126.0	169.0	184.0	149.0	111.0	138.0	130.0	162.0	134.0	99.0	176.0	141.0	107.0	162.0	96.0	71.0	116.0	740.0	346.0	239.0
20	20181103 13:11:37.03	396.0	899.0	251.0	100.0	142.0	208.0	173.0	211.0	151.0	159.0	170.0	108.0	139.0	138.0	162.0	256.0	209.0	224.0	205.0	164.0	131.0	468.0	452.0	295.0	316.0	722.0	517.0	645.0	992.0	797.0	802.0	386.0	817.0	347.0	921.0	324.0	493.0	554.0	427.0	926.0	943.0	748.0	776.0	361.0	434.0	449.0	378.0	410.0	309.0	283.0	265.0	374.0	589.0	192.0	316.0	165.0	224.0	348.0	465.0	470.0	231.0	141.0	498.0	226.0	188.0	261.0	205.0	322.0	356.0	313.0	297.0	471.0	552.0	209.0	163.0	204.0	202.0	174.0	380.0	383.0	223.0	159.0	160.0	148.0	244.0	203.0	572.0	1039.0	563.0	399.0
21	20181107 10:13:05.686	1181.0	897.0	134.0	167.0	176.0	148.0	151.0	163.0	120.0	122.0	194.0	200.0	217.0	117.0	184.0	198.0	129.0	175.0	150.0	183.0	163.0	152.0	136.0	96.0	162.0	166.0	144.0	146.0	193.0	162.0	142.0	123.0	141.0	170.0	180.0	197.0	121.0	137.0	139.0	141.0	166.0	159.0	127.0	98.0	167.0	164.0	141.0	143.0	130.0	102.0	126.0	182.0	150.0	224.0	162.0	117.0	116.0	131.0	144.0	188.0	134.0	127.0	137.0	176.0	120.0	110.0	157.0	165.0	125.0	140.0	147.0	112.0	178.0	122.0	178.0	170.0	126.0	118.0	185.0	165.0	148.0	126.0	170.0	106.0	100.0	131.0	149.0	865.0	601.0	375.0
22	20181104 08:13:28.37	554.0	887.0	231.0	135.0	129.0	185.0	153.0	164.0	122.0	146.0	193.0	196.0	194.0	173.0	226.0	264.0	167.0	197.0	205.0	181.0	230.0	271.0	207.0	196.0	263.0	297.0	289.0	277.0	244.0	293.0	285.0	252.0	268.0	265.0	484.0	453.0	462.0	488.0	432.0	527.0	578.0	604.0	501.0	501.0	480.0	424.0	466.0	596.0	735.0	820.0	764.0	957.0	919.0	592.0	988.0	510.0	833.0	1009.0	894.0	962.0	946.0	386.0	711.0	849.0	351.0	780.0	823.0	897.0	641.0	756.0	814.0	621.0	698.0	408.0	302.0	782.0	761.0	728.0	721.0	680.0	766.0	646.0	661.0	556.0	780.0	669.0	883.0	505.0	529.0	341.0
23	20181104 09:28:51.822	1298.0	891.0	181.0	123.0	142.0	138.0	182.0	197.0	159.0	192.0	139.0	205.0	192.0	150.0	209.0	278.0	203.0	302.0	206.0	173.0	160.0	249.0	181.0	163.0	194.0	239.0	178.0	175.0	296.0	208.0	247.0	171.0	243.0	227.0	453.0	187.0	210.0	267.0	284.0	399.0	462.0	944.0	844.0	592.0	608.0	789.0	574.0	707.0	644.0	643.0	1143.0	683.0	812.0	579.0	637.0	502.0	428.0	1120.0	724.0	879.0	421.0	576.0	742.0	473.0	259.0	496.0	361.0	415.0	1382.0	655.0	516.0	759.0	696.0	849.0	225.0	499.0	368.0	376.0	744.0	586.0	404.0	325.0	362.0	321.0	470.0	369.0	631.0	368.0	400.0	319.0
24	20181104 09:28:51.822	593.0	889.0	160.0	109.0	176.0	155.0	189.0	153.0	172.0	159.0	223.0	142.0	236.0	107.0	208.0	245.0	282.0	209.0	237.0	233.0	150.0	265.0	228.0	171.0	250.0	269.0	269.0	298.0	225.0	314.0	308.0	198.0	387.0	252.0	733.0	347.0	433.0	502.0	446.0	867.0	926.0	1090.0	1133.0	570.0	925.0	1352.0	865.0	1759.0	855.0	1039.0	847.0	902.0	1326.0	382.0	908.0	395.0	535.0	1311.0	1098.0	1338.0	577.0	382.0	1207.0	513.0	229.0	799.0	478.0	584.0	844.0	1030.0	857.0	1214.0	1135.0	524.0	218.0	655.0	485.0	546.0	1210.0	1185.0	551.0	453.0	496.0	427.0	623.0	489.0	1624.0	878.0	598.0	412.0
25	20181105 17:49:19.551	624.0	888.0	104.0	169.0	174.0	187.0	222.0	212.0	215.0	210.0	181.0	137.0	208.0	184.0	175.0	149.0	163.0	166.0	224.0	198.0	154.0	149.0	153.0	155.0	189.0	162.0	184.0	198.0	166.0	189.0	206.0	161.0	144.0	188.0	212.0	227.0	210.0	227.0	225.0	208.0	211.0	209.0	174.0	309.0	245.0	249.0	245.0	207.0	288.0	278.0	238.0	314.0	241.0	207.0	363.0	281.0	454.0	639.0	531.0	754.0	534.0	242.0	865.0	650.0	372.0	503.0	851.0	615.0	241.0	549.0	524.0	1003.0	871.0	253.0	277.0	562.0	585.0	510.0	733.0	531.0	606.0	630.0	615.0	766.0	477.0	593.0	216.0	408.0	231.0	258.0
26	20181105 06:37:45.167	76.0	883.0	154.0	137.0	153.0	203.0	180.0	178.0	212.0	190.0	157.0	214.0	169.0	157.0	190.0	188.0	225.0	236.0	164.0	172.0	169.0	155.0	186.0	113.0	187.0	262.0	290.0	270.0	472.0	440.0	384.0	253.0	333.0	316.0	530.0	254.0	254.0	317.0	347.0	376.0	387.0	497.0	283.0	250.0	349.0	432.0	425.0	427.0	539.0	484.0	274.0	714.0	979.0	331.0	560.0	328.0	658.0	643.0	672.0	711.0	561.0	229.0	674.0	656.0	269.0	450.0	706.0	514.0	243.0	455.0	413.0	715.0	674.0	256.0	219.0	470.0	537.0	420.0	549.0	520.0	426.0	459.0	479.0	578.0	404.0	461.0	283.0	320.0	292.0	212.0
27	20181107 08:57:33.474	121.0	876.0	129.0	177.0	147.0	151.0	173.0	190.0	158.0	165.0	146.0	138.0	142.0	168.0	199.0	191.0	188.0	141.0	195.0	158.0	205.0	159.0	150.0	121.0	163.0	159.0	166.0	192.0	184.0	140.0	138.0	142.0	175.0	142.0	158.0	228.0	213.0	169.0	130.0	132.0	166.0	159.0	161.0	157.0	175.0	89.0	194.0	108.0	137.0	135.0	153.0	229.0	204.0	125.0	174.0	165.0	150.0	135.0	164.0	221.0	156.0	160.0	123.0	138.0	188.0	140.0	169.0	118.0	92.0	148.0	161.0	160.0	120.0	111.0	131.0	140.0	133.0	144.0	160.0	175.0	139.0	115.0	124.0	155.0	158.0	117.0	1355.0	233.0	177.0	192.0
28	20181107 10:13:05.686	1057.0	865.0	136.0	142.0	243.0	124.0	120.0	191.0	129.0	153.0	172.0	136.0	166.0	114.0	138.0	127.0	213.0	190.0	178.0	135.0	127.0	180.0	126.0	111.0	137.0	171.0	159.0	150.0	164.0	180.0	143.0	111.0	173.0	136.0	192.0	130.0	139.0	138.0	116.0	138.0	152.0	166.0	139.0	97.0	138.0	129.0	122.0	134.0	128.0	172.0	192.0	160.0	169.0	112.0	197.0	104.0	134.0	183.0	107.0	194.0	126.0	142.0	171.0	129.0	191.0	151.0	181.0	170.0	114.0	125.0	177.0	223.0	191.0	143.0	225.0	152.0	115.0	108.0	119.0	111.0	141.0	138.0	113.0	112.0	150.0	179.0	172.0	1649.0	482.0	458.0
29	20181105 16:34:25.882	425.0	866.0	167.0	134.0	156.0	139.0	151.0	128.0	184.0	141.0	148.0	155.0	158.0	121.0	148.0	139.0	148.0	100.0	147.0	172.0	124.0	128.0	154.0	122.0	172.0	210.0	181.0	168.0	117.0	179.0	180.0	143.0	174.0	137.0	149.0	258.0	165.0	183.0	176.0	144.0	199.0	252.0	184.0	128.0	188.0	179.0	186.0	242.0	333.0	355.0	227.0	406.0	405.0	177.0	518.0	239.0	1210.0	744.0	882.0	833.0	858.0	235.0	725.0	815.0	216.0	639.0	760.0	822.0	272.0	681.0	682.0	707.0	687.0	228.0	234.0	618.0	698.0	595.0	478.0	637.0	540.0	597.0	594.0	769.0	483.0	582.0	125.0	256.0	148.0	179.0
30	20181103 19:33:05.43	468.0	855.0	141.0	140.0	138.0	264.0	210.0	235.0	168.0	213.0	221.0	149.0	234.0	143.0	196.0	193.0	214.0	232.0	206.0	200.0	191.0	233.0	186.0	198.0	176.0	293.0	354.0	306.0	483.0	594.0	819.0	692.0	813.0	319.0	1070.0	894.0	943.0	884.0	834.0	881.0	946.0	1131.0	943.0	980.0	1053.0	798.0	771.0	638.0	645.0	651.0	505.0	554.0	567.0	319.0	552.0	330.0	466.0	499.0	482.0	530.0	574.0	305.0	621.0	579.0	273.0	459.0	544.0	634.0	387.0	534.0	539.0	637.0	468.0	296.0	276.0	474.0	480.0	467.0	394.0	387.0	536.0	429.0	480.0	393.0	460.0	492.0	571.0	892.0	433.0	438.0
31	20181104 16:58:32.741	901.0	833.0	162.0	167.0	154.0	207.0	209.0	217.0	120.0	170.0	201.0	144.0	160.0	155.0	186.0	217.0	202.0	203.0	180.0	216.0	151.0	310.0	226.0	240.0	168.0	307.0	224.0	271.0	250.0	284.0	307.0	219.0	246.0	162.0	563.0	273.0	345.0	450.0	473.0	677.0	783.0	1181.0	978.0	690.0	999.0	1307.0	915.0	1986.0	1980.0	2055.0	656.0	1887.0	2345.0	360.0	1761.0	374.0	1180.0	2377.0	1993.0	2228.0	1143.0	348.0	1899.0	935.0	301.0	1504.0	933.0	1066.0	871.0	1707.0	1598.0	1765.0	1708.0	384.0	232.0	1234.0	1160.0	1144.0	1887.0	1812.0	1105.0	770.0	795.0	682.0	1188.0	1028.0	1942.0	864.0	528.0	473.0
32	20181104 06:59:44.46	1253.0	816.0	146.0	126.0	164.0	174.0	150.0	177.0	173.0	164.0	177.0	168.0	167.0	204.0	214.0	227.0	182.0	174.0	197.0	217.0	158.0	179.0	220.0	165.0	163.0	239.0	165.0	186.0	222.0	202.0	249.0	280.0	369.0	268.0	799.0	361.0	480.0	711.0	532.0	1444.0	1524.0	1285.0	925.0	518.0	471.0	465.0	562.0	450.0	567.0	441.0	589.0	488.0	549.0	274.0	435.0	305.0	517.0	872.0	568.0	768.0	419.0	250.0	674.0	489.0	189.0	411.0	409.0	471.0	805.0	503.0	465.0	757.0	689.0	367.0	169.0	420.0	435.0	380.0	583.0	602.0	431.0	372.0	382.0	498.0	354.0	387.0	663.0	836.0	487.0	453.0
33	20181107 08:57:33.474	627.0	800.0	202.0	113.0	133.0	132.0	190.0	145.0	133.0	197.0	133.0	124.0	128.0	109.0	140.0	134.0	195.0	158.0	145.0	153.0	138.0	138.0	140.0	120.0	183.0	75.0	173.0	164.0	130.0	117.0	117.0	135.0	126.0	191.0	147.0	130.0	130.0	100.0	123.0	93.0	157.0	162.0	173.0	153.0	165.0	128.0	149.0	181.0	157.0	99.0	132.0	211.0	146.0	116.0	121.0	140.0	155.0	153.0	151.0	145.0	140.0	172.0	114.0	111.0	208.0	188.0	159.0	171.0	147.0	95.0	155.0	186.0	171.0	144.0	128.0	123.0	126.0	93.0	123.0	114.0	148.0	128.0	173.0	145.0	141.0	112.0	1425.0	154.0	180.0	173.0
34	20181105 06:37:45.167	860.0	797.0	162.0	167.0	106.0	176.0	140.0	180.0	193.0	168.0	180.0	158.0	161.0	145.0	204.0	258.0	196.0	214.0	193.0	224.0	168.0	207.0	223.0	148.0	192.0	195.0	158.0	191.0	240.0	231.0	258.0	157.0	347.0	171.0	390.0	256.0	265.0	341.0	318.0	358.0	437.0	413.0	427.0	325.0	393.0	332.0	303.0	480.0	694.0	1006.0	334.0	2811.0	2907.0	312.0	2373.0	416.0	1639.0	2372.0	2493.0	2281.0	1629.0	366.0	2023.0	1352.0	544.0	1979.0	1393.0	1832.0	1719.0	2264.0	2193.0	2172.0	2101.0	986.0	445.0	1771.0	1526.0	1433.0	1711.0	2119.0	1486.0	1236.0	1212.0	881.0	1549.0	1213.0	1934.0	915.0	612.0	430.0
35	20181104 16:58:32.741	77.0	799.0	191.0	121.0	186.0	118.0	188.0	164.0	203.0	153.0	209.0	188.0	200.0	159.0	227.0	253.0	256.0	214.0	278.0	221.0	196.0	237.0	216.0	158.0	161.0	306.0	216.0	287.0	220.0	205.0	285.0	251.0	246.0	116.0	418.0	313.0	305.0	455.0	377.0	457.0	522.0	680.0	577.0	350.0	785.0	1020.0	1033.0	1316.0	860.0	1067.0	402.0	889.0	1269.0	238.0	928.0	262.0	530.0	1431.0	1097.0	1379.0	680.0	257.0	1120.0	659.0	242.0	701.0	629.0	604.0	589.0	1014.0	951.0	1106.0	940.0	323.0	229.0	601.0	513.0	507.0	1023.0	873.0	431.0	416.0	406.0	327.0	596.0	451.0	1504.0	770.0	610.0	440.0
36	20181107 10:13:05.686	390.0	783.0	138.0	158.0	139.0	192.0	130.0	150.0	126.0	164.0	176.0	133.0	194.0	125.0	218.0	202.0	203.0	118.0	175.0	165.0	154.0	225.0	127.0	116.0	125.0	181.0	116.0	189.0	175.0	132.0	156.0	166.0	171.0	161.0	156.0	152.0	133.0	107.0	110.0	137.0	113.0	169.0	129.0	140.0	164.0	162.0	119.0	168.0	138.0	137.0	165.0	138.0	133.0	140.0	149.0	145.0	177.0	159.0	127.0	122.0	136.0	201.0	124.0	159.0	130.0	175.0	165.0	178.0	105.0	164.0	122.0	166.0	118.0	104.0	148.0	161.0	134.0	156.0	188.0	184.0	116.0	135.0	113.0	188.0	134.0	160.0	155.0	1095.0	356.0	309.0
37	20181107 10:13:05.686	351.0	783.0	146.0	142.0	134.0	216.0	187.0	172.0	128.0	138.0	189.0	162.0	192.0	112.0	196.0	251.0	161.0	176.0	181.0	196.0	98.0	155.0	147.0	169.0	162.0	174.0	157.0	140.0	142.0	189.0	149.0	159.0	166.0	124.0	176.0	242.0	106.0	154.0	142.0	162.0	120.0	164.0	306.0	117.0	182.0	171.0	164.0	163.0	132.0	184.0	152.0	171.0	164.0	128.0	184.0	151.0	193.0	145.0	173.0	134.0	115.0	119.0	134.0	172.0	170.0	143.0	173.0	138.0	146.0	155.0	147.0	134.0	186.0	178.0	146.0	128.0	140.0	160.0	131.0	154.0	161.0	96.0	172.0	139.0	128.0	145.0	343.0	989.0	366.0	351.0
38	20181107 10:13:05.686	664.0	767.0	162.0	112.0	183.0	133.0	199.0	123.0	168.0	131.0	161.0	133.0	160.0	134.0	149.0	114.0	190.0	154.0	139.0	180.0	116.0	173.0	136.0	159.0	135.0	171.0	166.0	120.0	187.0	150.0	134.0	136.0	144.0	163.0	184.0	132.0	156.0	168.0	148.0	157.0	116.0	139.0	109.0	141.0	118.0	164.0	133.0	124.0	164.0	195.0	118.0	170.0	131.0	139.0	174.0	145.0	112.0	125.0	199.0	182.0	153.0	97.0	159.0	132.0	171.0	142.0	143.0	147.0	151.0	134.0	134.0	185.0	125.0	155.0	140.0	158.0	113.0	125.0	144.0	133.0	173.0	155.0	175.0	93.0	208.0	161.0	154.0	520.0	392.0	259.0
39	20181107 10:13:05.686	270.0	751.0	150.0	165.0	177.0	153.0	220.0	155.0	137.0	127.0	125.0	142.0	167.0	130.0	199.0	141.0	152.0	175.0	157.0	140.0	191.0	184.0	151.0	146.0	132.0	230.0	185.0	166.0	189.0	142.0	152.0	148.0	145.0	146.0	151.0	168.0	152.0	185.0	140.0	148.0	143.0	177.0	149.0	123.0	179.0	139.0	105.0	127.0	171.0	167.0	189.0	163.0	102.0	126.0	98.0	131.0	125.0	131.0	146.0	163.0	124.0	186.0	205.0	156.0	128.0	127.0	117.0	223.0	154.0	170.0	170.0	160.0	175.0	120.0	109.0	94.0	163.0	104.0	133.0	220.0	139.0	120.0	104.0	168.0	175.0	123.0	209.0	1220.0	488.0	418.0
40	20181104 09:28:51.822	1131.0	743.0	129.0	164.0	170.0	169.0	131.0	162.0	191.0	124.0	200.0	152.0	208.0	204.0	244.0	306.0	239.0	234.0	202.0	171.0	167.0	317.0	252.0	182.0	267.0	281.0	222.0	259.0	477.0	401.0	563.0	250.0	378.0	266.0	1090.0	381.0	874.0	745.0	727.0	874.0	1007.0	2086.0	891.0	584.0	740.0	729.0	560.0	676.0	624.0	654.0	1105.0	569.0	666.0	587.0	577.0	530.0	424.0	1391.0	628.0	975.0	436.0	651.0	741.0	429.0	229.0	455.0	371.0	343.0	1390.0	652.0	556.0	721.0	663.0	877.0	256.0	324.0	362.0	330.0	692.0	461.0	398.0	300.0	406.0	300.0	378.0	363.0	683.0	484.0	453.0	282.0
41	20181107 10:13:05.686	660.0	730.0	202.0	90.0	159.0	168.0	160.0	134.0	112.0	131.0	135.0	162.0	139.0	142.0	234.0	182.0	173.0	188.0	131.0	131.0	136.0	210.0	129.0	132.0	151.0	131.0	143.0	139.0	119.0	164.0	194.0	111.0	194.0	213.0	162.0	142.0	134.0	120.0	122.0	133.0	183.0	147.0	191.0	133.0	136.0	176.0	131.0	181.0	134.0	130.0	168.0	120.0	191.0	151.0	137.0	133.0	127.0	156.0	128.0	148.0	128.0	122.0	132.0	159.0	173.0	106.0	130.0	194.0	158.0	149.0	164.0	186.0	176.0	99.0	153.0	144.0	104.0	149.0	162.0	206.0	117.0	148.0	108.0	158.0	109.0	158.0	200.0	1828.0	510.0	445.0
42	20181104 09:28:51.822	1366.0	733.0	167.0	119.0	89.0	156.0	154.0	126.0	146.0	155.0	149.0	167.0	203.0	169.0	230.0	183.0	206.0	213.0	154.0	205.0	161.0	0.0	0.0	0.0	0.0	0.0	112.0	167.0	310.0	195.0	419.0	366.0	484.0	324.0	507.0	290.0	277.0	277.0	427.0	431.0	415.0	705.0	411.0	321.0	216.0	274.0	230.0	253.0	305.0	270.0	531.0	287.0	294.0	343.0	310.0	330.0	236.0	534.0	421.0	594.0	321.0	291.0	532.0	400.0	246.0	348.0	329.0	315.0	668.0	578.0	476.0	844.0	692.0	525.0	222.0	486.0	492.0	524.0	908.0	1014.0	523.0	536.0	563.0	518.0	643.0	571.0	1064.0	715.0	489.0	400.0
43	20181104 08:13:28.37	1312.0	707.0	212.0	141.0	148.0	161.0	159.0	164.0	135.0	128.0	137.0	193.0	159.0	153.0	150.0	107.0	120.0	157.0	151.0	133.0	98.0	155.0	213.0	160.0	200.0	102.0	128.0	195.0	151.0	92.0	116.0	155.0	186.0	171.0	195.0	240.0	272.0	430.0	580.0	461.0	635.0	715.0	744.0	996.0	907.0	909.0	983.0	863.0	1168.0	1162.0	419.0	926.0	627.0	295.0	732.0	335.0	910.0	812.0	707.0	833.0	845.0	192.0	701.0	795.0	261.0	699.0	809.0	759.0	295.0	661.0	602.0	698.0	616.0	268.0	308.0	596.0	630.0	640.0	612.0	479.0	630.0	702.0	736.0	710.0	606.0	646.0	138.0	134.0	136.0	171.0
44	20181107 10:13:05.686	1089.0	706.0	109.0	138.0	117.0	134.0	214.0	137.0	124.0	207.0	198.0	150.0	154.0	147.0	164.0	166.0	136.0	213.0	225.0	170.0	110.0	233.0	170.0	147.0	148.0	138.0	146.0	180.0	168.0	152.0	127.0	114.0	152.0	175.0	241.0	168.0	130.0	160.0	194.0	134.0	154.0	184.0	171.0	109.0	107.0	143.0	202.0	151.0	139.0	107.0	128.0	149.0	127.0	103.0	187.0	198.0	124.0	203.0	122.0	156.0	119.0	143.0	129.0	115.0	186.0	118.0	118.0	165.0	131.0	143.0	140.0	186.0	125.0	117.0	180.0	125.0	149.0	111.0	154.0	184.0	145.0	119.0	153.0	134.0	134.0	149.0	307.0	1690.0	625.0	436.0
45	20181107 10:13:05.686	538.0	697.0	162.0	154.0	165.0	216.0	254.0	157.0	183.0	148.0	154.0	156.0	207.0	93.0	179.0	192.0	183.0	172.0	192.0	212.0	144.0	167.0	140.0	128.0	182.0	166.0	145.0	187.0	163.0	183.0	193.0	125.0	179.0	122.0	147.0	137.0	168.0	163.0	108.0	149.0	155.0	125.0	196.0	148.0	137.0	143.0	145.0	142.0	151.0	128.0	135.0	206.0	171.0	108.0	150.0	140.0	120.0	137.0	119.0	207.0	152.0	140.0	167.0	192.0	151.0	129.0	175.0	131.0	138.0	161.0	145.0	207.0	179.0	90.0	105.0	136.0	130.0	148.0	141.0	186.0	133.0	137.0	131.0	169.0	168.0	127.0	188.0	1083.0	391.0	424.0
46	20181102 14:51:06.373	580.0	693.0	144.0	148.0	138.0	163.0	189.0	200.0	167.0	145.0	240.0	235.0	305.0	307.0	731.0	969.0	569.0	713.0	515.0	534.0	420.0	472.0	338.0	281.0	272.0	446.0	378.0	465.0	848.0	448.0	647.0	251.0	385.0	243.0	627.0	225.0	247.0	247.0	253.0	412.0	346.0	865.0	408.0	239.0	267.0	346.0	278.0	342.0	273.0	277.0	511.0	324.0	347.0	279.0	281.0	233.0	263.0	528.0	326.0	427.0	209.0	195.0	336.0	186.0	185.0	239.0	247.0	222.0	598.0	261.0	311.0	367.0	320.0	328.0	192.0	228.0	244.0	246.0	511.0	244.0	223.0	203.0	261.0	170.0	307.0	206.0	458.0	363.0	331.0	294.0
47	20181107 10:13:05.686	304.0	670.0	165.0	148.0	162.0	151.0	157.0	185.0	153.0	160.0	148.0	193.0	160.0	129.0	155.0	210.0	212.0	170.0	190.0	143.0	112.0	180.0	150.0	129.0	179.0	179.0	123.0	238.0	181.0	164.0	234.0	109.0	132.0	160.0	133.0	196.0	117.0	131.0	199.0	130.0	142.0	229.0	137.0	109.0	171.0	170.0	87.0	194.0	141.0	196.0	158.0	175.0	208.0	186.0	131.0	125.0	151.0	175.0	170.0	164.0	184.0	177.0	166.0	116.0	76.0	134.0	138.0	170.0	208.0	125.0	133.0	165.0	139.0	126.0	129.0	108.0	174.0	204.0	141.0	174.0	158.0	128.0	162.0	172.0	131.0	150.0	189.0	1314.0	344.0	392.0
48	20181104 11:58:13.150	1169.0	666.0	152.0	127.0	146.0	144.0	104.0	145.0	113.0	120.0	157.0	91.0	166.0	123.0	158.0	169.0	155.0	162.0	180.0	163.0	156.0	183.0	152.0	161.0	135.0	172.0	175.0	116.0	179.0	151.0	153.0	283.0	281.0	167.0	238.0	276.0	311.0	353.0	395.0	378.0	424.0	381.0	576.0	911.0	566.0	607.0	609.0	551.0	571.0	506.0	196.0	503.0	460.0	185.0	604.0	172.0	636.0	453.0	435.0	422.0	552.0	161.0	342.0	440.0	130.0	536.0	538.0	539.0	206.0	467.0	463.0	450.0	435.0	185.0	210.0	674.0	690.0	666.0	499.0	491.0	725.0	690.0	718.0	580.0	717.0	646.0	109.0	267.0	177.0	148.0
49	20181104 09:28:51.822	1127.0	666.0	149.0	182.0	176.0	242.0	126.0	177.0	158.0	171.0	215.0	182.0	175.0	207.0	317.0	306.0	199.0	218.0	223.0	201.0	137.0	237.0	212.0	166.0	204.0	225.0	183.0	178.0	313.0	197.0	255.0	179.0	204.0	197.0	301.0	236.0	220.0	235.0	209.0	270.0	429.0	534.0	327.0	218.0	335.0	314.0	354.0	442.0	484.0	468.0	751.0	326.0	364.0	373.0	334.0	372.0	352.0	644.0	403.0	409.0	343.0	345.0	418.0	309.0	320.0	307.0	289.0	298.0	771.0	368.0	308.0	492.0	461.0	587.0	316.0	304.0	312.0	343.0	485.0	408.0	387.0	418.0	386.0	370.0	376.0	359.0	340.0	538.0	467.0	369.0
50	20181107 10:13:05.686	459.0	661.0	189.0	126.0	142.0	177.0	191.0	173.0	196.0	192.0	146.0	134.0	157.0	169.0	239.0	159.0	187.0	177.0	173.0	174.0	177.0	186.0	131.0	114.0	193.0	140.0	140.0	140.0	170.0	146.0	136.0	167.0	172.0	148.0	120.0	134.0	150.0	117.0	157.0	165.0	128.0	146.0	131.0	140.0	156.0	145.0	138.0	160.0	143.0	185.0	154.0	146.0	105.0	108.0	168.0	156.0	101.0	219.0	177.0	213.0	140.0	146.0	119.0	171.0	156.0	135.0	128.0	185.0	146.0	134.0	127.0	157.0	208.0	125.0	167.0	142.0	171.0	184.0	122.0	110.0	152.0	102.0	203.0	168.0	187.0	125.0	179.0	1072.0	380.0	377.0
51	20181105 16:34:25.882	1204.0	660.0	157.0	139.0	198.0	189.0	218.0	123.0	200.0	245.0	245.0	196.0	219.0	198.0	232.0	292.0	227.0	147.0	172.0	156.0	184.0	254.0	186.0	135.0	180.0	121.0	190.0	149.0	187.0	199.0	135.0	171.0	204.0	193.0	147.0	161.0	162.0	184.0	168.0	164.0	159.0	167.0	178.0	164.0	186.0	222.0	150.0	150.0	156.0	222.0	175.0	291.0	295.0	216.0	309.0	194.0	425.0	603.0	250.0	325.0	215.0	233.0	341.0	275.0	168.0	282.0	273.0	277.0	521.0	255.0	298.0	408.0	354.0	615.0	274.0	260.0	274.0	264.0	371.0	358.0	278.0	242.0	352.0	233.0	202.0	279.0	321.0	585.0	505.0	360.0
52	20181107 10:13:05.686	539.0	657.0	165.0	163.0	146.0	173.0	213.0	155.0	149.0	128.0	151.0	121.0	190.0	160.0	139.0	189.0	170.0	165.0	187.0	133.0	125.0	225.0	130.0	123.0	149.0	193.0	193.0	165.0	135.0	143.0	165.0	148.0	154.0	126.0	159.0	157.0	141.0	154.0	160.0	202.0	150.0	151.0	162.0	139.0	141.0	150.0	166.0	149.0	167.0	139.0	187.0	154.0	146.0	160.0	145.0	157.0	123.0	148.0	165.0	125.0	117.0	108.0	156.0	114.0	111.0	169.0	189.0	149.0	143.0	155.0	181.0	212.0	185.0	89.0	200.0	154.0	126.0	133.0	150.0	176.0	159.0	140.0	128.0	104.0	177.0	145.0	208.0	1869.0	802.0	646.0
53	20181103 10:43:01.295	104.0	642.0	131.0	219.0	138.0	227.0	159.0	189.0	191.0	194.0	186.0	203.0	247.0	204.0	216.0	206.0	273.0	222.0	201.0	264.0	292.0	803.0	745.0	1209.0	206.0	884.0	905.0	783.0	736.0	887.0	1110.0	1389.0	1028.0	257.0	1201.0	637.0	1205.0	1523.0	1447.0	883.0	1079.0	1079.0	1064.0	1088.0	1364.0	1408.0	1318.0	1390.0	1350.0	1326.0	374.0	1162.0	1104.0	232.0	948.0	198.0	911.0	1297.0	778.0	1288.0	818.0	184.0	1130.0	779.0	217.0	835.0	699.0	813.0	515.0	823.0	812.0	983.0	877.0	205.0	171.0	711.0	841.0	704.0	958.0	733.0	636.0	689.0	630.0	520.0	615.0	675.0	1097.0	878.0	533.0	392.0
54	20181107 10:13:05.686	1083.0	629.0	216.0	135.0	144.0	161.0	223.0	193.0	173.0	139.0	213.0	137.0	220.0	142.0	218.0	166.0	156.0	184.0	225.0	193.0	164.0	200.0	186.0	112.0	195.0	199.0	150.0	138.0	154.0	142.0	220.0	121.0	147.0	135.0	179.0	175.0	161.0	189.0	138.0	213.0	199.0	174.0	143.0	136.0	158.0	117.0	144.0	139.0	135.0	161.0	178.0	158.0	164.0	162.0	153.0	147.0	182.0	168.0	113.0	164.0	91.0	161.0	135.0	183.0	150.0	192.0	153.0	155.0	219.0	134.0	161.0	151.0	160.0	151.0	147.0	139.0	138.0	140.0	218.0	165.0	109.0	149.0	138.0	199.0	101.0	141.0	212.0	961.0	893.0	510.0
55	20181107 08:57:33.474	1163.0	624.0	123.0	130.0	125.0	194.0	193.0	126.0	136.0	166.0	186.0	143.0	138.0	160.0	175.0	158.0	234.0	145.0	199.0	170.0	131.0	181.0	146.0	133.0	175.0	118.0	149.0	166.0	148.0	195.0	197.0	142.0	171.0	121.0	183.0	153.0	188.0	144.0	148.0	164.0	169.0	109.0	136.0	190.0	109.0	121.0	136.0	120.0	163.0	115.0	136.0	179.0	151.0	125.0	188.0	175.0	189.0	178.0	183.0	109.0	110.0	154.0	120.0	184.0	131.0	112.0	123.0	164.0	143.0	113.0	136.0	164.0	148.0	125.0	164.0	162.0	125.0	124.0	123.0	200.0	105.0	195.0	94.0	100.0	91.0	132.0	1154.0	892.0	411.0	324.0
56	20181107 10:13:05.686	691.0	609.0	166.0	230.0	159.0	164.0	150.0	208.0	150.0	160.0	139.0	151.0	155.0	159.0	186.0	181.0	191.0	138.0	197.0	164.0	128.0	155.0	161.0	121.0	252.0	136.0	113.0	153.0	217.0	127.0	167.0	120.0	133.0	143.0	132.0	160.0	157.0	132.0	179.0	147.0	155.0	141.0	171.0	109.0	183.0	134.0	166.0	174.0	168.0	114.0	151.0	152.0	152.0	182.0	152.0	152.0	166.0	169.0	107.0	144.0	139.0	116.0	163.0	121.0	209.0	186.0	151.0	150.0	180.0	166.0	136.0	161.0	194.0	157.0	156.0	136.0	164.0	90.0	151.0	149.0	171.0	133.0	192.0	149.0	153.0	138.0	252.0	813.0	420.0	349.0
57	20181107 10:13:05.686	847.0	601.0	185.0	154.0	142.0	141.0	169.0	141.0	148.0	187.0	141.0	159.0	204.0	140.0	173.0	176.0	192.0	164.0	134.0	189.0	141.0	163.0	115.0	129.0	208.0	111.0	143.0	190.0	183.0	201.0	199.0	163.0	184.0	130.0	131.0	178.0	132.0	143.0	137.0	136.0	210.0	138.0	139.0	120.0	170.0	181.0	146.0	147.0	127.0	171.0	173.0	178.0	181.0	125.0	124.0	183.0	194.0	179.0	149.0	134.0	163.0	193.0	152.0	139.0	166.0	105.0	172.0	185.0	128.0	183.0	142.0	176.0	165.0	111.0	112.0	122.0	212.0	182.0	151.0	207.0	114.0	110.0	148.0	139.0	158.0	122.0	316.0	1533.0	682.0	487.0
58	20181103 13:11:37.03	101.0	603.0	177.0	158.0	166.0	132.0	165.0	141.0	157.0	176.0	185.0	200.0	164.0	166.0	212.0	241.0	209.0	298.0	229.0	237.0	188.0	208.0	177.0	289.0	178.0	1067.0	1151.0	1309.0	1637.0	1686.0	1682.0	1254.0	1812.0	257.0	1658.0	777.0	845.0	1175.0	1092.0	1686.0	1937.0	1682.0	1884.0	1004.0	1107.0	1164.0	895.0	1043.0	918.0	1005.0	206.0	899.0	1012.0	185.0	905.0	238.0	872.0	944.0	890.0	929.0	767.0	165.0	879.0	690.0	262.0	745.0	846.0	763.0	231.0	940.0	809.0	909.0	848.0	203.0	252.0	791.0	749.0	666.0	995.0	895.0	735.0	716.0	648.0	673.0	603.0	673.0	1064.0	968.0	483.0	390.0
59	20181107 10:13:05.686	1201.0	573.0	179.0	144.0	147.0	144.0	183.0	137.0	139.0	159.0	121.0	160.0	179.0	167.0	110.0	136.0	130.0	147.0	148.0	137.0	80.0	167.0	159.0	130.0	133.0	164.0	194.0	162.0	156.0	119.0	182.0	149.0	158.0	160.0	211.0	238.0	156.0	85.0	175.0	150.0	123.0	96.0	119.0	116.0	152.0	157.0	119.0	129.0	129.0	127.0	156.0	138.0	84.0	99.0	92.0	134.0	115.0	160.0	141.0	137.0	174.0	139.0	104.0	88.0	122.0	157.0	133.0	135.0	92.0	103.0	171.0	125.0	120.0	135.0	109.0	112.0	121.0	114.0	100.0	183.0	172.0	115.0	111.0	167.0	140.0	141.0	200.0	549.0	312.0	282.0
60	20181103 17:02:33.583	963.0	596.0	198.0	158.0	186.0	206.0	149.0	151.0	148.0	191.0	163.0	155.0	212.0	160.0	249.0	246.0	188.0	224.0	261.0	318.0	356.0	537.0	506.0	412.0	518.0	805.0	510.0	797.0	1924.0	737.0	1359.0	563.0	599.0	323.0	722.0	282.0	324.0	527.0	403.0	480.0	610.0	801.0	507.0	387.0	324.0	358.0	438.0	401.0	405.0	382.0	424.0	387.0	422.0	318.0	303.0	229.0	333.0	771.0	352.0	595.0	328.0	291.0	521.0	347.0	217.0	397.0	275.0	266.0	612.0	350.0	301.0	516.0	483.0	358.0	175.0	225.0	301.0	245.0	481.0	383.0	262.0	197.0	235.0	237.0	244.0	263.0	507.0	441.0	394.0	295.0
61	20181104 02:01:46.337	299.0	590.0	138.0	175.0	177.0	150.0	194.0	176.0	219.0	206.0	248.0	221.0	208.0	211.0	231.0	290.0	265.0	204.0	239.0	196.0	217.0	226.0	273.0	191.0	153.0	235.0	263.0	220.0	304.0	237.0	284.0	289.0	495.0	201.0	745.0	1375.0	1085.0	870.0	839.0	845.0	931.0	1030.0	939.0	917.0	994.0	1075.0	912.0	1027.0	1194.0	1148.0	417.0	1112.0	1124.0	225.0	963.0	177.0	868.0	973.0	931.0	916.0	862.0	120.0	859.0	749.0	217.0	781.0	694.0	736.0	314.0	903.0	863.0	791.0	674.0	212.0	162.0	802.0	816.0	818.0	714.0	710.0	828.0	640.0	743.0	634.0	650.0	662.0	664.0	1180.0	485.0	457.0
62	20181107 10:13:05.686	688.0	569.0	176.0	174.0	159.0	161.0	117.0	174.0	178.0	226.0	171.0	173.0	143.0	125.0	204.0	204.0	138.0	178.0	187.0	150.0	130.0	187.0	126.0	139.0	179.0	180.0	127.0	193.0	198.0	114.0	170.0	139.0	188.0	128.0	124.0	208.0	179.0	123.0	147.0	176.0	158.0	190.0	122.0	152.0	136.0	175.0	172.0	156.0	131.0	137.0	105.0	143.0	168.0	154.0	152.0	163.0	208.0	175.0	157.0	151.0	155.0	145.0	129.0	96.0	120.0	131.0	153.0	172.0	122.0	155.0	143.0	175.0	178.0	109.0	174.0	169.0	117.0	143.0	112.0	148.0	136.0	167.0	139.0	147.0	131.0	118.0	154.0	940.0	656.0	437.0
63	20181107 10:13:05.686	450.0	543.0	177.0	153.0	125.0	116.0	150.0	167.0	155.0	171.0	140.0	175.0	179.0	136.0	211.0	196.0	129.0	191.0	154.0	189.0	179.0	209.0	113.0	130.0	232.0	135.0	149.0	163.0	188.0	166.0	167.0	196.0	228.0	159.0	146.0	176.0	171.0	142.0	175.0	132.0	166.0	166.0	160.0	159.0	127.0	126.0	124.0	142.0	135.0	133.0	160.0	194.0	184.0	56.0	133.0	198.0	160.0	121.0	153.0	167.0	146.0	154.0	116.0	101.0	168.0	168.0	137.0	151.0	175.0	188.0	169.0	187.0	180.0	98.0	113.0	138.0	245.0	118.0	158.0	180.0	249.0	128.0	143.0	177.0	141.0	164.0	161.0	1479.0	421.0	414.0
64	20181105 07:50:50.437	1233.0	541.0	122.0	159.0	142.0	143.0	145.0	191.0	184.0	140.0	163.0	111.0	206.0	191.0	203.0	269.0	290.0	366.0	254.0	268.0	211.0	339.0	315.0	256.0	179.0	393.0	312.0	361.0	666.0	335.0	566.0	327.0	491.0	253.0	826.0	316.0	421.0	545.0	455.0	574.0	506.0	1078.0	543.0	378.0	507.0	578.0	453.0	525.0	699.0	921.0	590.0	1069.0	1188.0	348.0	1217.0	350.0	1194.0	1950.0	2235.0	1505.0	1306.0	372.0	1014.0	1100.0	435.0	1398.0	818.0	1157.0	836.0	1572.0	1503.0	1025.0	1095.0	499.0	325.0	1172.0	937.0	1024.0	1042.0	1378.0	1051.0	789.0	734.0	574.0	1191.0	941.0	939.0	881.0	473.0	435.0
65	20181107 08:57:33.474	265.0	535.0	139.0	127.0	149.0	179.0	127.0	146.0	90.0	157.0	145.0	155.0	119.0	166.0	153.0	127.0	151.0	101.0	135.0	113.0	157.0	118.0	120.0	119.0	146.0	108.0	104.0	163.0	122.0	111.0	118.0	114.0	121.0	130.0	132.0	134.0	166.0	132.0	170.0	136.0	120.0	108.0	144.0	133.0	143.0	196.0	122.0	137.0	103.0	88.0	222.0	189.0	109.0	183.0	125.0	181.0	161.0	111.0	158.0	176.0	112.0	123.0	172.0	121.0	124.0	172.0	139.0	131.0	151.0	144.0	112.0	150.0	94.0	93.0	178.0	157.0	133.0	126.0	127.0	132.0	129.0	163.0	147.0	190.0	75.0	128.0	471.0	214.0	168.0	164.0
66	20181104 01:47:32.654	331.0	507.0	167.0	139.0	183.0	186.0	294.0	170.0	153.0	192.0	179.0	204.0	172.0	208.0	219.0	280.0	201.0	255.0	210.0	221.0	181.0	247.0	241.0	224.0	169.0	337.0	221.0	254.0	259.0	326.0	426.0	550.0	627.0	245.0	1207.0	913.0	1024.0	1070.0	1052.0	919.0	1174.0	1400.0	1065.0	719.0	1159.0	1401.0	861.0	1156.0	795.0	934.0	500.0	1096.0	1317.0	210.0	955.0	243.0	742.0	1250.0	1050.0	973.0	645.0	242.0	689.0	551.0	244.0	693.0	529.0	613.0	504.0	803.0	742.0	592.0	631.0	349.0	213.0	575.0	553.0	580.0	691.0	799.0	574.0	475.0	493.0	453.0	636.0	468.0	710.0	1437.0	492.0	399.0
67	20181107 10:13:05.686	1075.0	511.0	121.0	118.0	176.0	130.0	246.0	152.0	149.0	156.0	193.0	145.0	156.0	93.0	172.0	131.0	174.0	144.0	156.0	128.0	174.0	131.0	192.0	133.0	201.0	152.0	149.0	171.0	132.0	146.0	141.0	125.0	177.0	130.0	231.0	147.0	142.0	169.0	159.0	154.0	177.0	150.0	145.0	151.0	153.0	115.0	152.0	130.0	138.0	171.0	169.0	201.0	152.0	129.0	186.0	133.0	119.0	147.0	137.0	110.0	186.0	104.0	175.0	141.0	95.0	157.0	130.0	249.0	139.0	157.0	164.0	184.0	191.0	145.0	138.0	77.0	123.0	166.0	139.0	107.0	188.0	125.0	165.0	160.0	120.0	149.0	183.0	1155.0	552.0	424.0
68	20181105 07:50:50.437	605.0	495.0	198.0	120.0	110.0	131.0	172.0	150.0	161.0	152.0	214.0	155.0	188.0	186.0	204.0	238.0	215.0	189.0	192.0	249.0	167.0	245.0	143.0	112.0	164.0	205.0	118.0	181.0	208.0	192.0	229.0	169.0	176.0	190.0	319.0	157.0	178.0	180.0	198.0	232.0	228.0	571.0	272.0	242.0	303.0	406.0	281.0	420.0	327.0	478.0	531.0	773.0	1184.0	340.0	795.0	342.0	465.0	1800.0	874.0	1407.0	486.0	281.0	981.0	488.0	164.0	581.0	384.0	526.0	799.0	643.0	755.0	900.0	689.0	348.0	186.0	476.0	492.0	395.0	1232.0	578.0	496.0	368.0	420.0	337.0	455.0	450.0	1082.0	447.0	546.0	385.0
69	20181105 01:40:14.05	723.0	490.0	168.0	224.0	168.0	187.0	116.0	203.0	176.0	187.0	187.0	184.0	164.0	182.0	225.0	266.0	239.0	232.0	225.0	238.0	300.0	465.0	401.0	373.0	450.0	444.0	311.0	449.0	899.0	550.0	591.0	393.0	443.0	412.0	580.0	262.0	360.0	374.0	428.0	469.0	541.0	648.0	511.0	378.0	439.0	451.0	985.0	1006.0	1342.0	1476.0	547.0	2352.0	2521.0	461.0	2077.0	435.0	1855.0	1917.0	1846.0	1958.0	1755.0	366.0	1567.0	1653.0	331.0	1784.0	1423.0	1876.0	623.0	1540.0	1626.0	1556.0	1412.0	478.0	289.0	1518.0	1673.0	1453.0	1423.0	1481.0	1502.0	1332.0	1299.0	889.0	1482.0	1298.0	1199.0	1082.0	662.0	550.0
70	20181105 04:10:04.151	878.0	483.0	151.0	145.0	161.0	190.0	149.0	148.0	167.0	161.0	165.0	136.0	193.0	174.0	219.0	314.0	265.0	279.0	240.0	239.0	198.0	304.0	225.0	119.0	212.0	215.0	186.0	235.0	256.0	283.0	262.0	218.0	210.0	194.0	509.0	209.0	259.0	239.0	227.0	321.0	479.0	871.0	575.0	358.0	597.0	683.0	479.0	681.0	856.0	935.0	789.0	869.0	852.0	291.0	846.0	343.0	588.0	1663.0	681.0	1446.0	533.0	333.0	1120.0	467.0	197.0	590.0	404.0	552.0	744.0	517.0	499.0	1111.0	846.0	372.0	182.0	523.0	493.0	541.0	1115.0	588.0	448.0	365.0	371.0	358.0	451.0	482.0	1017.0	637.0	564.0	402.0
71	20181105 05:24:17.213	955.0	478.0	131.0	170.0	166.0	181.0	143.0	136.0	123.0	170.0	156.0	169.0	231.0	185.0	201.0	244.0	201.0	262.0	219.0	210.0	124.0	211.0	154.0	134.0	193.0	234.0	151.0	249.0	294.0	149.0	192.0	112.0	163.0	203.0	303.0	199.0	172.0	177.0	180.0	262.0	206.0	392.0	239.0	185.0	244.0	197.0	256.0	284.0	421.0	378.0	838.0	433.0	434.0	442.0	316.0	360.0	242.0	643.0	424.0	388.0	214.0	372.0	309.0	221.0	229.0	263.0	359.0	254.0	739.0	272.0	252.0	322.0	398.0	506.0	196.0	205.0	149.0	174.0	288.0	286.0	201.0	215.0	211.0	195.0	213.0	228.0	268.0	414.0	335.0	304.0
72	20181107 08:57:33.474	289.0	476.0	184.0	123.0	122.0	177.0	218.0	162.0	167.0	190.0	169.0	161.0	188.0	152.0	154.0	165.0	169.0	191.0	159.0	180.0	114.0	149.0	147.0	134.0	127.0	128.0	148.0	185.0	219.0	183.0	182.0	162.0	93.0	196.0	167.0	169.0	145.0	135.0	171.0	192.0	158.0	146.0	111.0	69.0	184.0	161.0	180.0	116.0	136.0	102.0	121.0	161.0	118.0	105.0	157.0	169.0	180.0	177.0	182.0	146.0	106.0	231.0	172.0	136.0	125.0	148.0	98.0	152.0	122.0	153.0	233.0	161.0	169.0	119.0	133.0	167.0	80.0	100.0	200.0	170.0	138.0	169.0	141.0	121.0	165.0	111.0	1359.0	206.0	227.0	193.0
73	20181104 20:42:19.212	52.0	449.0	88.0	164.0	204.0	193.0	204.0	217.0	200.0	268.0	230.0	249.0	257.0	214.0	270.0	272.0	252.0	195.0	266.0	235.0	213.0	225.0	176.0	215.0	189.0	213.0	309.0	298.0	251.0	236.0	253.0	221.0	280.0	149.0	430.0	270.0	303.0	348.0	362.0	406.0	533.0	718.0	455.0	454.0	566.0	627.0	652.0	1044.0	810.0	793.0	417.0	668.0	444.0	181.0	481.0	225.0	479.0	957.0	581.0	957.0	621.0	198.0	992.0	749.0	253.0	717.0	900.0	850.0	384.0	919.0	991.0	1315.0	1383.0	279.0	288.0	1622.0	1497.0	1323.0	1582.0	1455.0	1141.0	1065.0	1155.0	1245.0	932.0	962.0	969.0	435.0	388.0	330.0
74	20181105 17:49:19.551	797.0	448.0	214.0	138.0	172.0	152.0	171.0	121.0	180.0	197.0	173.0	169.0	173.0	186.0	210.0	273.0	227.0	189.0	241.0	220.0	188.0	227.0	232.0	137.0	231.0	177.0	202.0	234.0	260.0	160.0	186.0	175.0	228.0	183.0	264.0	178.0	136.0	222.0	178.0	247.0	229.0	243.0	224.0	170.0	208.0	272.0	202.0	245.0	287.0	335.0	588.0	318.0	469.0	450.0	425.0	509.0	402.0	991.0	587.0	506.0	299.0	484.0	495.0	416.0	251.0	427.0	377.0	483.0	932.0	700.0	606.0	529.0	655.0	471.0	272.0	459.0	423.0	509.0	569.0	633.0	572.0	429.0	493.0	522.0	888.0	628.0	910.0	1126.0	577.0	531.0
75	20181107 10:13:05.686	875.0	444.0	175.0	101.0	144.0	155.0	200.0	156.0	148.0	134.0	158.0	135.0	123.0	105.0	150.0	180.0	176.0	143.0	172.0	174.0	150.0	221.0	176.0	149.0	213.0	143.0	115.0	146.0	191.0	92.0	150.0	95.0	154.0	124.0	146.0	140.0	130.0	165.0	200.0	165.0	118.0	120.0	115.0	157.0	154.0	137.0	96.0	172.0	125.0	117.0	111.0	171.0	115.0	115.0	130.0	113.0	152.0	162.0	123.0	128.0	125.0	144.0	128.0	117.0	230.0	128.0	127.0	112.0	153.0	94.0	152.0	125.0	156.0	159.0	151.0	122.0	105.0	139.0	141.0	106.0	122.0	145.0	138.0	162.0	130.0	125.0	249.0	1307.0	451.0	449.0
76	20181105 05:24:17.213	834.0	445.0	149.0	151.0	155.0	174.0	163.0	231.0	176.0	154.0	169.0	209.0	166.0	190.0	223.0	183.0	182.0	280.0	172.0	217.0	147.0	270.0	239.0	147.0	213.0	174.0	172.0	191.0	220.0	259.0	234.0	137.0	165.0	173.0	335.0	193.0	160.0	149.0	152.0	267.0	220.0	507.0	318.0	192.0	217.0	263.0	208.0	379.0	252.0	407.0	754.0	521.0	705.0	426.0	411.0	365.0	359.0	1173.0	506.0	690.0	292.0	412.0	413.0	289.0	274.0	341.0	250.0	255.0	702.0	532.0	358.0	364.0	336.0	450.0	223.0	230.0	283.0	235.0	604.0	295.0	288.0	256.0	239.0	236.0	332.0	233.0	370.0	421.0	361.0	367.0
77	20181107 08:57:33.474	986.0	444.0	122.0	145.0	194.0	163.0	186.0	150.0	106.0	135.0	201.0	122.0	229.0	151.0	178.0	186.0	131.0	128.0	166.0	170.0	97.0	178.0	151.0	116.0	104.0	93.0	110.0	188.0	151.0	163.0	144.0	120.0	102.0	119.0	171.0	167.0	167.0	124.0	114.0	119.0	145.0	139.0	134.0	97.0	142.0	130.0	103.0	198.0	226.0	138.0	193.0	211.0	184.0	122.0	140.0	133.0	122.0	125.0	132.0	197.0	121.0	149.0	140.0	155.0	134.0	131.0	137.0	142.0	117.0	149.0	130.0	158.0	187.0	99.0	151.0	147.0	144.0	147.0	177.0	172.0	181.0	147.0	133.0	139.0	82.0	141.0	429.0	183.0	195.0	128.0
78	20181107 10:13:05.686	956.0	439.0	196.0	158.0	134.0	129.0	159.0	152.0	144.0	115.0	149.0	145.0	183.0	132.0	143.0	163.0	153.0	184.0	177.0	144.0	128.0	174.0	114.0	98.0	164.0	185.0	144.0	171.0	152.0	175.0	141.0	140.0	153.0	185.0	212.0	199.0	189.0	133.0	147.0	159.0	175.0	158.0	131.0	167.0	135.0	135.0	169.0	173.0	129.0	84.0	159.0	176.0	124.0	120.0	134.0	164.0	117.0	146.0	128.0	175.0	102.0	150.0	132.0	134.0	158.0	161.0	174.0	140.0	166.0	126.0	112.0	191.0	176.0	156.0	112.0	119.0	89.0	161.0	172.0	148.0	157.0	111.0	143.0	129.0	123.0	115.0	167.0	735.0	259.0	294.0
79	20181107 10:13:05.686	249.0	438.0	161.0	191.0	165.0	144.0	171.0	120.0	167.0	145.0	143.0	113.0	226.0	148.0	181.0	141.0	165.0	160.0	169.0	145.0	149.0	141.0	150.0	113.0	198.0	179.0	151.0	148.0	137.0	165.0	166.0	147.0	138.0	141.0	183.0	175.0	157.0	123.0	133.0	167.0	151.0	138.0	165.0	168.0	178.0	149.0	156.0	131.0	156.0	137.0	189.0	174.0	106.0	138.0	130.0	178.0	150.0	113.0	144.0	121.0	133.0	212.0	160.0	163.0	98.0	127.0	120.0	170.0	149.0	149.0	172.0	187.0	172.0	108.0	119.0	137.0	122.0	162.0	134.0	117.0	138.0	160.0	158.0	123.0	148.0	105.0	180.0	1224.0	323.0	400.0
80	20181107 10:13:05.686	1031.0	435.0	170.0	143.0	171.0	114.0	149.0	142.0	157.0	164.0	148.0	102.0	147.0	149.0	177.0	147.0	171.0	158.0	104.0	144.0	171.0	136.0	156.0	106.0	227.0	158.0	136.0	109.0	164.0	171.0	148.0	81.0	163.0	142.0	166.0	192.0	108.0	161.0	152.0	168.0	93.0	183.0	104.0	128.0	155.0	143.0	117.0	201.0	188.0	140.0	158.0	189.0	144.0	144.0	131.0	228.0	151.0	111.0	158.0	184.0	156.0	97.0	110.0	127.0	143.0	132.0	168.0	148.0	95.0	161.0	145.0	171.0	224.0	122.0	153.0	143.0	151.0	137.0	81.0	162.0	149.0	106.0	148.0	112.0	168.0	144.0	173.0	1386.0	845.0	663.0
81	20181107 10:13:05.686	600.0	419.0	153.0	120.0	139.0	127.0	109.0	171.0	163.0	137.0	189.0	120.0	147.0	157.0	166.0	168.0	167.0	118.0	163.0	200.0	156.0	176.0	164.0	163.0	141.0	133.0	92.0	172.0	191.0	153.0	164.0	171.0	144.0	102.0	224.0	167.0	124.0	133.0	177.0	142.0	156.0	154.0	166.0	167.0	159.0	168.0	192.0	141.0	182.0	141.0	181.0	158.0	130.0	131.0	146.0	151.0	174.0	187.0	170.0	178.0	155.0	142.0	146.0	122.0	153.0	104.0	140.0	186.0	142.0	168.0	134.0	162.0	190.0	142.0	109.0	95.0	133.0	169.0	166.0	221.0	151.0	99.0	190.0	143.0	156.0	141.0	183.0	1014.0	464.0	428.0
82	20181104 01:47:32.654	949.0	401.0	131.0	152.0	126.0	153.0	174.0	187.0	202.0	209.0	187.0	190.0	144.0	199.0	246.0	304.0	236.0	214.0	275.0	160.0	197.0	243.0	260.0	191.0	170.0	234.0	208.0	217.0	253.0	213.0	347.0	161.0	1116.0	654.0	2256.0	631.0	750.0	775.0	747.0	1287.0	1323.0	1933.0	1297.0	638.0	533.0	431.0	375.0	316.0	283.0	281.0	687.0	307.0	335.0	330.0	252.0	399.0	247.0	543.0	343.0	400.0	295.0	393.0	326.0	240.0	204.0	287.0	247.0	242.0	737.0	278.0	259.0	412.0	417.0	514.0	225.0	200.0	208.0	224.0	357.0	345.0	225.0	239.0	243.0	205.0	354.0	187.0	317.0	462.0	566.0	379.0
83	20181105 06:37:45.167	1067.0	395.0	182.0	187.0	165.0	163.0	150.0	160.0	111.0	157.0	206.0	161.0	211.0	121.0	216.0	259.0	219.0	228.0	205.0	225.0	154.0	201.0	191.0	124.0	128.0	145.0	171.0	226.0	223.0	215.0	269.0	185.0	161.0	168.0	356.0	226.0	189.0	199.0	190.0	252.0	248.0	349.0	208.0	184.0	333.0	378.0	309.0	336.0	382.0	407.0	360.0	593.0	574.0	271.0	458.0	194.0	350.0	910.0	459.0	950.0	374.0	213.0	803.0	365.0	124.0	358.0	366.0	477.0	517.0	347.0	414.0	833.0	613.0	270.0	136.0	406.0	357.0	417.0	838.0	493.0	329.0	376.0	404.0	314.0	342.0	373.0	415.0	489.0	436.0	277.0
84	20181105 01:40:14.05	362.0	391.0	184.0	141.0	174.0	158.0	192.0	160.0	194.0	180.0	184.0	170.0	215.0	114.0	223.0	218.0	262.0	173.0	168.0	246.0	187.0	224.0	222.0	173.0	165.0	256.0	177.0	197.0	275.0	284.0	261.0	174.0	291.0	160.0	376.0	266.0	221.0	210.0	220.0	337.0	451.0	493.0	467.0	291.0	382.0	395.0	363.0	643.0	1330.0	1765.0	770.0	1442.0	2076.0	330.0	1379.0	247.0	1089.0	2066.0	1614.0	1915.0	868.0	255.0	1609.0	751.0	224.0	1012.0	722.0	823.0	794.0	1250.0	1189.0	1856.0	1458.0	352.0	199.0	895.0	799.0	806.0	1569.0	1468.0	724.0	768.0	719.0	667.0	887.0	738.0	1598.0	748.0	704.0	544.0
85	20181105 04:10:04.151	1179.0	389.0	158.0	186.0	127.0	191.0	143.0	183.0	177.0	190.0	201.0	168.0	156.0	117.0	177.0	225.0	205.0	238.0	217.0	243.0	238.0	228.0	291.0	277.0	217.0	305.0	305.0	320.0	317.0	290.0	279.0	283.0	210.0	237.0	438.0	274.0	340.0	312.0	288.0	244.0	237.0	272.0	206.0	224.0	246.0	223.0	262.0	255.0	951.0	1004.0	337.0	1140.0	910.0	390.0	1057.0	455.0	1614.0	1548.0	1135.0	1816.0	1556.0	463.0	1518.0	1520.0	531.0	1090.0	1451.0	1484.0	716.0	1057.0	1158.0	1231.0	1107.0	354.0	389.0	1046.0	1179.0	1123.0	1066.0	930.0	1072.0	986.0	1207.0	1071.0	773.0	963.0	411.0	449.0	441.0	292.0
86	20181107 10:13:05.686	519.0	383.0	207.0	173.0	99.0	131.0	132.0	161.0	150.0	147.0	183.0	165.0	151.0	157.0	195.0	178.0	132.0	169.0	163.0	150.0	123.0	171.0	128.0	127.0	156.0	137.0	156.0	209.0	211.0	153.0	168.0	141.0	239.0	128.0	204.0	138.0	127.0	109.0	209.0	139.0	139.0	194.0	186.0	131.0	115.0	171.0	95.0	156.0	166.0	136.0	157.0	100.0	139.0	113.0	131.0	166.0	156.0	209.0	163.0	152.0	177.0	141.0	130.0	120.0	224.0	185.0	175.0	134.0	164.0	160.0	164.0	185.0	175.0	125.0	110.0	138.0	192.0	213.0	131.0	181.0	127.0	152.0	75.0	123.0	119.0	170.0	177.0	1500.0	495.0	472.0
87	20181107 08:57:33.474	792.0	370.0	138.0	131.0	133.0	136.0	225.0	146.0	158.0	159.0	132.0	137.0	156.0	103.0	152.0	175.0	153.0	196.0	221.0	144.0	132.0	166.0	162.0	170.0	117.0	141.0	184.0	175.0	143.0	109.0	165.0	184.0	249.0	168.0	136.0	133.0	140.0	137.0	158.0	143.0	147.0	228.0	110.0	123.0	156.0	147.0	119.0	149.0	135.0	109.0	161.0	149.0	137.0	176.0	205.0	195.0	182.0	142.0	139.0	175.0	135.0	154.0	142.0	116.0	139.0	161.0	157.0	147.0	115.0	162.0	145.0	191.0	131.0	164.0	175.0	114.0	140.0	165.0	181.0	127.0	132.0	119.0	168.0	120.0	125.0	149.0	421.0	655.0	295.0	408.0
88	20181105 06:37:45.167	163.0	366.0	122.0	156.0	141.0	158.0	139.0	195.0	254.0	175.0	205.0	143.0	244.0	138.0	201.0	190.0	208.0	243.0	223.0	254.0	186.0	222.0	180.0	186.0	168.0	251.0	236.0	284.0	241.0	297.0	252.0	292.0	326.0	168.0	385.0	246.0	304.0	345.0	327.0	361.0	418.0	388.0	428.0	478.0	447.0	612.0	518.0	677.0	1016.0	1099.0	230.0	1173.0	1270.0	260.0	1378.0	290.0	1662.0	2004.0	2132.0	1867.0	1475.0	183.0	1120.0	1187.0	255.0	1251.0	1329.0	1459.0	332.0	1389.0	1223.0	1340.0	1418.0	201.0	219.0	1193.0	1271.0	1103.0	1110.0	1243.0	1074.0	941.0	969.0	898.0	1099.0	1116.0	194.0	176.0	231.0	170.0
89	20181105 05:24:17.213	986.0	359.0	168.0	114.0	170.0	128.0	220.0	176.0	143.0	200.0	232.0	192.0	173.0	185.0	235.0	288.0	199.0	217.0	232.0	236.0	211.0	215.0	250.0	185.0	241.0	167.0	203.0	186.0	256.0	229.0	279.0	178.0	213.0	200.0	300.0	187.0	259.0	240.0	161.0	271.0	205.0	307.0	240.0	200.0	279.0	269.0	227.0	307.0	274.0	304.0	583.0	367.0	422.0	451.0	485.0	383.0	299.0	684.0	400.0	591.0	241.0	351.0	471.0	248.0	165.0	293.0	207.0	212.0	604.0	351.0	361.0	437.0	327.0	352.0	212.0	234.0	231.0	178.0	419.0	310.0	210.0	207.0	204.0	151.0	340.0	230.0	397.0	514.0	466.0	288.0
90	20181107 07:09:44.124	1182.0	350.0	170.0	147.0	177.0	152.0	168.0	155.0	177.0	150.0	207.0	153.0	206.0	163.0	209.0	232.0	244.0	276.0	293.0	242.0	187.0	286.0	242.0	227.0	136.0	312.0	260.0	343.0	228.0	266.0	242.0	230.0	253.0	127.0	222.0	179.0	156.0	216.0	234.0	235.0	231.0	265.0	266.0	208.0	244.0	244.0	250.0	266.0	286.0	267.0	321.0	291.0	388.0	151.0	337.0	217.0	408.0	551.0	449.0	663.0	440.0	192.0	722.0	448.0	208.0	544.0	547.0	545.0	426.0	601.0	542.0	995.0	909.0	312.0	151.0	568.0	681.0	570.0	1069.0	1074.0	821.0	758.0	985.0	874.0	1365.0	1834.0	2710.0	1216.0	1233.0	827.0
91	20181104 01:47:32.654	515.0	345.0	181.0	127.0	161.0	240.0	173.0	154.0	160.0	198.0	225.0	165.0	161.0	212.0	217.0	196.0	248.0	294.0	235.0	261.0	177.0	208.0	226.0	204.0	136.0	257.0	257.0	245.0	275.0	363.0	451.0	282.0	341.0	138.0	1192.0	449.0	633.0	1086.0	1105.0	1016.0	1082.0	1479.0	1316.0	857.0	1585.0	1682.0	1004.0	1363.0	1228.0	1170.0	225.0	1096.0	1171.0	192.0	1019.0	203.0	636.0	982.0	983.0	1112.0	726.0	125.0	1024.0	599.0	235.0	778.0	522.0	619.0	303.0	817.0	856.0	997.0	994.0	205.0	175.0	727.0	655.0	688.0	820.0	807.0	536.0	495.0	580.0	437.0	654.0	612.0	839.0	917.0	480.0	388.0
92	20181105 01:40:14.05	709.0	335.0	156.0	138.0	149.0	215.0	168.0	137.0	178.0	187.0	192.0	171.0	240.0	198.0	222.0	293.0	215.0	230.0	176.0	241.0	190.0	209.0	186.0	147.0	174.0	213.0	180.0	284.0	270.0	261.0	255.0	183.0	250.0	157.0	321.0	177.0	218.0	192.0	168.0	302.0	346.0	592.0	506.0	297.0	435.0	510.0	402.0	630.0	679.0	744.0	773.0	599.0	903.0	336.0	596.0	296.0	586.0	1179.0	633.0	1089.0	534.0	296.0	930.0	515.0	251.0	532.0	398.0	498.0	709.0	557.0	570.0	933.0	835.0	428.0	192.0	447.0	412.0	383.0	811.0	486.0	412.0	321.0	345.0	291.0	449.0	409.0	903.0	695.0	736.0	407.0
93	20181103 10:43:01.295	1170.0	322.0	150.0	142.0	155.0	181.0	163.0	156.0	165.0	187.0	156.0	210.0	190.0	105.0	202.0	137.0	147.0	186.0	135.0	202.0	269.0	242.0	150.0	796.0	196.0	473.0	274.0	264.0	267.0	279.0	267.0	278.0	342.0	179.0	334.0	366.0	402.0	393.0	347.0	358.0	317.0	363.0	288.0	305.0	354.0	339.0	344.0	314.0	445.0	400.0	264.0	499.0	457.0	225.0	540.0	247.0	630.0	625.0	972.0	943.0	679.0	355.0	1169.0	820.0	354.0	1317.0	1134.0	1087.0	535.0	1456.0	1084.0	1334.0	1330.0	382.0	303.0	769.0	822.0	684.0	923.0	1250.0	707.0	720.0	791.0	872.0	808.0	789.0	238.0	356.0	213.0	235.0
94	20181104 02:01:46.337	1126.0	292.0	115.0	137.0	203.0	71.0	225.0	138.0	147.0	158.0	135.0	137.0	159.0	161.0	128.0	121.0	119.0	206.0	150.0	106.0	165.0	144.0	140.0	190.0	161.0	140.0	206.0	150.0	146.0	175.0	254.0	336.0	386.0	167.0	405.0	618.0	613.0	724.0	725.0	630.0	702.0	497.0	629.0	745.0	902.0	919.0	955.0	921.0	1029.0	1055.0	322.0	977.0	912.0	287.0	997.0	272.0	935.0	715.0	912.0	697.0	877.0	240.0	657.0	861.0	255.0	807.0	762.0	800.0	255.0	868.0	864.0	711.0	724.0	235.0	274.0	831.0	749.0	683.0	563.0	620.0	696.0	664.0	664.0	524.0	654.0	604.0	141.0	226.0	159.0	173.0
95	20181102 22:17:01.140	318.0	317.0	223.0	115.0	115.0	146.0	162.0	147.0	212.0	230.0	352.0	325.0	530.0	478.0	970.0	1124.0	1373.0	1174.0	1466.0	1396.0	806.0	1741.0	1800.0	1182.0	193.0	2297.0	1527.0	1917.0	1749.0	1909.0	1667.0	1039.0	1597.0	187.0	1461.0	734.0	791.0	912.0	815.0	1311.0	1552.0	1311.0	1471.0	647.0	941.0	1075.0	630.0	1079.0	830.0	897.0	215.0	886.0	1118.0	199.0	853.0	148.0	584.0	1241.0	1136.0	1312.0	679.0	158.0	1131.0	629.0	180.0	817.0	625.0	706.0	357.0	920.0	877.0	1101.0	1186.0	160.0	195.0	726.0	592.0	601.0	1023.0	1052.0	528.0	592.0	551.0	474.0	627.0	594.0	979.0	738.0	533.0	389.0
96	20181104 09:28:51.822	356.0	312.0	209.0	196.0	162.0	132.0	229.0	165.0	171.0	184.0	186.0	165.0	230.0	219.0	194.0	220.0	267.0	253.0	287.0	244.0	199.0	279.0	263.0	148.0	193.0	199.0	242.0	287.0	328.0	400.0	571.0	335.0	396.0	190.0	903.0	344.0	350.0	446.0	458.0	578.0	773.0	1684.0	1171.0	962.0	1359.0	1332.0	958.0	1120.0	929.0	989.0	612.0	984.0	921.0	267.0	866.0	256.0	690.0	1693.0	774.0	1616.0	641.0	308.0	1357.0	591.0	265.0	716.0	551.0	581.0	911.0	772.0	763.0	1225.0	865.0	470.0	256.0	629.0	643.0	598.0	1230.0	679.0	585.0	470.0	497.0	327.0	557.0	662.0	1148.0	546.0	582.0	446.0
97	20181104 18:13:03.42	1200.0	305.0	233.0	167.0	240.0	116.0	131.0	104.0	139.0	123.0	154.0	76.0	166.0	144.0	179.0	91.0	101.0	112.0	123.0	117.0	178.0	223.0	163.0	129.0	152.0	161.0	156.0	168.0	123.0	82.0	177.0	156.0	159.0	141.0	159.0	198.0	184.0	172.0	189.0	183.0	152.0	151.0	140.0	122.0	228.0	277.0	429.0	333.0	406.0	437.0	208.0	531.0	410.0	143.0	143.0	158.0	166.0	208.0	144.0	164.0	111.0	147.0	102.0	128.0	134.0	226.0	140.0	121.0	148.0	196.0	236.0	132.0	140.0	83.0	140.0	174.0	111.0	114.0	115.0	145.0	110.0	123.0	133.0	122.0	227.0	169.0	125.0	232.0	180.0	173.0
98	20181105 01:40:14.05	1160.0	292.0	145.0	117.0	131.0	147.0	143.0	129.0	123.0	158.0	115.0	96.0	182.0	166.0	111.0	135.0	150.0	127.0	153.0	132.0	120.0	127.0	148.0	125.0	158.0	128.0	184.0	161.0	121.0	142.0	175.0	197.0	172.0	145.0	189.0	234.0	235.0	237.0	199.0	180.0	217.0	125.0	156.0	233.0	170.0	215.0	259.0	843.0	1067.0	1945.0	612.0	878.0	391.0	153.0	225.0	155.0	285.0	157.0	208.0	248.0	365.0	177.0	200.0	219.0	162.0	155.0	201.0	253.0	262.0	262.0	262.0	290.0	235.0	153.0	183.0	265.0	294.0	291.0	207.0	293.0	285.0	261.0	302.0	285.0	296.0	361.0	120.0	217.0	141.0	194.0
99	20181106 18:42:07.395	1215.0	276.0	156.0	148.0	174.0	178.0	132.0	161.0	162.0	151.0	151.0	180.0	168.0	122.0	190.0	144.0	198.0	180.0	107.0	211.0	89.0	108.0	142.0	160.0	162.0	187.0	173.0	155.0	185.0	144.0	202.0	136.0	127.0	129.0	114.0	121.0	145.0	155.0	191.0	183.0	258.0	193.0	230.0	167.0	164.0	124.0	154.0	144.0	171.0	123.0	232.0	157.0	161.0	121.0	171.0	131.0	170.0	204.0	90.0	125.0	113.0	100.0	190.0	114.0	161.0	171.0	155.0	247.0	187.0	246.0	242.0	289.0	360.0	179.0	188.0	439.0	504.0	496.0	493.0	507.0	614.0	596.0	741.0	768.0	719.0	734.0	137.0	199.0	180.0	159.0
100	20181106 23:40:35.585	1231.0	267.0	118.0	175.0	171.0	163.0	142.0	120.0	146.0	121.0	110.0	96.0	128.0	85.0	125.0	163.0	134.0	124.0	146.0	122.0	113.0	139.0	163.0	134.0	126.0	129.0	111.0	130.0	143.0	92.0	140.0	125.0	144.0	153.0	137.0	131.0	156.0	124.0	161.0	138.0	214.0	158.0	150.0	172.0	98.0	175.0	162.0	182.0	158.0	188.0	81.0	131.0	147.0	140.0	143.0	145.0	99.0	156.0	110.0	170.0	121.0	128.0	119.0	108.0	165.0	187.0	119.0	154.0	168.0	174.0	142.0	184.0	193.0	152.0	103.0	132.0	235.0	293.0	377.0	406.0	454.0	554.0	727.0	718.0	618.0	640.0	100.0	245.0	169.0	136.0
101	20181106 06:15:26.300	1193.0	262.0	144.0	212.0	178.0	182.0	99.0	115.0	127.0	133.0	158.0	135.0	132.0	116.0	132.0	167.0	144.0	134.0	131.0	134.0	147.0	160.0	109.0	157.0	137.0	100.0	104.0	158.0	188.0	166.0	136.0	160.0	99.0	114.0	132.0	163.0	135.0	100.0	172.0	176.0	145.0	123.0	143.0	159.0	97.0	132.0	139.0	109.0	136.0	172.0	152.0	166.0	158.0	152.0	172.0	138.0	118.0	196.0	121.0	142.0	276.0	167.0	560.0	572.0	267.0	698.0	878.0	813.0	342.0	879.0	906.0	1117.0	1108.0	295.0	312.0	863.0	1023.0	900.0	992.0	1115.0	939.0	1050.0	1074.0	1318.0	896.0	1072.0	191.0	233.0	151.0	142.0
102	20181105 22:47:00.205	1162.0	260.0	173.0	153.0	173.0	135.0	157.0	120.0	116.0	119.0	148.0	81.0	92.0	112.0	162.0	138.0	171.0	162.0	162.0	123.0	130.0	193.0	166.0	132.0	160.0	138.0	107.0	231.0	156.0	105.0	172.0	142.0	171.0	138.0	106.0	131.0	125.0	118.0	173.0	153.0	150.0	103.0	131.0	102.0	135.0	160.0	111.0	148.0	134.0	155.0	203.0	164.0	107.0	90.0	130.0	147.0	159.0	137.0	138.0	155.0	1211.0	172.0	106.0	120.0	135.0	148.0	161.0	99.0	134.0	162.0	140.0	236.0	169.0	149.0	150.0	134.0	108.0	159.0	130.0	137.0	157.0	178.0	176.0	82.0	136.0	137.0	162.0	157.0	128.0	173.0
103	20181105 12:50:48.259	78.0	250.0	186.0	96.0	175.0	203.0	194.0	181.0	135.0	176.0	169.0	159.0	175.0	146.0	215.0	241.0	279.0	200.0	213.0	261.0	185.0	279.0	196.0	154.0	159.0	226.0	245.0	226.0	296.0	307.0	265.0	198.0	275.0	170.0	376.0	250.0	250.0	236.0	244.0	330.0	366.0	354.0	442.0	286.0	408.0	450.0	419.0	517.0	559.0	811.0	370.0	804.0	1009.0	210.0	1741.0	259.0	1205.0	2514.0	1846.0	2443.0	1136.0	310.0	1913.0	1006.0	138.0	1180.0	761.0	914.0	657.0	1178.0	1190.0	1663.0	1516.0	309.0	179.0	893.0	820.0	875.0	1523.0	1392.0	914.0	804.0	765.0	556.0	849.0	718.0	1326.0	996.0	713.0	588.0
104	20181105 16:34:25.882	1122.0	246.0	179.0	123.0	168.0	199.0	192.0	122.0	139.0	131.0	146.0	101.0	156.0	153.0	176.0	167.0	160.0	110.0	126.0	108.0	105.0	173.0	99.0	126.0	185.0	151.0	168.0	165.0	170.0	146.0	113.0	117.0	107.0	141.0	147.0	178.0	158.0	150.0	157.0	125.0	150.0	112.0	141.0	143.0	160.0	154.0	141.0	165.0	145.0	158.0	143.0	127.0	92.0	119.0	301.0	147.0	508.0	245.0	463.0	264.0	537.0	135.0	226.0	465.0	139.0	536.0	480.0	649.0	171.0	656.0	729.0	417.0	514.0	237.0	191.0	867.0	891.0	910.0	657.0	823.0	880.0	788.0	803.0	835.0	820.0	681.0	116.0	202.0	135.0	203.0
105	20181107 10:13:05.686	821.0	249.0	163.0	153.0	140.0	134.0	125.0	142.0	163.0	142.0	144.0	151.0	193.0	114.0	167.0	212.0	187.0	204.0	217.0	201.0	133.0	165.0	184.0	247.0	193.0	142.0	183.0	174.0	174.0	171.0	191.0	158.0	151.0	159.0	182.0	180.0	200.0	181.0	192.0	169.0	126.0	150.0	118.0	129.0	101.0	156.0	173.0	156.0	185.0	89.0	168.0	194.0	159.0	95.0	122.0	149.0	158.0	167.0	112.0	176.0	114.0	144.0	96.0	85.0	157.0	153.0	128.0	118.0	152.0	91.0	170.0	153.0	175.0	154.0	162.0	145.0	198.0	149.0	140.0	153.0	111.0	178.0	141.0	109.0	146.0	186.0	171.0	1238.0	440.0	439.0
106	20181104 01:47:32.654	116.0	249.0	165.0	136.0	164.0	180.0	179.0	166.0	142.0	162.0	225.0	206.0	225.0	172.0	167.0	267.0	409.0	247.0	235.0	246.0	183.0	300.0	244.0	209.0	126.0	246.0	277.0	468.0	612.0	787.0	1102.0	1079.0	1215.0	252.0	1561.0	593.0	881.0	1408.0	1235.0	1689.0	2829.0	2519.0	1615.0	1121.0	1380.0	1375.0	1241.0	1223.0	1144.0	1254.0	374.0	1187.0	1109.0	272.0	1142.0	124.0	845.0	2000.0	1035.0	2123.0	934.0	247.0	1780.0	802.0	203.0	915.0	800.0	807.0	685.0	959.0	870.0	1711.0	1492.0	339.0	229.0	653.0	691.0	652.0	1617.0	1026.0	664.0	701.0	686.0	492.0	594.0	638.0	1612.0	934.0	721.0	391.0
107	20181106 02:31:19.343	1209.0	230.0	248.0	162.0	139.0	137.0	126.0	129.0	164.0	144.0	133.0	146.0	174.0	87.0	156.0	127.0	125.0	152.0	155.0	110.0	117.0	108.0	155.0	108.0	117.0	156.0	173.0	147.0	138.0	141.0	161.0	154.0	117.0	152.0	102.0	151.0	122.0	127.0	91.0	124.0	167.0	146.0	142.0	123.0	152.0	120.0	166.0	211.0	114.0	91.0	214.0	151.0	111.0	152.0	135.0	142.0	131.0	108.0	205.0	265.0	511.0	211.0	673.0	1367.0	322.0	1095.0	1130.0	1185.0	367.0	1062.0	1001.0	1096.0	1094.0	289.0	255.0	1104.0	1052.0	949.0	1074.0	1219.0	1129.0	790.0	846.0	880.0	630.0	754.0	110.0	124.0	160.0	165.0
108	20181103 08:14:31.102	35.0	215.0	0.0	0.0	63.0	151.0	163.0	148.0	191.0	178.0	258.0	206.0	241.0	195.0	246.0	201.0	230.0	248.0	282.0	260.0	1043.0	1643.0	1617.0	1741.0	255.0	1790.0	1506.0	1622.0	1363.0	2111.0	1964.0	1519.0	1492.0	249.0	1993.0	1461.0	1870.0	1632.0	1403.0	1614.0	1674.0	1488.0	1492.0	1236.0	1403.0	1507.0	1340.0	1454.0	1316.0	1379.0	186.0	1269.0	1449.0	178.0	1220.0	204.0	1164.0	1277.0	1206.0	1202.0	1001.0	182.0	1079.0	949.0	231.0	945.0	1054.0	935.0	256.0	1261.0	1037.0	1182.0	1222.0	211.0	166.0	1057.0	1060.0	1000.0	1026.0	1093.0	951.0	887.0	930.0	807.0	808.0	922.0	1201.0	1168.0	578.0	438.0
109	20181106 11:11:58.666	1175.0	216.0	124.0	159.0	156.0	153.0	197.0	135.0	155.0	147.0	109.0	101.0	143.0	132.0	175.0	176.0	138.0	144.0	165.0	153.0	138.0	141.0	157.0	133.0	163.0	143.0	121.0	124.0	159.0	106.0	142.0	93.0	82.0	132.0	112.0	172.0	174.0	116.0	141.0	122.0	146.0	157.0	121.0	112.0	139.0	133.0	136.0	121.0	180.0	183.0	198.0	253.0	187.0	113.0	124.0	162.0	146.0	112.0	110.0	119.0	124.0	159.0	122.0	88.0	103.0	198.0	134.0	184.0	175.0	119.0	306.0	444.0	75.0	107.0	146.0	128.0	123.0	170.0	98.0	130.0	150.0	103.0	136.0	171.0	181.0	113.0	155.0	258.0	207.0	191.0
110	20181106 18:42:07.395	1131.0	209.0	141.0	122.0	159.0	227.0	220.0	188.0	116.0	163.0	137.0	95.0	140.0	184.0	161.0	122.0	116.0	119.0	127.0	169.0	128.0	144.0	182.0	146.0	111.0	122.0	110.0	139.0	164.0	130.0	137.0	110.0	144.0	127.0	167.0	172.0	161.0	160.0	163.0	186.0	126.0	135.0	206.0	147.0	173.0	196.0	104.0	177.0	188.0	122.0	156.0	183.0	148.0	108.0	155.0	141.0	152.0	129.0	110.0	196.0	154.0	157.0	110.0	166.0	120.0	176.0	127.0	168.0	145.0	179.0	175.0	180.0	219.0	141.0	178.0	670.0	832.0	903.0	745.0	1098.0	1151.0	122.0	211.0	125.0	163.0	121.0	198.0	142.0	170.0	190.0
111	20181106 18:42:07.395	1065.0	199.0	137.0	194.0	217.0	136.0	108.0	172.0	138.0	159.0	158.0	153.0	146.0	101.0	136.0	119.0	171.0	182.0	97.0	114.0	103.0	183.0	87.0	96.0	128.0	163.0	138.0	171.0	125.0	141.0	146.0	96.0	93.0	112.0	137.0	120.0	198.0	142.0	127.0	137.0	131.0	125.0	112.0	137.0	151.0	118.0	152.0	142.0	140.0	151.0	233.0	148.0	124.0	103.0	138.0	103.0	172.0	113.0	149.0	172.0	143.0	114.0	149.0	167.0	116.0	142.0	160.0	133.0	118.0	128.0	140.0	159.0	169.0	127.0	426.0	1265.0	1365.0	1228.0	1485.0	1242.0	1094.0	1244.0	1276.0	1401.0	995.0	1140.0	135.0	140.0	164.0	208.0
112	20181103 20:48:25.522	1013.0	201.0	144.0	145.0	154.0	191.0	203.0	165.0	186.0	228.0	219.0	175.0	298.0	191.0	289.0	300.0	261.0	236.0	345.0	295.0	295.0	290.0	248.0	319.0	197.0	270.0	241.0	235.0	261.0	261.0	251.0	2186.0	1840.0	237.0	836.0	619.0	764.0	814.0	194.0	205.0	312.0	388.0	253.0	152.0	255.0	228.0	209.0	290.0	302.0	334.0	494.0	392.0	536.0	309.0	360.0	395.0	348.0	1274.0	784.0	1078.0	392.0	439.0	769.0	380.0	206.0	508.0	317.0	364.0	928.0	633.0	518.0	559.0	482.0	522.0	220.0	342.0	301.0	268.0	775.0	410.0	284.0	252.0	312.0	314.0	267.0	296.0	506.0	532.0	524.0	389.0
113	20181107 10:13:05.686	1093.0	198.0	147.0	128.0	168.0	164.0	161.0	106.0	150.0	148.0	128.0	225.0	181.0	188.0	184.0	214.0	146.0	151.0	185.0	183.0	120.0	184.0	136.0	140.0	214.0	153.0	160.0	170.0	201.0	180.0	182.0	130.0	158.0	145.0	237.0	157.0	147.0	125.0	180.0	182.0	155.0	153.0	160.0	86.0	129.0	144.0	166.0	174.0	247.0	129.0	171.0	139.0	132.0	176.0	124.0	165.0	165.0	141.0	174.0	174.0	116.0	125.0	160.0	127.0	201.0	141.0	143.0	157.0	138.0	150.0	85.0	142.0	112.0	169.0	179.0	133.0	133.0	111.0	127.0	150.0	172.0	153.0	112.0	130.0	110.0	134.0	177.0	849.0	541.0	320.0
114	20181106 21:11:31.28	1189.0	194.0	96.0	139.0	208.0	142.0	154.0	133.0	180.0	118.0	182.0	140.0	112.0	155.0	156.0	119.0	128.0	121.0	183.0	151.0	85.0	145.0	164.0	105.0	170.0	152.0	141.0	198.0	138.0	143.0	137.0	137.0	127.0	116.0	142.0	226.0	173.0	138.0	124.0	124.0	157.0	128.0	120.0	113.0	147.0	133.0	144.0	80.0	152.0	99.0	186.0	216.0	145.0	120.0	140.0	161.0	117.0	110.0	137.0	121.0	152.0	144.0	118.0	128.0	167.0	163.0	106.0	173.0	144.0	163.0	105.0	156.0	154.0	186.0	80.0	304.0	373.0	478.0	528.0	541.0	513.0	613.0	706.0	824.0	606.0	673.0	133.0	195.0	181.0	201.0
115	20181106 22:25:40.687	1146.0	194.0	142.0	151.0	128.0	239.0	115.0	125.0	138.0	120.0	113.0	126.0	207.0	173.0	119.0	142.0	153.0	144.0	163.0	192.0	131.0	142.0	131.0	121.0	196.0	124.0	107.0	138.0	173.0	153.0	163.0	111.0	142.0	162.0	106.0	159.0	89.0	144.0	187.0	127.0	153.0	132.0	139.0	134.0	172.0	97.0	95.0	134.0	175.0	180.0	154.0	142.0	135.0	123.0	177.0	111.0	141.0	175.0	125.0	122.0	150.0	151.0	150.0	93.0	207.0	200.0	122.0	129.0	159.0	144.0	117.0	168.0	146.0	182.0	119.0	232.0	297.0	301.0	340.0	585.0	324.0	150.0	117.0	74.0	185.0	175.0	141.0	144.0	140.0	156.0
116	20181103 02:01:19.541	32.0	176.0	0.0	0.0	0.0	154.0	131.0	180.0	196.0	174.0	165.0	195.0	233.0	217.0	227.0	356.0	319.0	405.0	375.0	1041.0	362.0	795.0	378.0	357.0	203.0	548.0	629.0	514.0	830.0	895.0	1174.0	551.0	636.0	256.0	1257.0	443.0	422.0	506.0	578.0	716.0	837.0	1190.0	1355.0	600.0	1042.0	1223.0	532.0	1127.0	591.0	875.0	307.0	945.0	1132.0	230.0	836.0	233.0	535.0	983.0	870.0	921.0	496.0	206.0	753.0	419.0	291.0	761.0	381.0	532.0	418.0	918.0	901.0	745.0	657.0	258.0	219.0	675.0	602.0	542.0	858.0	728.0	577.0	397.0	396.0	352.0	612.0	590.0	758.0	1116.0	518.0	508.0
117	20181107 10:13:05.686	966.0	163.0	108.0	112.0	108.0	223.0	192.0	179.0	184.0	161.0	170.0	173.0	172.0	166.0	180.0	170.0	129.0	199.0	161.0	146.0	135.0	219.0	129.0	138.0	139.0	140.0	124.0	221.0	156.0	132.0	207.0	116.0	144.0	178.0	164.0	180.0	125.0	138.0	146.0	156.0	126.0	130.0	146.0	190.0	128.0	183.0	134.0	124.0	129.0	146.0	157.0	134.0	95.0	132.0	141.0	152.0	172.0	127.0	174.0	146.0	87.0	229.0	196.0	137.0	129.0	93.0	168.0	151.0	95.0	113.0	140.0	122.0	184.0	126.0	102.0	114.0	114.0	98.0	160.0	176.0	207.0	182.0	133.0	150.0	117.0	98.0	140.0	1418.0	507.0	370.0
118	20181104 20:42:19.212	1338.0	138.0	102.0	134.0	156.0	130.0	121.0	129.0	165.0	161.0	137.0	156.0	177.0	166.0	163.0	110.0	107.0	139.0	157.0	108.0	87.0	144.0	184.0	89.0	117.0	149.0	133.0	133.0	152.0	148.0	123.0	174.0	154.0	188.0	151.0	168.0	165.0	164.0	185.0	149.0	149.0	187.0	181.0	210.0	190.0	167.0	522.0	866.0	1538.0	1501.0	362.0	1515.0	1547.0	398.0	1242.0	275.0	1432.0	1051.0	1129.0	1163.0	1204.0	300.0	815.0	1096.0	319.0	898.0	987.0	938.0	293.0	828.0	874.0	856.0	756.0	277.0	317.0	840.0	843.0	789.0	641.0	747.0	822.0	896.0	834.0	883.0	798.0	814.0	110.0	155.0	120.0	141.0
119	20181107 10:13:05.686	1127.0	156.0	208.0	179.0	137.0	148.0	222.0	158.0	155.0	128.0	207.0	137.0	230.0	148.0	229.0	196.0	138.0	198.0	184.0	200.0	134.0	168.0	156.0	114.0	184.0	143.0	198.0	188.0	165.0	159.0	127.0	157.0	112.0	160.0	177.0	164.0	159.0	167.0	164.0	184.0	180.0	179.0	189.0	197.0	159.0	127.0	144.0	192.0	152.0	122.0	170.0	164.0	188.0	141.0	108.0	143.0	154.0	154.0	123.0	132.0	122.0	160.0	140.0	158.0	192.0	140.0	163.0	191.0	137.0	164.0	182.0	133.0	140.0	115.0	120.0	111.0	138.0	138.0	164.0	159.0	204.0	109.0	71.0	201.0	184.0	127.0	204.0	894.0	727.0	402.0
120	20181103 10:43:01.295	1300.0	140.0	121.0	187.0	196.0	155.0	155.0	176.0	151.0	168.0	251.0	166.0	207.0	236.0	138.0	175.0	164.0	113.0	163.0	166.0	191.0	188.0	416.0	1672.0	383.0	1806.0	1992.0	1748.0	1343.0	1727.0	1820.0	2059.0	2041.0	513.0	1994.0	1752.0	2694.0	2529.0	2393.0	1549.0	1623.0	1258.0	1618.0	2022.0	1720.0	1670.0	1817.0	1520.0	1641.0	1617.0	360.0	1419.0	1293.0	397.0	1384.0	403.0	1478.0	1053.0	1274.0	1109.0	1242.0	398.0	944.0	1265.0	262.0	1230.0	1274.0	1221.0	313.0	1092.0	1175.0	960.0	980.0	283.0	305.0	1119.0	1063.0	969.0	676.0	815.0	973.0	1008.0	1028.0	1034.0	1068.0	1048.0	157.0	311.0	192.0	227.0
121	20181107 08:57:33.474	1205.0	154.0	196.0	131.0	141.0	117.0	136.0	147.0	146.0	126.0	156.0	143.0	198.0	173.0	258.0	193.0	238.0	213.0	200.0	195.0	142.0	197.0	147.0	143.0	183.0	112.0	122.0	269.0	163.0	157.0	216.0	109.0	194.0	211.0	155.0	140.0	137.0	124.0	134.0	141.0	155.0	170.0	129.0	149.0	160.0	158.0	144.0	118.0	169.0	134.0	146.0	154.0	158.0	147.0	163.0	129.0	138.0	105.0	128.0	147.0	131.0	135.0	155.0	158.0	120.0	142.0	143.0	127.0	148.0	156.0	160.0	207.0	108.0	137.0	130.0	155.0	132.0	148.0	121.0	156.0	197.0	82.0	152.0	130.0	196.0	99.0	957.0	801.0	683.0	442.0
122	20181105 20:18:58.477	652.0	143.0	142.0	119.0	187.0	204.0	185.0	250.0	195.0	187.0	185.0	132.0	174.0	153.0	167.0	235.0	233.0	184.0	257.0	149.0	205.0	220.0	242.0	195.0	204.0	254.0	191.0	234.0	266.0	221.0	254.0	196.0	205.0	164.0	263.0	170.0	202.0	129.0	236.0	189.0	235.0	211.0	204.0	199.0	212.0	194.0	226.0	179.0	171.0	259.0	272.0	355.0	248.0	226.0	326.0	211.0	306.0	405.0	368.0	539.0	350.0	251.0	808.0	523.0	264.0	467.0	405.0	533.0	843.0	477.0	419.0	672.0	532.0	257.0	206.0	416.0	475.0	419.0	551.0	544.0	453.0	497.0	484.0	527.0	409.0	452.0	532.0	637.0	469.0	339.0
123	20181107 10:13:05.686	186.0	128.0	179.0	201.0	159.0	138.0	169.0	139.0	130.0	141.0	185.0	179.0	179.0	117.0	208.0	181.0	182.0	148.0	154.0	119.0	109.0	177.0	206.0	128.0	174.0	189.0	128.0	184.0	157.0	152.0	138.0	162.0	146.0	132.0	164.0	177.0	158.0	99.0	174.0	214.0	158.0	184.0	145.0	185.0	137.0	180.0	111.0	136.0	137.0	118.0	133.0	241.0	162.0	134.0	165.0	125.0	145.0	150.0	135.0	153.0	127.0	153.0	129.0	122.0	112.0	138.0	101.0	147.0	137.0	132.0	181.0	161.0	113.0	96.0	122.0	134.0	112.0	121.0	127.0	203.0	132.0	151.0	155.0	143.0	123.0	178.0	164.0	1241.0	429.0	415.0
124	20181107 10:13:05.686	1125.0	118.0	195.0	147.0	250.0	132.0	175.0	166.0	129.0	98.0	152.0	132.0	180.0	142.0	212.0	233.0	140.0	209.0	200.0	194.0	106.0	150.0	133.0	116.0	149.0	169.0	137.0	150.0	136.0	139.0	148.0	117.0	205.0	149.0	170.0	223.0	129.0	127.0	80.0	124.0	142.0	163.0	173.0	109.0	174.0	163.0	103.0	181.0	111.0	163.0	172.0	201.0	176.0	148.0	209.0	126.0	168.0	203.0	171.0	160.0	147.0	171.0	107.0	117.0	186.0	145.0	137.0	248.0	179.0	150.0	148.0	183.0	107.0	146.0	158.0	146.0	112.0	123.0	146.0	163.0	218.0	178.0	199.0	127.0	170.0	153.0	198.0	677.0	943.0	474.0
125	20181105 16:34:25.882	1055.0	92.0	145.0	150.0	144.0	164.0	130.0	109.0	184.0	141.0	169.0	189.0	166.0	166.0	154.0	102.0	146.0	179.0	140.0	184.0	148.0	158.0	156.0	163.0	171.0	149.0	174.0	253.0	174.0	204.0	238.0	222.0	219.0	125.0	159.0	203.0	191.0	217.0	209.0	145.0	174.0	148.0	161.0	129.0	149.0	198.0	246.0	245.0	259.0	216.0	183.0	271.0	247.0	178.0	280.0	181.0	695.0	517.0	848.0	764.0	818.0	248.0	485.0	568.0	229.0	644.0	515.0	577.0	255.0	410.0	299.0	340.0	334.0	189.0	162.0	353.0	304.0	335.0	365.0	260.0	343.0	300.0	305.0	303.0	393.0	385.0	171.0	761.0	385.0	321.0
126	20181107 10:13:05.686	615.0	105.0	168.0	152.0	161.0	167.0	172.0	152.0	140.0	144.0	170.0	139.0	131.0	191.0	162.0	175.0	199.0	172.0	165.0	151.0	177.0	154.0	155.0	109.0	135.0	210.0	189.0	199.0	140.0	151.0	155.0	140.0	160.0	155.0	179.0	214.0	128.0	127.0	188.0	187.0	173.0	172.0	137.0	148.0	179.0	137.0	175.0	232.0	161.0	194.0	187.0	168.0	130.0	158.0	169.0	116.0	174.0	162.0	134.0	156.0	130.0	113.0	127.0	172.0	117.0	144.0	105.0	119.0	156.0	153.0	104.0	200.0	190.0	101.0	142.0	124.0	159.0	132.0	159.0	171.0	134.0	142.0	141.0	211.0	210.0	145.0	210.0	1126.0	502.0	517.0
127	20181103 13:11:37.03	766.0	99.0	167.0	170.0	163.0	179.0	201.0	167.0	169.0	217.0	201.0	225.0	178.0	158.0	212.0	245.0	315.0	654.0	868.0	852.0	1315.0	1305.0	915.0	1284.0	332.0	2833.0	3044.0	2733.0	2115.0	2607.0	2438.0	2191.0	2450.0	484.0	2305.0	1746.0	1923.0	2188.0	1900.0	2065.0	2213.0	2153.0	2184.0	1723.0	2104.0	2096.0	1762.0	1958.0	2000.0	1980.0	515.0	1775.0	1914.0	483.0	1597.0	445.0	1292.0	1536.0	1691.0	1638.0	1299.0	387.0	1430.0	1424.0	490.0	1314.0	1209.0	1282.0	361.0	1465.0	1386.0	1557.0	1516.0	350.0	304.0	1073.0	1069.0	942.0	1246.0	1375.0	984.0	820.0	903.0	922.0	982.0	864.0	1282.0	1004.0	559.0	405.0
128	20181105 17:49:19.551	1360.0	105.0	174.0	118.0	163.0	208.0	177.0	227.0	182.0	173.0	157.0	147.0	186.0	172.0	282.0	289.0	267.0	331.0	254.0	255.0	201.0	0.0	0.0	148.0	175.0	247.0	268.0	273.0	323.0	400.0	301.0	199.0	289.0	228.0	367.0	209.0	231.0	365.0	236.0	263.0	295.0	327.0	211.0	175.0	192.0	199.0	182.0	348.0	401.0	547.0	789.0	478.0	550.0	516.0	552.0	649.0	768.0	2260.0	960.0	2057.0	672.0	779.0	1682.0	631.0	339.0	616.0	552.0	625.0	1364.0	675.0	652.0	1224.0	975.0	860.0	362.0	633.0	595.0	559.0	1213.0	715.0	534.0	548.0	592.0	452.0	541.0	609.0	870.0	560.0	852.0	470.0
129	20181105 07:50:50.437	1012.0	87.0	101.0	156.0	121.0	156.0	170.0	119.0	98.0	171.0	130.0	144.0	202.0	127.0	148.0	105.0	166.0	152.0	133.0	200.0	147.0	188.0	163.0	158.0	139.0	168.0	136.0	158.0	114.0	161.0	148.0	132.0	151.0	140.0	121.0	196.0	349.0	280.0	286.0	297.0	218.0	224.0	325.0	368.0	420.0	322.0	389.0	359.0	384.0	452.0	188.0	493.0	636.0	159.0	408.0	132.0	418.0	320.0	477.0	372.0	383.0	143.0	275.0	409.0	195.0	569.0	511.0	686.0	231.0	668.0	648.0	431.0	504.0	197.0	215.0	745.0	726.0	864.0	496.0	666.0	963.0	843.0	857.0	640.0	879.0	898.0	179.0	287.0	156.0	220.0
130	20181105 01:40:14.05	888.0	94.0	151.0	130.0	151.0	162.0	183.0	148.0	185.0	193.0	172.0	153.0	240.0	170.0	307.0	235.0	250.0	253.0	212.0	276.0	223.0	286.0	239.0	181.0	179.0	268.0	237.0	277.0	261.0	291.0	281.0	166.0	173.0	198.0	221.0	179.0	205.0	116.0	198.0	184.0	212.0	257.0	178.0	169.0	167.0	300.0	208.0	221.0	326.0	308.0	246.0	373.0	328.0	238.0	390.0	219.0	446.0	395.0	353.0	373.0	293.0	187.0	358.0	323.0	161.0	394.0	348.0	443.0	214.0	483.0	431.0	431.0	492.0	203.0	130.0	178.0	175.0	185.0	150.0	131.0	172.0	142.0	218.0	124.0	90.0	155.0	176.0	301.0	249.0	200.0
131	20181107 10:13:05.686	990.0	85.0	122.0	152.0	155.0	199.0	184.0	112.0	143.0	136.0	161.0	123.0	156.0	93.0	155.0	192.0	135.0	161.0	138.0	154.0	132.0	152.0	135.0	97.0	114.0	153.0	132.0	150.0	164.0	131.0	159.0	157.0	140.0	156.0	112.0	154.0	153.0	131.0	149.0	152.0	154.0	137.0	127.0	146.0	155.0	120.0	140.0	98.0	127.0	157.0	160.0	168.0	139.0	122.0	127.0	123.0	99.0	200.0	182.0	193.0	115.0	110.0	162.0	186.0	66.0	111.0	152.0	132.0	115.0	168.0	147.0	165.0	175.0	92.0	178.0	146.0	143.0	165.0	177.0	225.0	235.0	212.0	140.0	107.0	243.0	191.0	176.0	793.0	363.0	312.0
132	20181107 10:13:05.686	1336.0	80.0	130.0	204.0	184.0	215.0	152.0	198.0	262.0	166.0	175.0	157.0	209.0	134.0	170.0	162.0	170.0	125.0	210.0	212.0	116.0	175.0	198.0	133.0	210.0	154.0	124.0	162.0	129.0	222.0	145.0	117.0	272.0	130.0	134.0	157.0	129.0	165.0	154.0	134.0	122.0	189.0	121.0	161.0	156.0	166.0	163.0	149.0	166.0	167.0	182.0	220.0	159.0	179.0	99.0	146.0	139.0	169.0	136.0	109.0	148.0	130.0	130.0	221.0	166.0	193.0	154.0	249.0	189.0	190.0	178.0	182.0	171.0	141.0	189.0	205.0	212.0	245.0	194.0	146.0	188.0	200.0	247.0	205.0	190.0	174.0	118.0	987.0	578.0	371.0
133	20181105 12:50:48.259	377.0	78.0	175.0	103.0	163.0	152.0	151.0	242.0	222.0	128.0	198.0	143.0	184.0	179.0	225.0	267.0	237.0	240.0	226.0	244.0	237.0	307.0	250.0	210.0	209.0	261.0	224.0	192.0	316.0	261.0	338.0	231.0	322.0	166.0	428.0	177.0	288.0	296.0	283.0	381.0	352.0	696.0	473.0	247.0	436.0	494.0	422.0	600.0	525.0	641.0	342.0	789.0	838.0	328.0	1197.0	353.0	1088.0	1969.0	1798.0	1790.0	1213.0	284.0	1211.0	1125.0	274.0	1306.0	925.0	1189.0	627.0	1407.0	1392.0	1121.0	917.0	373.0	214.0	1204.0	945.0	1040.0	1283.0	1130.0	1007.0	902.0	901.0	746.0	1071.0	880.0	877.0	1194.0	643.0	493.0
134	20181107 10:13:05.686	1277.0	76.0	178.0	153.0	173.0	242.0	206.0	257.0	206.0	179.0	217.0	240.0	149.0	163.0	269.0	274.0	228.0	236.0	196.0	266.0	181.0	188.0	236.0	171.0	176.0	208.0	227.0	220.0	277.0	201.0	204.0	187.0	239.0	168.0	263.0	224.0	199.0	233.0	205.0	228.0	158.0	198.0	199.0	183.0	179.0	203.0	166.0	185.0	240.0	164.0	161.0	217.0	170.0	166.0	198.0	164.0	147.0	176.0	202.0	165.0	163.0	149.0	158.0	177.0	129.0	162.0	163.0	187.0	165.0	186.0	181.0	165.0	208.0	151.0	153.0	164.0	153.0	181.0	209.0	186.0	193.0	110.0	159.0	155.0	128.0	114.0	190.0	925.0	371.0	452.0
135	20181107 00:55:10.683	1238.0	71.0	259.0	176.0	194.0	341.0	215.0	231.0	259.0	229.0	266.0	244.0	205.0	204.0	245.0	264.0	250.0	244.0	209.0	217.0	238.0	245.0	301.0	228.0	194.0	264.0	212.0	184.0	236.0	177.0	192.0	179.0	236.0	202.0	261.0	187.0	242.0	153.0	233.0	168.0	191.0	192.0	220.0	178.0	158.0	185.0	146.0	184.0	177.0	206.0	184.0	201.0	155.0	135.0	196.0	176.0	159.0	196.0	195.0	158.0	170.0	177.0	151.0	166.0	178.0	174.0	156.0	213.0	166.0	197.0	227.0	161.0	190.0	141.0	177.0	182.0	192.0	173.0	163.0	181.0	266.0	181.0	179.0	194.0	163.0	197.0	135.0	326.0	302.0	344.0
136	20181107 10:13:05.686	1313.0	69.0	287.0	251.0	220.0	289.0	271.0	254.0	236.0	182.0	211.0	187.0	283.0	195.0	216.0	249.0	202.0	239.0	264.0	233.0	145.0	228.0	208.0	233.0	174.0	216.0	182.0	212.0	193.0	181.0	163.0	235.0	208.0	157.0	222.0	190.0	220.0	250.0	197.0	219.0	183.0	212.0	189.0	184.0	182.0	177.0	174.0	192.0	180.0	225.0	245.0	167.0	208.0	115.0	167.0	182.0	141.0	165.0	170.0	231.0	157.0	147.0	159.0	142.0	169.0	140.0	117.0	171.0	116.0	205.0	145.0	133.0	199.0	159.0	161.0	159.0	126.0	142.0	153.0	178.0	130.0	143.0	121.0	87.0	175.0	164.0	177.0	403.0	334.0	361.0
137	20181107 10:13:05.686	1201.0	71.0	220.0	175.0	257.0	260.0	216.0	182.0	233.0	186.0	248.0	223.0	203.0	177.0	269.0	210.0	191.0	194.0	222.0	233.0	156.0	202.0	318.0	216.0	190.0	218.0	190.0	213.0	179.0	161.0	185.0	187.0	227.0	166.0	232.0	187.0	234.0	174.0	276.0	183.0	169.0	209.0	156.0	172.0	205.0	214.0	204.0	174.0	265.0	160.0	159.0	275.0	185.0	206.0	172.0	192.0	165.0	201.0	148.0	158.0	184.0	149.0	194.0	187.0	169.0	191.0	144.0	216.0	181.0	209.0	227.0	169.0	203.0	141.0	179.0	177.0	210.0	192.0	184.0	230.0	201.0	152.0	136.0	178.0	226.0	210.0	148.0	384.0	346.0	306.0
138	20181107 10:13:05.686	900.0	64.0	197.0	150.0	222.0	220.0	172.0	151.0	212.0	166.0	183.0	235.0	199.0	173.0	161.0	186.0	165.0	165.0	182.0	145.0	176.0	194.0	205.0	182.0	135.0	168.0	153.0	157.0	140.0	126.0	174.0	181.0	165.0	235.0	157.0	236.0	183.0	169.0	217.0	128.0	135.0	183.0	154.0	218.0	167.0	191.0	175.0	154.0	189.0	169.0	182.0	201.0	143.0	123.0	170.0	160.0	163.0	95.0	186.0	95.0	114.0	140.0	136.0	164.0	169.0	218.0	142.0	225.0	102.0	166.0	159.0	217.0	175.0	122.0	140.0	152.0	176.0	120.0	170.0	168.0	190.0	142.0	142.0	124.0	148.0	221.0	153.0	1234.0	389.0	401.0
139	20181106 06:15:26.300	1158.0	71.0	187.0	185.0	200.0	192.0	191.0	229.0	161.0	220.0	209.0	207.0	200.0	230.0	235.0	222.0	217.0	274.0	225.0	184.0	191.0	215.0	199.0	155.0	165.0	167.0	176.0	191.0	207.0	151.0	157.0	149.0	199.0	168.0	262.0	201.0	191.0	151.0	164.0	163.0	198.0	229.0	155.0	189.0	199.0	184.0	209.0	214.0	190.0	204.0	193.0	202.0	133.0	181.0	182.0	109.0	175.0	173.0	154.0	176.0	133.0	164.0	164.0	157.0	125.0	146.0	234.0	198.0	155.0	187.0	218.0	198.0	165.0	123.0	143.0	173.0	172.0	174.0	181.0	173.0	197.0	142.0	115.0	166.0	183.0	206.0	185.0	335.0	302.0	301.0
140	20181107 10:13:05.686	642.0	59.0	187.0	211.0	196.0	214.0	179.0	149.0	130.0	196.0	139.0	134.0	167.0	139.0	142.0	140.0	150.0	134.0	211.0	192.0	136.0	211.0	125.0	204.0	145.0	158.0	204.0	168.0	154.0	130.0	180.0	212.0	166.0	140.0	148.0	169.0	199.0	143.0	146.0	129.0	142.0	135.0	113.0	134.0	171.0	176.0	216.0	172.0	180.0	135.0	147.0	155.0	115.0	116.0	108.0	158.0	153.0	173.0	113.0	113.0	115.0	179.0	116.0	164.0	153.0	172.0	172.0	165.0	99.0	130.0	115.0	193.0	167.0	127.0	177.0	102.0	150.0	120.0	139.0	185.0	149.0	162.0	128.0	190.0	148.0	169.0	147.0	851.0	324.0	346.0
141	20181107 10:13:05.686	752.0	53.0	248.0	212.0	254.0	242.0	243.0	218.0	276.0	193.0	203.0	206.0	259.0	231.0	156.0	231.0	194.0	168.0	191.0	141.0	133.0	173.0	136.0	175.0	172.0	170.0	191.0	210.0	235.0	176.0	181.0	177.0	153.0	149.0	204.0	209.0	187.0	180.0	171.0	147.0	171.0	119.0	170.0	169.0	162.0	178.0	169.0	133.0	204.0	207.0	157.0	177.0	162.0	160.0	167.0	179.0	125.0	184.0	152.0	123.0	137.0	138.0	152.0	222.0	173.0	176.0	178.0	270.0	162.0	139.0	175.0	142.0	158.0	113.0	156.0	133.0	150.0	160.0	184.0	136.0	133.0	137.0	126.0	149.0	126.0	127.0	195.0	1155.0	267.0	342.0
142	20181104 05:46:06.531	138.0	54.0	220.0	142.0	213.0	187.0	200.0	212.0	166.0	172.0	152.0	158.0	235.0	147.0	221.0	298.0	276.0	271.0	250.0	247.0	147.0	175.0	174.0	105.0	225.0	244.0	229.0	257.0	284.0	271.0	208.0	191.0	224.0	179.0	353.0	184.0	311.0	542.0	958.0	709.0	981.0	1076.0	1065.0	1497.0	182.0	165.0	140.0	166.0	222.0	137.0	119.0	178.0	174.0	143.0	161.0	140.0	148.0	207.0	163.0	175.0	135.0	172.0	213.0	167.0	138.0	165.0	146.0	198.0	176.0	158.0	179.0	221.0	300.0	178.0	209.0	207.0	212.0	242.0	533.0	371.0	260.0	262.0	230.0	243.0	376.0	288.0	1024.0	1183.0	1030.0	709.0
143	20181106 22:25:40.687	844.0	56.0	185.0	212.0	248.0	224.0	201.0	221.0	193.0	198.0	217.0	193.0	240.0	233.0	230.0	260.0	217.0	201.0	212.0	244.0	197.0	273.0	204.0	180.0	207.0	240.0	197.0	245.0	227.0	221.0	218.0	193.0	220.0	184.0	209.0	143.0	180.0	168.0	166.0	196.0	245.0	192.0	214.0	171.0	156.0	186.0	169.0	243.0	262.0	112.0	212.0	189.0	190.0	185.0	220.0	116.0	151.0	164.0	151.0	166.0	156.0	180.0	147.0	174.0	154.0	182.0	171.0	176.0	192.0	189.0	224.0	185.0	140.0	136.0	131.0	188.0	206.0	124.0	273.0	172.0	229.0	159.0	192.0	181.0	189.0	152.0	173.0	382.0	307.0	312.0
144	20181107 04:39:38.818	691.0	53.0	217.0	144.0	202.0	183.0	164.0	171.0	205.0	180.0	248.0	206.0	186.0	165.0	180.0	188.0	136.0	212.0	153.0	175.0	182.0	159.0	119.0	176.0	152.0	165.0	186.0	194.0	118.0	142.0	188.0	153.0	141.0	155.0	175.0	128.0	185.0	188.0	232.0	115.0	189.0	255.0	125.0	123.0	228.0	160.0	182.0	117.0	169.0	124.0	170.0	152.0	165.0	127.0	141.0	147.0	140.0	166.0	178.0	132.0	164.0	144.0	178.0	177.0	177.0	117.0	116.0	186.0	145.0	145.0	136.0	186.0	214.0	168.0	143.0	160.0	135.0	126.0	151.0	121.0	194.0	111.0	167.0	237.0	163.0	150.0	147.0	348.0	270.0	225.0
145	20181106 12:26:19.888	373.0	41.0	222.0	245.0	228.0	172.0	222.0	194.0	197.0	182.0	213.0	214.0	292.0	156.0	237.0	218.0	189.0	202.0	190.0	193.0	210.0	224.0	177.0	166.0	191.0	186.0	156.0	286.0	225.0	206.0	176.0	167.0	249.0	215.0	213.0	176.0	153.0	249.0	158.0	161.0	186.0	176.0	175.0	160.0	177.0	259.0	231.0	205.0	172.0	219.0	206.0	190.0	171.0	114.0	201.0	153.0	202.0	193.0	191.0	215.0	137.0	181.0	183.0	166.0	195.0	210.0	162.0	202.0	197.0	193.0	189.0	273.0	191.0	157.0	170.0	128.0	163.0	278.0	213.0	206.0	174.0	160.0	170.0	168.0	139.0	208.0	151.0	403.0	265.0	217.0
146	20181107 10:13:05.686	412.0	40.0	251.0	167.0	197.0	203.0	184.0	280.0	286.0	199.0	285.0	189.0	261.0	245.0	198.0	260.0	212.0	233.0	177.0	219.0	211.0	210.0	223.0	223.0	190.0	196.0	247.0	199.0	196.0	189.0	240.0	171.0	172.0	208.0	213.0	204.0	235.0	217.0	170.0	124.0	170.0	181.0	150.0	168.0	138.0	187.0	201.0	192.0	166.0	171.0	214.0	215.0	140.0	118.0	210.0	178.0	174.0	223.0	154.0	176.0	166.0	124.0	197.0	168.0	186.0	203.0	190.0	196.0	218.0	191.0	214.0	226.0	183.0	123.0	148.0	206.0	142.0	142.0	166.0	164.0	150.0	119.0	198.0	210.0	162.0	172.0	212.0	377.0	263.0	263.0
147	20181106 07:29:39.524	335.0	40.0	225.0	214.0	148.0	208.0	209.0	281.0	164.0	213.0	244.0	256.0	215.0	220.0	233.0	261.0	194.0	214.0	196.0	288.0	201.0	231.0	153.0	256.0	185.0	194.0	183.0	158.0	189.0	166.0	180.0	141.0	250.0	189.0	195.0	188.0	255.0	178.0	208.0	167.0	198.0	175.0	242.0	247.0	189.0	151.0	184.0	166.0	171.0	176.0	191.0	212.0	225.0	101.0	186.0	132.0	180.0	178.0	121.0	200.0	204.0	170.0	173.0	183.0	137.0	179.0	193.0	271.0	140.0	169.0	178.0	209.0	200.0	190.0	137.0	189.0	183.0	200.0	194.0	188.0	203.0	191.0	152.0	206.0	213.0	152.0	162.0	396.0	252.0	251.0
148	20181106 05:00:34.398	454.0	39.0	272.0	214.0	260.0	262.0	218.0	206.0	215.0	273.0	261.0	193.0	300.0	219.0	237.0	224.0	217.0	252.0	201.0	211.0	203.0	236.0	177.0	168.0	192.0	228.0	229.0	229.0	239.0	170.0	191.0	230.0	204.0	138.0	212.0	199.0	204.0	176.0	180.0	181.0	181.0	189.0	220.0	193.0	206.0	195.0	195.0	228.0	200.0	168.0	191.0	250.0	272.0	157.0	212.0	145.0	166.0	163.0	168.0	143.0	181.0	125.0	138.0	206.0	199.0	254.0	146.0	218.0	167.0	201.0	214.0	201.0	237.0	126.0	152.0	161.0	157.0	187.0	217.0	186.0	183.0	215.0	233.0	155.0	179.0	179.0	203.0	304.0	305.0	285.0
149	20181107 10:13:05.686	299.0	40.0	231.0	170.0	169.0	161.0	219.0	233.0	173.0	204.0	243.0	167.0	232.0	227.0	227.0	199.0	211.0	231.0	233.0	211.0	210.0	206.0	189.0	163.0	155.0	167.0	227.0	214.0	195.0	120.0	236.0	176.0	179.0	174.0	207.0	200.0	182.0	153.0	183.0	231.0	172.0	164.0	232.0	195.0	216.0	255.0	218.0	263.0	199.0	216.0	201.0	192.0	218.0	161.0	216.0	165.0	187.0	180.0	178.0	124.0	164.0	193.0	189.0	166.0	150.0	165.0	207.0	211.0	206.0	154.0	173.0	193.0	200.0	173.0	156.0	163.0	192.0	171.0	201.0	181.0	284.0	166.0	221.0	177.0	146.0	148.0	144.0	464.0	243.0	241.0
150	20181106 18:42:07.395	528.0	38.0	415.0	264.0	269.0	191.0	120.0	166.0	172.0	205.0	244.0	176.0	165.0	156.0	159.0	188.0	185.0	124.0	160.0	176.0	130.0	120.0	192.0	146.0	152.0	176.0	148.0	156.0	130.0	164.0	154.0	180.0	156.0	131.0	188.0	203.0	148.0	206.0	115.0	216.0	170.0	168.0	156.0	131.0	223.0	167.0	149.0	168.0	143.0	176.0	181.0	197.0	170.0	169.0	135.0	199.0	180.0	171.0	175.0	154.0	131.0	151.0	135.0	184.0	127.0	144.0	157.0	214.0	140.0	200.0	284.0	301.0	254.0	123.0	164.0	478.0	542.0	485.0	235.0	296.0	517.0	540.0	481.0	456.0	361.0	442.0	108.0	295.0	236.0	164.0
151	20181102 03:41:00.797	18.0	25.0	0.0	0.0	0.0	214.0	153.0	239.0	186.0	233.0	214.0	157.0	200.0	190.0	177.0	251.0	206.0	299.0	249.0	174.0	220.0	196.0	203.0	185.0	143.0	229.0	223.0	183.0	208.0	182.0	212.0	178.0	217.0	218.0	223.0	261.0	144.0	208.0	153.0	231.0	224.0	250.0	242.0	178.0	252.0	194.0	180.0	171.0	265.0	216.0	236.0	239.0	199.0	0.0	0.0	0.0	0.0	8.0	5.0	0.0	0.0	0.0	0.0	0.0	2.0	1.0	200.0	281.0	230.0	280.0	189.0	253.0	231.0	202.0	178.0	196.0	233.0	223.0	308.0	262.0	219.0	188.0	161.0	219.0	216.0	256.0	274.0	412.0	275.0	274.0
152	20181102 06:10:18.19	97.0	17.0	245.0	235.0	117.0	179.0	215.0	266.0	160.0	264.0	173.0	239.0	253.0	190.0	229.0	212.0	233.0	219.0	248.0	201.0	192.0	230.0	245.0	190.0	144.0	179.0	228.0	205.0	202.0	156.0	161.0	165.0	204.0	129.0	165.0	194.0	155.0	187.0	202.0	226.0	170.0	215.0	202.0	281.0	213.0	196.0	180.0	222.0	253.0	191.0	154.0	276.0	236.0	167.0	269.0	189.0	282.0	240.0	222.0	197.0	212.0	161.0	239.0	228.0	202.0	218.0	254.0	292.0	200.0	300.0	205.0	267.0	234.0	120.0	221.0	232.0	194.0	255.0	263.0	269.0	255.0	204.0	212.0	159.0	255.0	240.0	186.0	367.0	372.0	277.0
