index	mortality	x	y	20171105 12:56:34.508	20171109 12:19:48.973	20171109 13:20:08.315	20171109 14:20:16.144	20171109 15:19:09.404	20171109 16:21:17.916	20171109 17:20:03.477	20171109 18:20:08.647	20171109 19:19:58.968	20171109 20:19:52.732	20171109 21:20:00.944	20171109 22:20:02.532	20171109 23:20:22.442	20171110 00:20:41.556	20171110 01:20:40.423	20171110 02:20:39.818	20171110 03:20:21.859	20171110 04:20:28.33	20171110 05:20:34.91	20171110 06:20:19.869	20171110 07:20:43.645	20171110 08:20:29.594	20171110 09:33:21.914	20171110 10:33:03.549	20171110 11:33:19.491	20171110 12:33:29.963	20171110 13:32:55.351	20171110 14:32:51.723	20171110 15:33:30.720	20171110 16:34:08.951	20171110 17:33:35.508	20171110 18:33:08.436	20171110 19:33:25.963	20171110 20:32:57.130	20171110 21:32:52.869	20171110 22:32:33.439	20171110 23:32:16.668	20171111 00:32:30.06	20171111 01:33:05.463
1	20171110 10:33:03.549	416.0	816.0	352.0	382.0	411.0	435.0	356.0	395.0	321.0	336.0	411.0	274.0	340.0	373.0	349.0	355.0	354.0	408.0	444.0	354.0	323.0	351.0	382.0	354.0	403.0	2885.0	1556.0	3281.0	4412.0	2662.0	2133.0	1906.0	1392.0	1671.0	958.0	1433.0	1178.0	1422.0	841.0	1437.0	918.0
2	20171110 10:33:03.549	411.0	817.0	348.0	384.0	340.0	308.0	346.0	339.0	395.0	324.0	339.0	378.0	324.0	346.0	289.0	268.0	270.0	355.0	368.0	276.0	313.0	418.0	352.0	353.0	389.0	2690.0	1484.0	3398.0	3017.0	1902.0	1564.0	1362.0	948.0	1392.0	840.0	909.0	822.0	863.0	694.0	865.0	628.0
3	20171110 12:33:29.963	415.0	812.0	327.0	450.0	343.0	434.0	354.0	360.0	290.0	409.0	328.0	277.0	302.0	346.0	275.0	392.0	346.0	362.0	382.0	369.0	383.0	329.0	399.0	479.0	371.0	1511.0	1176.0	2208.0	3550.0	1897.0	1553.0	1718.0	1190.0	1438.0	869.0	1395.0	890.0	1132.0	687.0	1040.0	764.0
4	20171110 10:33:03.549	410.0	811.0	407.0	297.0	414.0	398.0	339.0	310.0	423.0	324.0	428.0	314.0	337.0	337.0	302.0	407.0	320.0	364.0	471.0	408.0	315.0	371.0	332.0	339.0	295.0	1360.0	1063.0	1761.0	1590.0	1618.0	1413.0	1131.0	969.0	940.0	855.0	743.0	642.0	547.0	791.0	545.0	668.0
5	20171110 12:33:29.963	89.0	793.0	410.0	314.0	347.0	334.0	352.0	315.0	336.0	324.0	538.0	283.0	345.0	284.0	316.0	327.0	360.0	434.0	368.0	325.0	287.0	373.0	367.0	314.0	402.0	492.0	337.0	1780.0	1428.0	1636.0	1137.0	1387.0	1287.0	1207.0	953.0	989.0	884.0	804.0	784.0	859.0	754.0
6	20171110 12:33:29.963	83.0	790.0	345.0	320.0	371.0	348.0	300.0	331.0	326.0	321.0	328.0	271.0	334.0	359.0	373.0	286.0	273.0	253.0	347.0	284.0	346.0	308.0	281.0	349.0	272.0	424.0	1324.0	2136.0	2825.0	2465.0	2168.0	1875.0	1683.0	1648.0	1252.0	1097.0	1066.0	1125.0	1081.0	1080.0	895.0
7	20171110 12:33:29.963	89.0	790.0	410.0	371.0	391.0	380.0	362.0	315.0	349.0	322.0	538.0	287.0	325.0	334.0	292.0	432.0	437.0	434.0	368.0	338.0	295.0	327.0	292.0	285.0	406.0	492.0	389.0	1801.0	1428.0	1636.0	1137.0	1387.0	1287.0	1207.0	991.0	981.0	884.0	869.0	735.0	859.0	754.0
8	20171111 00:32:30.06	771.0	669.0	163.0	227.0	163.0	254.0	201.0	230.0	316.0	225.0	223.0	199.0	243.0	225.0	349.0	289.0	215.0	210.0	281.0	262.0	297.0	265.0	186.0	278.0	347.0	181.0	165.0	207.0	222.0	240.0	162.0	264.0	379.0	179.0	203.0	232.0	289.0	264.0	197.0	1363.0	879.0
9	20171110 17:33:35.508	21.0	643.0	505.0	314.0	302.0	328.0	302.0	284.0	371.0	316.0	341.0	288.0	377.0	246.0	318.0	296.0	352.0	323.0	395.0	380.0	332.0	381.0	289.0	344.0	377.0	373.0	520.0	618.0	421.0	553.0	674.0	828.0	2505.0	3254.0	2383.0	1702.0	2124.0	1640.0	1701.0	1656.0	1265.0
10	20171110 17:33:35.508	16.0	643.0	373.0	297.0	292.0	358.0	296.0	285.0	363.0	317.0	246.0	269.0	270.0	226.0	244.0	393.0	383.0	414.0	438.0	364.0	333.0	308.0	325.0	396.0	396.0	423.0	520.0	359.0	658.0	570.0	800.0	895.0	2576.0	3568.0	2570.0	2368.0	2251.0	2157.0	1435.0	1773.0	1674.0
11	20171110 17:33:35.508	21.0	638.0	336.0	368.0	304.0	349.0	363.0	305.0	419.0	354.0	362.0	313.0	286.0	319.0	252.0	363.0	314.0	333.0	416.0	348.0	318.0	292.0	333.0	336.0	342.0	375.0	447.0	405.0	404.0	457.0	479.0	680.0	1508.0	2118.0	1545.0	1536.0	1341.0	1149.0	1042.0	991.0	1055.0
12	20171110 17:33:35.508	16.0	638.0	396.0	270.0	294.0	329.0	351.0	263.0	364.0	428.0	274.0	311.0	414.0	346.0	339.0	415.0	339.0	376.0	356.0	408.0	274.0	324.0	359.0	291.0	306.0	303.0	458.0	402.0	459.0	438.0	585.0	812.0	1997.0	2978.0	1970.0	1890.0	1612.0	1591.0	1015.0	1270.0	1052.0
13	20171110 20:32:57.130	58.0	633.0	430.0	458.0	430.0	381.0	359.0	328.0	260.0	313.0	414.0	378.0	285.0	313.0	331.0	277.0	511.0	366.0	532.0	377.0	371.0	349.0	377.0	503.0	333.0	325.0	442.0	529.0	579.0	536.0	521.0	707.0	865.0	1508.0	1960.0	4909.0	3743.0	3477.0	2355.0	2866.0	2174.0
14	20171111 01:33:05.463	174.0	615.0	378.0	432.0	334.0	364.0	213.0	323.0	404.0	272.0	352.0	289.0	266.0	253.0	340.0	481.0	319.0	272.0	361.0	312.0	289.0	350.0	335.0	296.0	338.0	355.0	331.0	437.0	402.0	432.0	385.0	401.0	430.0	447.0	388.0	506.0	567.0	569.0	656.0	785.0	1522.0
15	20171110 22:32:33.439	903.0	611.0	140.0	293.0	232.0	242.0	199.0	211.0	215.0	168.0	257.0	172.0	131.0	242.0	162.0	226.0	197.0	157.0	219.0	222.0	205.0	225.0	204.0	182.0	216.0	189.0	209.0	339.0	291.0	327.0	282.0	234.0	321.0	464.0	404.0	382.0	733.0	1569.0	2498.0	2688.0	2100.0
16	20171110 22:32:33.439	894.0	608.0	245.0	266.0	277.0	177.0	158.0	229.0	193.0	259.0	218.0	189.0	182.0	258.0	264.0	264.0	230.0	164.0	217.0	167.0	223.0	320.0	165.0	242.0	219.0	251.0	252.0	283.0	297.0	276.0	359.0	293.0	285.0	369.0	297.0	438.0	480.0	1058.0	1455.0	1733.0	1273.0
17	20171110 23:32:16.668	177.0	611.0	384.0	289.0	369.0	486.0	379.0	324.0	338.0	332.0	403.0	398.0	438.0	275.0	328.0	311.0	316.0	292.0	282.0	393.0	277.0	314.0	397.0	285.0	448.0	285.0	354.0	393.0	363.0	415.0	333.0	389.0	367.0	392.0	391.0	493.0	532.0	501.0	668.0	635.0	951.0
18	20171111 01:33:05.463	173.0	611.0	391.0	393.0	435.0	399.0	300.0	352.0	461.0	333.0	431.0	316.0	310.0	371.0	385.0	389.0	335.0	322.0	386.0	363.0	257.0	371.0	412.0	276.0	306.0	315.0	348.0	365.0	318.0	427.0	330.0	312.0	354.0	386.0	345.0	385.0	546.0	530.0	624.0	710.0	1193.0
19	20171110 22:32:33.439	903.0	607.0	140.0	256.0	279.0	196.0	200.0	247.0	222.0	257.0	319.0	146.0	140.0	182.0	181.0	184.0	209.0	217.0	230.0	257.0	154.0	238.0	250.0	261.0	233.0	250.0	163.0	191.0	273.0	251.0	235.0	258.0	326.0	397.0	311.0	399.0	529.0	1513.0	2152.0	2439.0	1834.0
20	20171110 16:34:08.951	980.0	599.0	172.0	209.0	261.0	254.0	171.0	158.0	315.0	178.0	277.0	237.0	196.0	154.0	175.0	211.0	238.0	201.0	283.0	307.0	239.0	279.0	166.0	271.0	154.0	175.0	176.0	202.0	216.0	213.0	440.0	1240.0	1463.0	1447.0	961.0	848.0	996.0	997.0	818.0	764.0	775.0
21	20171110 16:34:08.951	974.0	598.0	183.0	173.0	274.0	191.0	203.0	275.0	162.0	324.0	211.0	158.0	194.0	190.0	228.0	237.0	214.0	232.0	219.0	216.0	252.0	201.0	214.0	238.0	268.0	238.0	175.0	182.0	139.0	401.0	267.0	1174.0	824.0	790.0	461.0	652.0	454.0	299.0	266.0	337.0	308.0
22	20171110 16:34:08.951	979.0	593.0	146.0	132.0	292.0	341.0	288.0	245.0	243.0	253.0	259.0	255.0	240.0	189.0	233.0	190.0	184.0	129.0	320.0	220.0	216.0	216.0	219.0	203.0	215.0	195.0	192.0	206.0	245.0	186.0	276.0	1029.0	1400.0	1720.0	1044.0	1081.0	1127.0	1004.0	849.0	800.0	802.0
23	20171110 16:34:08.951	974.0	593.0	190.0	216.0	201.0	312.0	280.0	228.0	189.0	234.0	278.0	157.0	207.0	190.0	236.0	203.0	247.0	226.0	173.0	212.0	254.0	314.0	198.0	240.0	243.0	246.0	222.0	260.0	216.0	188.0	335.0	1033.0	1114.0	1059.0	605.0	501.0	468.0	496.0	349.0	347.0	260.0
24	20171110 15:33:30.720	988.0	592.0	157.0	197.0	227.0	288.0	217.0	257.0	293.0	279.0	280.0	215.0	166.0	177.0	262.0	236.0	238.0	232.0	250.0	197.0	191.0	281.0	196.0	287.0	206.0	169.0	214.0	256.0	332.0	307.0	2155.0	603.0	239.0	330.0	151.0	333.0	310.0	302.0	166.0	353.0	263.0
25	20171110 15:33:30.720	991.0	591.0	248.0	323.0	301.0	221.0	269.0	231.0	178.0	180.0	213.0	226.0	163.0	212.0	276.0	244.0	247.0	196.0	316.0	274.0	199.0	161.0	181.0	192.0	231.0	258.0	266.0	213.0	332.0	267.0	2525.0	287.0	269.0	330.0	146.0	405.0	287.0	196.0	217.0	281.0	283.0
26	20171110 15:33:30.720	992.0	586.0	141.0	166.0	205.0	318.0	197.0	216.0	295.0	323.0	208.0	174.0	202.0	233.0	249.0	270.0	235.0	203.0	166.0	244.0	268.0	216.0	214.0	328.0	232.0	186.0	215.0	186.0	255.0	310.0	2210.0	265.0	330.0	345.0	269.0	189.0	387.0	304.0	243.0	301.0	302.0
27	20171110 15:33:30.720	988.0	586.0	210.0	227.0	282.0	278.0	194.0	248.0	249.0	167.0	208.0	170.0	233.0	172.0	199.0	313.0	256.0	183.0	255.0	241.0	302.0	229.0	178.0	207.0	273.0	233.0	234.0	245.0	151.0	192.0	2349.0	243.0	308.0	326.0	203.0	307.0	247.0	265.0	154.0	319.0	205.0
28	20171110 20:32:57.130	36.0	519.0	337.0	332.0	299.0	379.0	245.0	317.0	274.0	391.0	319.0	307.0	386.0	351.0	325.0	400.0	307.0	327.0	323.0	379.0	257.0	298.0	298.0	296.0	409.0	350.0	295.0	314.0	424.0	396.0	458.0	367.0	439.0	427.0	354.0	563.0	391.0	483.0	648.0	778.0	684.0
29	20171109 16:21:17.916	34.0	519.0	380.0	321.0	315.0	371.0	250.0	461.0	295.0	391.0	345.0	307.0	467.0	351.0	309.0	477.0	390.0	273.0	360.0	379.0	257.0	300.0	329.0	356.0	409.0	350.0	295.0	317.0	424.0	461.0	458.0	383.0	346.0	454.0	354.0	563.0	429.0	483.0	648.0	587.0	663.0
30	20171110 16:34:08.951	37.0	516.0	313.0	344.0	494.0	379.0	291.0	413.0	308.0	266.0	447.0	351.0	343.0	351.0	277.0	344.0	412.0	365.0	425.0	303.0	332.0	322.0	313.0	303.0	409.0	405.0	364.0	355.0	446.0	461.0	457.0	542.0	400.0	326.0	342.0	441.0	374.0	396.0	522.0	611.0	785.0
31	20171109 17:20:03.477	33.0	516.0	406.0	303.0	323.0	328.0	255.0	354.0	514.0	332.0	345.0	307.0	404.0	342.0	325.0	324.0	310.0	273.0	330.0	379.0	351.0	411.0	309.0	365.0	409.0	350.0	293.0	317.0	393.0	477.0	458.0	327.0	328.0	341.0	318.0	371.0	396.0	418.0	528.0	649.0	634.0
32	20171111 01:33:05.463	264.0	441.0	319.0	360.0	422.0	337.0	461.0	345.0	318.0	360.0	371.0	307.0	376.0	261.0	336.0	408.0	342.0	391.0	387.0	298.0	342.0	324.0	444.0	382.0	293.0	346.0	448.0	403.0	405.0	414.0	352.0	531.0	358.0	374.0	399.0	474.0	590.0	545.0	668.0	1020.0	2570.0
33	20171111 01:33:05.463	260.0	438.0	449.0	263.0	440.0	328.0	342.0	346.0	422.0	317.0	411.0	295.0	377.0	383.0	389.0	312.0	274.0	311.0	284.0	333.0	416.0	333.0	370.0	483.0	309.0	392.0	415.0	404.0	405.0	433.0	384.0	311.0	404.0	441.0	363.0	462.0	527.0	669.0	751.0	1130.0	2546.0
34	20171111 01:33:05.463	264.0	436.0	406.0	416.0	520.0	422.0	375.0	352.0	387.0	350.0	292.0	356.0	376.0	419.0	359.0	563.0	345.0	356.0	438.0	387.0	378.0	308.0	328.0	396.0	331.0	374.0	509.0	421.0	442.0	417.0	444.0	268.0	403.0	472.0	299.0	471.0	616.0	630.0	654.0	1096.0	2698.0
35	20171111 01:33:05.463	142.0	423.0	441.0	384.0	338.0	437.0	380.0	338.0	357.0	410.0	311.0	386.0	286.0	270.0	279.0	422.0	337.0	287.0	392.0	376.0	444.0	359.0	325.0	343.0	333.0	340.0	361.0	391.0	340.0	403.0	348.0	437.0	388.0	341.0	335.0	513.0	464.0	464.0	493.0	559.0	925.0
36	20171111 00:32:30.06	137.0	423.0	404.0	307.0	369.0	333.0	382.0	345.0	345.0	342.0	342.0	350.0	257.0	293.0	324.0	354.0	337.0	386.0	351.0	309.0	369.0	348.0	372.0	342.0	299.0	359.0	373.0	364.0	437.0	464.0	417.0	414.0	453.0	395.0	361.0	543.0	438.0	405.0	553.0	642.0	1012.0
37	20171111 00:32:30.06	139.0	418.0	390.0	449.0	320.0	442.0	329.0	321.0	470.0	327.0	381.0	301.0	303.0	316.0	289.0	300.0	342.0	416.0	374.0	322.0	329.0	350.0	330.0	300.0	376.0	298.0	337.0	368.0	335.0	330.0	321.0	477.0	489.0	392.0	364.0	451.0	633.0	597.0	540.0	1059.0	1422.0
38	20171110 15:33:30.720	47.0	357.0	381.0	281.0	422.0	268.0	258.0	420.0	393.0	368.0	451.0	339.0	276.0	319.0	348.0	359.0	334.0	336.0	400.0	296.0	340.0	431.0	328.0	329.0	323.0	315.0	305.0	495.0	494.0	461.0	514.0	490.0	363.0	423.0	434.0	426.0	418.0	390.0	526.0	589.0	758.0
39	20171110 23:32:16.668	44.0	356.0	414.0	414.0	313.0	310.0	412.0	412.0	362.0	355.0	307.0	339.0	358.0	374.0	348.0	328.0	287.0	310.0	434.0	332.0	375.0	301.0	348.0	329.0	314.0	321.0	417.0	477.0	446.0	453.0	514.0	415.0	393.0	368.0	459.0	379.0	394.0	371.0	557.0	440.0	758.0
40	20171110 12:33:29.963	48.0	353.0	378.0	326.0	400.0	375.0	369.0	442.0	455.0	416.0	346.0	279.0	372.0	346.0	393.0	383.0	337.0	333.0	432.0	394.0	382.0	392.0	347.0	374.0	334.0	341.0	379.0	497.0	385.0	480.0	329.0	408.0	436.0	324.0	356.0	408.0	438.0	431.0	452.0	635.0	673.0
41	20171110 15:33:30.720	44.0	353.0	404.0	417.0	405.0	338.0	412.0	325.0	373.0	285.0	359.0	339.0	358.0	317.0	323.0	328.0	349.0	307.0	402.0	332.0	424.0	282.0	351.0	295.0	288.0	404.0	307.0	477.0	446.0	451.0	514.0	361.0	300.0	395.0	459.0	364.0	354.0	318.0	446.0	477.0	711.0
42	20171110 16:34:08.951	401.0	297.0	412.0	398.0	483.0	424.0	325.0	329.0	409.0	357.0	309.0	419.0	449.0	348.0	351.0	428.0	449.0	317.0	403.0	360.0	352.0	374.0	353.0	339.0	372.0	381.0	483.0	506.0	522.0	635.0	1078.0	4049.0	3282.0	2419.0	2090.0	2900.0	1734.0	1171.0	1585.0	1311.0	1078.0
43	20171110 16:34:08.951	396.0	297.0	369.0	344.0	551.0	428.0	345.0	443.0	359.0	467.0	285.0	393.0	280.0	302.0	421.0	390.0	348.0	407.0	431.0	432.0	301.0	297.0	350.0	345.0	388.0	358.0	422.0	337.0	477.0	612.0	872.0	3169.0	2891.0	2130.0	1908.0	1963.0	1656.0	1442.0	1269.0	1126.0	855.0
44	20171110 22:32:33.439	1122.0	292.0	234.0	218.0	282.0	277.0	211.0	250.0	222.0	246.0	232.0	148.0	202.0	248.0	191.0	277.0	188.0	206.0	282.0	208.0	258.0	246.0	238.0	249.0	242.0	267.0	248.0	366.0	271.0	204.0	265.0	294.0	264.0	414.0	326.0	463.0	1130.0	3340.0	2061.0	2238.0	1814.0
45	20171110 16:34:08.951	401.0	293.0	390.0	356.0	413.0	440.0	308.0	354.0	371.0	416.0	389.0	347.0	341.0	340.0	336.0	425.0	383.0	360.0	444.0	430.0	419.0	370.0	397.0	432.0	433.0	526.0	494.0	581.0	464.0	841.0	1079.0	4297.0	3477.0	2610.0	2349.0	2926.0	1724.0	1618.0	1576.0	1512.0	1409.0
46	20171110 16:34:08.951	396.0	292.0	370.0	338.0	509.0	428.0	367.0	340.0	606.0	392.0	392.0	335.0	337.0	297.0	324.0	362.0	528.0	467.0	423.0	434.0	338.0	341.0	433.0	482.0	336.0	512.0	466.0	513.0	538.0	723.0	1211.0	3665.0	3354.0	2885.0	2318.0	2373.0	1792.0	1608.0	1377.0	1440.0	1471.0
47	20171110 22:32:33.439	1110.0	291.0	154.0	173.0	192.0	259.0	207.0	209.0	227.0	283.0	218.0	239.0	248.0	237.0	207.0	240.0	200.0	218.0	210.0	247.0	253.0	182.0	284.0	232.0	254.0	272.0	272.0	215.0	243.0	361.0	269.0	291.0	226.0	285.0	263.0	490.0	969.0	2749.0	1604.0	1857.0	1349.0
48	20171110 22:32:33.439	1120.0	287.0	211.0	238.0	332.0	290.0	160.0	230.0	201.0	232.0	229.0	268.0	199.0	305.0	256.0	153.0	189.0	199.0	208.0	202.0	256.0	215.0	183.0	250.0	258.0	319.0	279.0	224.0	230.0	295.0	287.0	281.0	247.0	295.0	307.0	456.0	986.0	2644.0	1766.0	1610.0	1594.0
49	20171110 22:32:33.439	1109.0	287.0	214.0	251.0	260.0	236.0	168.0	169.0	252.0	204.0	178.0	218.0	184.0	231.0	177.0	222.0	315.0	189.0	203.0	168.0	215.0	278.0	163.0	246.0	206.0	234.0	308.0	223.0	293.0	240.0	279.0	290.0	290.0	282.0	371.0	594.0	1004.0	2855.0	1597.0	2073.0	1526.0
50	20171110 22:32:33.439	759.0	275.0	406.0	358.0	349.0	475.0	345.0	420.0	324.0	323.0	369.0	335.0	322.0	365.0	336.0	318.0	319.0	268.0	370.0	369.0	377.0	359.0	286.0	477.0	333.0	318.0	332.0	524.0	350.0	416.0	317.0	432.0	448.0	620.0	761.0	772.0	1218.0	2791.0	3448.0	2978.0	2456.0
51	20171110 22:32:33.439	755.0	275.0	395.0	285.0	380.0	467.0	323.0	406.0	420.0	402.0	428.0	367.0	339.0	344.0	312.0	262.0	315.0	425.0	410.0	417.0	505.0	491.0	378.0	373.0	379.0	356.0	413.0	386.0	364.0	337.0	395.0	376.0	459.0	693.0	640.0	663.0	994.0	2387.0	3055.0	2559.0	2092.0
52	20171110 22:32:33.439	760.0	270.0	347.0	311.0	363.0	384.0	313.0	375.0	484.0	363.0	371.0	375.0	260.0	315.0	440.0	393.0	338.0	371.0	358.0	397.0	368.0	340.0	380.0	335.0	422.0	333.0	499.0	411.0	377.0	342.0	326.0	317.0	361.0	550.0	627.0	548.0	846.0	1345.0	1959.0	1632.0	1561.0
53	20171110 22:32:33.439	755.0	271.0	408.0	386.0	314.0	392.0	323.0	421.0	419.0	317.0	321.0	304.0	339.0	317.0	322.0	362.0	346.0	366.0	309.0	358.0	327.0	342.0	352.0	472.0	522.0	305.0	301.0	360.0	372.0	330.0	322.0	307.0	345.0	567.0	614.0	786.0	1167.0	1983.0	2571.0	2560.0	2083.0
54	20171111 00:32:30.06	594.0	261.0	247.0	240.0	212.0	273.0	200.0	260.0	183.0	176.0	218.0	126.0	212.0	230.0	264.0	224.0	209.0	232.0	281.0	204.0	200.0	195.0	197.0	315.0	219.0	267.0	197.0	333.0	218.0	270.0	244.0	274.0	271.0	261.0	215.0	330.0	346.0	610.0	496.0	938.0	1654.0
55	20171111 01:33:05.463	596.0	258.0	221.0	148.0	291.0	216.0	195.0	248.0	246.0	232.0	300.0	191.0	252.0	174.0	259.0	239.0	192.0	243.0	208.0	206.0	196.0	219.0	197.0	215.0	229.0	183.0	189.0	197.0	309.0	313.0	285.0	239.0	271.0	299.0	191.0	330.0	332.0	499.0	409.0	708.0	1551.0
56	20171111 01:33:05.463	590.0	257.0	185.0	262.0	268.0	303.0	251.0	202.0	278.0	180.0	258.0	164.0	208.0	215.0	200.0	193.0	216.0	215.0	268.0	218.0	219.0	219.0	161.0	286.0	251.0	209.0	242.0	198.0	254.0	299.0	253.0	267.0	358.0	216.0	267.0	330.0	297.0	385.0	389.0	627.0	1439.0
57	20171110 07:20:43.645	1304.0	228.0	84.0	232.0	161.0	207.0	144.0	231.0	245.0	261.0	266.0	194.0	189.0	269.0	228.0	222.0	275.0	166.0	255.0	245.0	248.0	177.0	565.0	253.0	121.0	216.0	190.0	176.0	193.0	260.0	216.0	188.0	287.0	265.0	219.0	255.0	247.0	179.0	284.0	270.0	326.0
58	20171110 00:20:41.556	1302.0	228.0	142.0	286.0	152.0	153.0	165.0	165.0	245.0	156.0	255.0	172.0	194.0	269.0	296.0	373.0	275.0	215.0	180.0	223.0	212.0	193.0	565.0	185.0	152.0	236.0	187.0	144.0	193.0	279.0	252.0	194.0	244.0	265.0	226.0	255.0	169.0	187.0	207.0	270.0	177.0
59	20171110 07:20:43.645	1304.0	225.0	117.0	256.0	116.0	313.0	267.0	214.0	222.0	229.0	229.0	199.0	202.0	269.0	190.0	280.0	275.0	195.0	255.0	265.0	248.0	209.0	573.0	201.0	208.0	271.0	182.0	155.0	193.0	251.0	265.0	171.0	253.0	272.0	178.0	188.0	188.0	260.0	249.0	270.0	197.0
60	20171110 07:20:43.645	1302.0	225.0	140.0	347.0	259.0	192.0	166.0	170.0	222.0	195.0	198.0	201.0	202.0	269.0	174.0	278.0	275.0	195.0	161.0	265.0	180.0	209.0	565.0	201.0	208.0	151.0	248.0	144.0	196.0	251.0	276.0	241.0	244.0	203.0	167.0	209.0	222.0	260.0	249.0	270.0	211.0
61	20171111 01:33:05.463	1143.0	169.0	203.0	329.0	198.0	214.0	211.0	227.0	205.0	161.0	257.0	180.0	365.0	180.0	222.0	193.0	228.0	222.0	333.0	207.0	186.0	244.0	175.0	300.0	251.0	253.0	283.0	247.0	212.0	246.0	197.0	328.0	331.0	289.0	354.0	348.0	455.0	378.0	448.0	690.0	1850.0
62	20171111 01:33:05.463	1139.0	164.0	191.0	228.0	225.0	309.0	170.0	236.0	186.0	299.0	250.0	215.0	169.0	160.0	219.0	217.0	242.0	202.0	241.0	215.0	336.0	223.0	235.0	195.0	299.0	299.0	197.0	204.0	199.0	205.0	339.0	359.0	237.0	340.0	264.0	367.0	416.0	483.0	527.0	860.0	2040.0
63	20171111 01:33:05.463	1144.0	163.0	231.0	159.0	142.0	294.0	256.0	220.0	237.0	198.0	262.0	210.0	263.0	215.0	236.0	263.0	245.0	251.0	280.0	184.0	280.0	210.0	191.0	243.0	263.0	204.0	187.0	239.0	249.0	194.0	323.0	269.0	346.0	337.0	286.0	337.0	370.0	463.0	550.0	1007.0	2531.0
64	20171111 00:32:30.06	253.0	159.0	427.0	591.0	303.0	403.0	367.0	451.0	309.0	377.0	445.0	340.0	336.0	277.0	332.0	377.0	249.0	438.0	397.0	273.0	253.0	322.0	356.0	443.0	344.0	435.0	362.0	309.0	266.0	297.0	366.0	286.0	389.0	274.0	337.0	353.0	449.0	419.0	510.0	722.0	856.0
65	20171111 00:32:30.06	250.0	159.0	401.0	591.0	342.0	400.0	384.0	316.0	287.0	345.0	445.0	285.0	336.0	294.0	272.0	367.0	311.0	316.0	397.0	293.0	299.0	411.0	311.0	443.0	397.0	346.0	329.0	304.0	291.0	290.0	275.0	242.0	309.0	349.0	337.0	368.0	449.0	429.0	542.0	551.0	856.0
66	20171111 01:33:05.463	254.0	156.0	378.0	476.0	353.0	393.0	339.0	338.0	301.0	377.0	334.0	362.0	307.0	380.0	367.0	332.0	269.0	456.0	437.0	290.0	319.0	432.0	394.0	316.0	497.0	359.0	362.0	313.0	379.0	416.0	372.0	286.0	304.0	394.0	318.0	353.0	432.0	430.0	463.0	507.0	791.0
67	20171111 01:33:05.463	250.0	156.0	420.0	403.0	328.0	450.0	351.0	409.0	499.0	356.0	348.0	335.0	368.0	323.0	403.0	437.0	311.0	332.0	325.0	365.0	456.0	401.0	361.0	443.0	369.0	301.0	353.0	360.0	291.0	321.0	303.0	265.0	309.0	300.0	337.0	430.0	449.0	465.0	478.0	526.0	856.0
68	20171110 03:20:21.859	449.0	124.0	357.0	298.0	425.0	294.0	290.0	392.0	280.0	373.0	275.0	241.0	309.0	350.0	294.0	302.0	273.0	329.0	426.0	345.0	332.0	303.0	324.0	335.0	307.0	253.0	266.0	330.0	326.0	302.0	266.0	317.0	396.0	378.0	459.0	421.0	466.0	369.0	415.0	517.0	566.0
69	20171110 03:20:21.859	446.0	126.0	323.0	285.0	374.0	354.0	377.0	285.0	334.0	334.0	298.0	241.0	377.0	292.0	286.0	326.0	277.0	280.0	440.0	345.0	306.0	399.0	288.0	424.0	381.0	319.0	288.0	282.0	326.0	357.0	274.0	314.0	337.0	360.0	344.0	466.0	379.0	331.0	367.0	549.0	592.0
70	20171110 18:33:08.436	446.0	123.0	415.0	320.0	325.0	410.0	334.0	311.0	345.0	326.0	316.0	273.0	377.0	287.0	343.0	294.0	333.0	271.0	402.0	345.0	300.0	420.0	349.0	424.0	257.0	351.0	292.0	264.0	405.0	357.0	221.0	232.0	355.0	403.0	414.0	399.0	379.0	326.0	484.0	549.0	543.0
71	20171109 12:19:48.973	71.0	29.0	0.0	370.0	450.0	441.0	431.0	428.0	602.0	443.0	436.0	388.0	533.0	378.0	429.0	461.0	456.0	483.0	461.0	645.0	385.0	434.0	432.0	443.0	418.0	403.0	421.0	427.0	429.0	342.0	380.0	510.0	445.0	345.0	399.0	351.0	500.0	414.0	380.0	426.0	414.0
