index	mortality	x	y	20140907 18:19:26.615	20140911 14:31:35.619	20140911 15:31:30.407	20140911 16:31:33.292	20140911 17:31:30.346	20140911 18:31:35.401	20140911 19:31:37.684	20140911 20:31:39.372	20140911 21:31:31.166	20140911 22:31:39.745	20140911 23:31:32.668	20140912 00:31:35.515	20140912 01:31:37.956	20140912 04:31:26.129	20140912 05:31:29.523	20140912 06:31:29.830	20140912 07:31:25.144	20140912 08:31:20.362	20140912 09:31:22.291	20140912 10:31:30.372	20140912 11:31:40.908	20140912 13:31:31.504	20140912 14:31:56.334	20140912 15:31:34.918	20140912 16:31:58.545	20140912 17:31:29.660	20140912 18:31:49.399	20140912 19:31:45.193	20140912 21:31:32.658	20140912 22:31:33.556	20140912 23:31:32.630	20140913 00:31:33.653	20140913 01:31:31.879	20140913 02:31:23.862	20140913 03:31:32.343	20140913 04:31:25.686	20140913 05:31:35.184	20140913 06:31:35.02	20140913 07:31:30.871	20140913 08:31:26.403	20140913 09:31:31.329	20140913 10:49:57.888	20140913 11:50:06.813	20140913 12:49:58.721	20140913 13:49:57.450	20140913 14:49:56.997
1	20140913 02:31:23.862	1106.0	1037.0	107.0	154.0	169.0	137.0	126.0	136.0	163.0	133.0	126.0	171.0	133.0	102.0	116.0	102.0	179.0	118.0	152.0	140.0	177.0	122.0	142.0	125.0	92.0	169.0	177.0	146.0	127.0	151.0	199.0	213.0	163.0	180.0	156.0	244.0	210.0	248.0	267.0	273.0	321.0	320.0	387.0	121.0	105.0	161.0	108.0	135.0
2	20140912 18:31:49.399	1103.0	1037.0	97.0	133.0	145.0	123.0	173.0	140.0	170.0	113.0	176.0	127.0	116.0	136.0	116.0	154.0	165.0	121.0	171.0	124.0	177.0	132.0	198.0	140.0	165.0	169.0	157.0	160.0	219.0	185.0	165.0	185.0	199.0	180.0	240.0	273.0	202.0	206.0	188.0	310.0	321.0	336.0	303.0	161.0	129.0	138.0	137.0	222.0
3	20140913 09:31:31.329	895.0	1035.0	134.0	186.0	188.0	146.0	157.0	145.0	127.0	173.0	162.0	157.0	130.0	112.0	139.0	154.0	125.0	154.0	143.0	120.0	139.0	117.0	159.0	155.0	121.0	161.0	187.0	117.0	189.0	140.0	166.0	115.0	162.0	164.0	152.0	219.0	144.0	128.0	137.0	127.0	111.0	129.0	233.0	327.0	247.0	163.0	174.0	180.0
4	20140913 09:31:31.329	893.0	1035.0	160.0	186.0	188.0	126.0	184.0	145.0	129.0	125.0	186.0	160.0	146.0	150.0	156.0	148.0	125.0	174.0	173.0	106.0	170.0	123.0	159.0	155.0	130.0	96.0	111.0	135.0	143.0	166.0	169.0	89.0	162.0	175.0	152.0	200.0	171.0	128.0	152.0	147.0	111.0	129.0	233.0	324.0	261.0	170.0	180.0	142.0
5	20140912 15:31:34.918	1098.0	1033.0	146.0	121.0	174.0	170.0	170.0	183.0	136.0	163.0	235.0	158.0	184.0	208.0	157.0	149.0	158.0	112.0	112.0	171.0	192.0	156.0	148.0	158.0	171.0	228.0	218.0	251.0	205.0	258.0	287.0	300.0	250.0	287.0	231.0	135.0	186.0	174.0	171.0	115.0	242.0	150.0	205.0	194.0	168.0	130.0	145.0	146.0
6	20140912 15:31:34.918	1096.0	1033.0	146.0	162.0	189.0	149.0	161.0	181.0	163.0	216.0	243.0	185.0	184.0	208.0	157.0	103.0	152.0	125.0	111.0	171.0	192.0	156.0	132.0	188.0	180.0	228.0	172.0	213.0	248.0	258.0	234.0	237.0	215.0	287.0	231.0	103.0	107.0	146.0	171.0	115.0	242.0	166.0	157.0	150.0	138.0	126.0	145.0	159.0
7	20140913 10:49:57.888	895.0	1033.0	134.0	186.0	188.0	146.0	148.0	114.0	112.0	179.0	155.0	171.0	127.0	112.0	139.0	180.0	110.0	141.0	208.0	106.0	139.0	135.0	191.0	155.0	158.0	127.0	100.0	165.0	143.0	122.0	169.0	171.0	153.0	137.0	170.0	219.0	145.0	94.0	137.0	166.0	111.0	134.0	147.0	327.0	192.0	185.0	166.0	234.0
8	20140913 02:31:23.862	893.0	1033.0	136.0	186.0	188.0	157.0	184.0	174.0	127.0	179.0	157.0	171.0	155.0	150.0	200.0	180.0	116.0	146.0	208.0	145.0	170.0	123.0	191.0	155.0	139.0	127.0	100.0	117.0	143.0	151.0	169.0	109.0	153.0	175.0	152.0	200.0	196.0	140.0	152.0	147.0	144.0	129.0	153.0	271.0	261.0	185.0	166.0	224.0
9	20140912 07:31:25.144	490.0	1032.0	122.0	120.0	114.0	95.0	123.0	149.0	159.0	139.0	194.0	113.0	163.0	145.0	147.0	169.0	176.0	174.0	289.0	282.0	275.0	359.0	246.0	311.0	273.0	224.0	318.0	228.0	377.0	313.0	271.0	348.0	219.0	311.0	287.0	163.0	125.0	141.0	103.0	161.0	165.0	143.0	146.0	114.0	126.0	120.0	100.0	165.0
10	20140912 06:31:29.830	484.0	1032.0	141.0	127.0	88.0	110.0	114.0	159.0	173.0	178.0	148.0	157.0	181.0	133.0	144.0	172.0	190.0	242.0	244.0	297.0	301.0	312.0	247.0	288.0	263.0	352.0	341.0	320.0	361.0	383.0	292.0	293.0	211.0	248.0	217.0	168.0	107.0	98.0	112.0	101.0	227.0	106.0	135.0	135.0	164.0	110.0	105.0	185.0
11	20140911 23:31:32.668	1119.0	1029.0	211.0	173.0	150.0	134.0	181.0	157.0	139.0	110.0	173.0	157.0	228.0	145.0	163.0	243.0	153.0	122.0	147.0	161.0	183.0	125.0	145.0	163.0	170.0	124.0	188.0	165.0	212.0	172.0	226.0	236.0	283.0	246.0	188.0	230.0	260.0	276.0	336.0	317.0	286.0	308.0	336.0	151.0	143.0	151.0	127.0	180.0
12	20140912 16:31:58.545	1098.0	1031.0	160.0	154.0	174.0	170.0	230.0	183.0	135.0	163.0	182.0	147.0	142.0	208.0	157.0	164.0	176.0	106.0	112.0	171.0	157.0	132.0	152.0	125.0	187.0	176.0	212.0	213.0	226.0	268.0	287.0	300.0	225.0	287.0	246.0	103.0	186.0	163.0	91.0	137.0	242.0	150.0	241.0	186.0	121.0	172.0	148.0	155.0
13	20140912 17:31:29.660	1096.0	1031.0	146.0	162.0	189.0	149.0	161.0	181.0	173.0	163.0	187.0	185.0	172.0	208.0	157.0	134.0	176.0	126.0	131.0	171.0	161.0	135.0	152.0	151.0	180.0	134.0	172.0	213.0	226.0	268.0	234.0	198.0	181.0	287.0	158.0	119.0	115.0	117.0	91.0	122.0	242.0	166.0	143.0	197.0	123.0	136.0	148.0	155.0
14	20140912 18:31:49.399	1124.0	1027.0	141.0	141.0	176.0	171.0	197.0	162.0	170.0	208.0	169.0	134.0	115.0	151.0	157.0	249.0	172.0	172.0	147.0	173.0	108.0	151.0	165.0	165.0	179.0	149.0	211.0	166.0	295.0	233.0	243.0	245.0	277.0	248.0	286.0	290.0	330.0	328.0	342.0	358.0	334.0	454.0	417.0	101.0	190.0	173.0	130.0	158.0
15	20140912 08:31:20.362	490.0	1028.0	100.0	144.0	164.0	153.0	92.0	125.0	167.0	117.0	127.0	151.0	155.0	99.0	148.0	151.0	192.0	215.0	180.0	257.0	234.0	228.0	273.0	252.0	250.0	273.0	297.0	265.0	368.0	379.0	292.0	350.0	230.0	261.0	246.0	140.0	133.0	146.0	128.0	129.0	120.0	127.0	144.0	123.0	127.0	89.0	151.0	190.0
16	20140912 09:31:22.291	484.0	1028.0	120.0	91.0	165.0	119.0	132.0	101.0	165.0	182.0	131.0	132.0	121.0	154.0	155.0	188.0	123.0	213.0	163.0	232.0	289.0	338.0	296.0	337.0	308.0	380.0	380.0	253.0	333.0	322.0	249.0	300.0	252.0	233.0	242.0	170.0	166.0	141.0	103.0	129.0	140.0	126.0	136.0	153.0	161.0	167.0	83.0	151.0
17	20140911 21:31:31.166	1327.0	1023.0	0.0	113.0	143.0	184.0	162.0	203.0	126.0	173.0	213.0	115.0	117.0	151.0	121.0	235.0	138.0	165.0	151.0	153.0	224.0	172.0	169.0	169.0	136.0	216.0	181.0	190.0	171.0	158.0	210.0	233.0	125.0	158.0	206.0	263.0	295.0	249.0	312.0	346.0	284.0	398.0	417.0	160.0	144.0	139.0	152.0	153.0
18	20140911 15:31:30.407	1324.0	1023.0	0.0	95.0	191.0	152.0	209.0	203.0	138.0	163.0	139.0	128.0	134.0	183.0	94.0	235.0	176.0	213.0	194.0	186.0	252.0	183.0	188.0	234.0	215.0	115.0	220.0	170.0	212.0	157.0	201.0	178.0	193.0	230.0	175.0	263.0	320.0	277.0	312.0	325.0	311.0	310.0	363.0	181.0	132.0	175.0	126.0	151.0
19	20140912 16:31:58.545	1129.0	1022.0	86.0	120.0	116.0	158.0	186.0	83.0	168.0	145.0	147.0	152.0	154.0	133.0	139.0	171.0	159.0	119.0	116.0	116.0	205.0	158.0	192.0	190.0	185.0	209.0	229.0	239.0	190.0	200.0	262.0	207.0	205.0	257.0	239.0	216.0	308.0	242.0	301.0	293.0	303.0	344.0	363.0	162.0	204.0	161.0	169.0	187.0
20	20140912 11:31:40.908	1124.0	1023.0	111.0	135.0	150.0	174.0	183.0	172.0	155.0	196.0	162.0	148.0	207.0	204.0	122.0	185.0	154.0	155.0	202.0	132.0	144.0	129.0	247.0	232.0	179.0	168.0	136.0	274.0	241.0	215.0	294.0	296.0	298.0	288.0	283.0	271.0	347.0	295.0	268.0	274.0	287.0	287.0	317.0	124.0	188.0	147.0	176.0	112.0
21	20140912 11:31:40.908	1328.0	1018.0	0.0	95.0	165.0	149.0	126.0	134.0	171.0	169.0	124.0	96.0	169.0	139.0	138.0	201.0	255.0	151.0	246.0	203.0	177.0	264.0	309.0	273.0	249.0	329.0	203.0	285.0	293.0	330.0	274.0	273.0	275.0	292.0	296.0	333.0	317.0	328.0	403.0	411.0	364.0	371.0	531.0	158.0	199.0	169.0	141.0	233.0
22	20140911 14:31:35.619	1320.0	1018.0	0.0	168.0	176.0	205.0	186.0	127.0	183.0	157.0	172.0	165.0	163.0	171.0	196.0	194.0	213.0	185.0	219.0	226.0	226.0	299.0	238.0	188.0	217.0	233.0	257.0	243.0	308.0	294.0	311.0	329.0	254.0	257.0	213.0	117.0	176.0	153.0	149.0	171.0	130.0	150.0	145.0	138.0	193.0	188.0	102.0	134.0
23	20140913 04:31:25.686	970.0	981.0	142.0	109.0	112.0	109.0	122.0	73.0	99.0	124.0	114.0	107.0	131.0	174.0	121.0	83.0	152.0	165.0	144.0	194.0	175.0	102.0	142.0	91.0	160.0	147.0	92.0	143.0	143.0	153.0	155.0	162.0	122.0	108.0	102.0	185.0	160.0	263.0	218.0	273.0	292.0	239.0	366.0	204.0	166.0	150.0	153.0	158.0
24	20140913 05:31:35.184	968.0	981.0	140.0	136.0	112.0	149.0	151.0	109.0	148.0	149.0	156.0	102.0	131.0	174.0	121.0	163.0	152.0	165.0	120.0	194.0	175.0	84.0	189.0	112.0	160.0	147.0	148.0	133.0	149.0	153.0	157.0	168.0	164.0	98.0	134.0	185.0	161.0	158.0	261.0	227.0	301.0	238.0	366.0	199.0	153.0	150.0	153.0	163.0
25	20140913 04:31:25.686	971.0	979.0	98.0	95.0	180.0	154.0	124.0	73.0	75.0	84.0	134.0	133.0	87.0	168.0	99.0	97.0	160.0	90.0	110.0	128.0	157.0	102.0	110.0	141.0	109.0	160.0	95.0	136.0	170.0	153.0	176.0	105.0	95.0	155.0	127.0	213.0	189.0	263.0	170.0	273.0	219.0	243.0	366.0	204.0	113.0	174.0	121.0	161.0
26	20140913 02:31:23.862	967.0	979.0	135.0	123.0	90.0	105.0	132.0	122.0	100.0	152.0	156.0	102.0	134.0	125.0	150.0	153.0	118.0	75.0	85.0	181.0	126.0	125.0	189.0	112.0	160.0	147.0	79.0	123.0	149.0	140.0	160.0	164.0	102.0	109.0	121.0	216.0	209.0	153.0	282.0	172.0	292.0	256.0	305.0	141.0	171.0	150.0	122.0	191.0
27	20140912 18:31:49.399	973.0	976.0	130.0	104.0	201.0	125.0	101.0	87.0	119.0	77.0	117.0	116.0	125.0	117.0	95.0	144.0	177.0	96.0	149.0	183.0	110.0	125.0	112.0	150.0	109.0	136.0	131.0	180.0	202.0	128.0	162.0	179.0	96.0	128.0	106.0	205.0	219.0	258.0	162.0	294.0	129.0	198.0	202.0	147.0	167.0	128.0	98.0	152.0
28	20140912 11:31:40.908	971.0	976.0	98.0	137.0	201.0	127.0	108.0	94.0	93.0	77.0	134.0	133.0	103.0	153.0	87.0	144.0	162.0	156.0	98.0	183.0	131.0	125.0	191.0	150.0	132.0	136.0	132.0	180.0	106.0	128.0	145.0	115.0	96.0	155.0	156.0	200.0	205.0	297.0	184.0	286.0	212.0	211.0	259.0	139.0	136.0	180.0	115.0	161.0
29	20140913 02:31:23.862	968.0	964.0	124.0	100.0	126.0	92.0	96.0	121.0	104.0	124.0	143.0	101.0	123.0	126.0	133.0	116.0	129.0	99.0	136.0	85.0	157.0	127.0	140.0	112.0	133.0	98.0	152.0	120.0	125.0	152.0	160.0	133.0	119.0	152.0	117.0	222.0	132.0	281.0	127.0	244.0	135.0	143.0	279.0	147.0	159.0	168.0	123.0	178.0
30	20140912 22:31:33.556	966.0	964.0	124.0	100.0	149.0	151.0	107.0	128.0	158.0	124.0	152.0	122.0	123.0	104.0	110.0	116.0	149.0	92.0	122.0	99.0	137.0	127.0	141.0	112.0	133.0	152.0	149.0	117.0	107.0	93.0	156.0	199.0	139.0	152.0	114.0	222.0	132.0	281.0	127.0	252.0	94.0	192.0	259.0	154.0	159.0	150.0	143.0	180.0
31	20140912 18:31:49.399	968.0	962.0	124.0	100.0	126.0	92.0	179.0	121.0	93.0	124.0	143.0	133.0	126.0	83.0	133.0	112.0	128.0	109.0	158.0	155.0	157.0	127.0	107.0	119.0	107.0	112.0	152.0	136.0	195.0	112.0	156.0	129.0	119.0	135.0	117.0	222.0	146.0	281.0	149.0	244.0	179.0	187.0	279.0	147.0	99.0	176.0	123.0	178.0
32	20140912 10:31:30.372	570.0	959.0	193.0	167.0	114.0	135.0	135.0	116.0	170.0	136.0	158.0	168.0	216.0	169.0	111.0	204.0	193.0	222.0	210.0	197.0	248.0	280.0	273.0	238.0	246.0	209.0	277.0	277.0	224.0	271.0	234.0	237.0	263.0	403.0	259.0	281.0	265.0	250.0	274.0	315.0	282.0	352.0	290.0	171.0	219.0	149.0	154.0	194.0
33	20140912 11:31:40.908	566.0	960.0	122.0	179.0	189.0	173.0	153.0	194.0	220.0	169.0	163.0	137.0	152.0	154.0	151.0	230.0	190.0	232.0	210.0	210.0	241.0	227.0	299.0	283.0	250.0	281.0	370.0	238.0	248.0	319.0	252.0	229.0	213.0	329.0	209.0	262.0	250.0	277.0	233.0	285.0	276.0	349.0	270.0	171.0	235.0	193.0	185.0	138.0
34	20140912 04:31:26.129	966.0	961.0	129.0	101.0	149.0	127.0	75.0	163.0	155.0	124.0	133.0	133.0	126.0	161.0	83.0	173.0	113.0	109.0	109.0	117.0	143.0	125.0	139.0	132.0	89.0	193.0	107.0	136.0	149.0	119.0	162.0	199.0	100.0	113.0	81.0	222.0	153.0	239.0	149.0	228.0	179.0	192.0	259.0	140.0	155.0	176.0	155.0	172.0
35	20140912 11:31:40.908	570.0	956.0	143.0	167.0	95.0	142.0	164.0	133.0	125.0	192.0	158.0	147.0	208.0	169.0	152.0	172.0	193.0	222.0	210.0	176.0	248.0	209.0	273.0	290.0	246.0	224.0	277.0	210.0	273.0	259.0	269.0	238.0	241.0	403.0	283.0	281.0	295.0	208.0	246.0	315.0	282.0	352.0	290.0	246.0	212.0	149.0	151.0	201.0
36	20140912 07:31:25.144	566.0	955.0	102.0	103.0	146.0	166.0	201.0	149.0	191.0	187.0	161.0	174.0	144.0	152.0	157.0	131.0	150.0	150.0	231.0	193.0	203.0	159.0	261.0	182.0	192.0	232.0	351.0	219.0	291.0	237.0	295.0	245.0	191.0	284.0	194.0	264.0	334.0	258.0	197.0	213.0	285.0	268.0	317.0	177.0	178.0	145.0	111.0	223.0
37	20140912 19:31:45.193	1077.0	950.0	148.0	116.0	179.0	127.0	139.0	146.0	134.0	87.0	114.0	128.0	161.0	145.0	148.0	175.0	186.0	121.0	162.0	136.0	192.0	155.0	170.0	137.0	142.0	158.0	196.0	182.0	187.0	253.0	222.0	249.0	165.0	232.0	201.0	189.0	255.0	203.0	223.0	205.0	235.0	277.0	306.0	119.0	179.0	140.0	185.0	142.0
38	20140912 19:31:45.193	1080.0	950.0	145.0	137.0	178.0	119.0	155.0	172.0	147.0	115.0	151.0	193.0	106.0	115.0	139.0	175.0	192.0	113.0	167.0	156.0	189.0	129.0	160.0	131.0	145.0	136.0	196.0	145.0	197.0	242.0	188.0	249.0	194.0	232.0	201.0	171.0	220.0	263.0	223.0	221.0	286.0	215.0	306.0	114.0	172.0	140.0	108.0	142.0
39	20140911 22:31:39.745	1080.0	947.0	99.0	137.0	151.0	149.0	105.0	115.0	170.0	132.0	180.0	224.0	126.0	136.0	159.0	163.0	192.0	135.0	170.0	100.0	186.0	148.0	172.0	149.0	135.0	157.0	178.0	154.0	182.0	246.0	162.0	187.0	165.0	168.0	169.0	215.0	220.0	263.0	218.0	231.0	216.0	251.0	228.0	156.0	144.0	177.0	195.0	200.0
40	20140911 15:31:30.407	1078.0	947.0	97.0	137.0	187.0	185.0	177.0	115.0	170.0	141.0	151.0	224.0	161.0	136.0	159.0	179.0	192.0	181.0	178.0	164.0	123.0	140.0	172.0	120.0	142.0	154.0	178.0	182.0	141.0	242.0	246.0	223.0	165.0	176.0	146.0	215.0	217.0	263.0	218.0	231.0	216.0	225.0	212.0	156.0	220.0	126.0	195.0	257.0
41	20140912 14:31:56.334	1008.0	945.0	124.0	120.0	171.0	166.0	128.0	113.0	139.0	138.0	194.0	118.0	178.0	126.0	144.0	203.0	183.0	167.0	155.0	117.0	199.0	154.0	143.0	183.0	229.0	138.0	204.0	136.0	130.0	172.0	151.0	176.0	143.0	179.0	117.0	194.0	238.0	211.0	188.0	265.0	204.0	241.0	293.0	163.0	141.0	200.0	165.0	174.0
42	20140911 21:31:31.166	1005.0	945.0	100.0	109.0	137.0	166.0	180.0	158.0	119.0	152.0	194.0	172.0	184.0	125.0	134.0	184.0	183.0	208.0	247.0	188.0	169.0	200.0	134.0	182.0	156.0	184.0	204.0	168.0	190.0	164.0	161.0	155.0	171.0	174.0	185.0	212.0	238.0	211.0	207.0	239.0	287.0	186.0	235.0	193.0	158.0	149.0	187.0	174.0
43	20140912 09:31:22.291	1008.0	942.0	136.0	122.0	171.0	144.0	151.0	113.0	146.0	95.0	178.0	148.0	156.0	124.0	147.0	150.0	151.0	121.0	169.0	134.0	199.0	117.0	130.0	138.0	148.0	170.0	204.0	122.0	129.0	130.0	133.0	176.0	151.0	135.0	120.0	149.0	145.0	191.0	144.0	265.0	204.0	278.0	293.0	199.0	146.0	187.0	177.0	175.0
44	20140911 23:31:32.668	1005.0	942.0	100.0	125.0	156.0	111.0	125.0	154.0	106.0	133.0	160.0	172.0	184.0	202.0	129.0	184.0	122.0	193.0	155.0	147.0	167.0	108.0	115.0	182.0	182.0	114.0	139.0	122.0	129.0	147.0	133.0	155.0	171.0	157.0	129.0	156.0	164.0	191.0	166.0	194.0	211.0	247.0	239.0	156.0	170.0	183.0	188.0	158.0
45	20140912 13:31:31.504	94.0	934.0	159.0	177.0	102.0	158.0	142.0	102.0	181.0	139.0	133.0	136.0	129.0	121.0	108.0	133.0	165.0	100.0	158.0	88.0	150.0	149.0	115.0	197.0	120.0	140.0	139.0	167.0	118.0	102.0	167.0	173.0	148.0	142.0	174.0	186.0	152.0	170.0	193.0	159.0	177.0	162.0	243.0	243.0	176.0	280.0	225.0	278.0
46	20140912 14:31:56.334	92.0	934.0	130.0	114.0	145.0	129.0	225.0	113.0	184.0	134.0	124.0	173.0	112.0	122.0	155.0	172.0	163.0	153.0	153.0	139.0	168.0	149.0	112.0	144.0	221.0	140.0	160.0	164.0	118.0	141.0	167.0	221.0	208.0	139.0	174.0	186.0	152.0	170.0	215.0	160.0	177.0	155.0	243.0	243.0	162.0	280.0	225.0	278.0
47	20140911 20:31:39.372	94.0	931.0	159.0	114.0	191.0	158.0	142.0	124.0	110.0	200.0	171.0	118.0	115.0	176.0	135.0	223.0	178.0	113.0	169.0	130.0	212.0	151.0	168.0	130.0	112.0	163.0	154.0	133.0	110.0	159.0	213.0	173.0	115.0	164.0	211.0	232.0	169.0	133.0	193.0	163.0	159.0	164.0	216.0	279.0	263.0	173.0	225.0	211.0
48	20140912 22:31:33.556	92.0	931.0	122.0	114.0	191.0	125.0	159.0	124.0	184.0	131.0	171.0	118.0	147.0	144.0	155.0	223.0	178.0	133.0	130.0	139.0	146.0	151.0	168.0	178.0	221.0	205.0	195.0	130.0	169.0	108.0	167.0	221.0	123.0	164.0	211.0	232.0	169.0	168.0	193.0	203.0	177.0	164.0	188.0	284.0	240.0	173.0	225.0	211.0
49	20140913 03:31:32.343	1048.0	910.0	174.0	123.0	164.0	112.0	198.0	112.0	139.0	131.0	125.0	144.0	137.0	134.0	134.0	125.0	166.0	158.0	150.0	157.0	150.0	150.0	185.0	179.0	197.0	147.0	177.0	147.0	183.0	143.0	219.0	100.0	148.0	131.0	134.0	170.0	218.0	143.0	148.0	227.0	227.0	157.0	137.0	335.0	169.0	210.0	127.0	226.0
50	20140913 03:31:32.343	1046.0	910.0	226.0	123.0	178.0	112.0	148.0	108.0	139.0	102.0	189.0	152.0	127.0	134.0	126.0	185.0	166.0	158.0	163.0	157.0	133.0	155.0	185.0	179.0	138.0	137.0	177.0	176.0	183.0	143.0	134.0	167.0	124.0	190.0	192.0	162.0	218.0	112.0	148.0	128.0	227.0	157.0	137.0	297.0	252.0	210.0	193.0	226.0
51	20140912 14:31:56.334	1048.0	907.0	125.0	123.0	164.0	149.0	198.0	121.0	139.0	125.0	106.0	111.0	161.0	187.0	100.0	131.0	122.0	142.0	144.0	127.0	135.0	142.0	185.0	160.0	197.0	162.0	202.0	159.0	183.0	155.0	111.0	132.0	184.0	195.0	134.0	132.0	218.0	145.0	153.0	227.0	137.0	195.0	169.0	285.0	229.0	258.0	208.0	226.0
52	20140912 06:31:29.830	1046.0	906.0	106.0	115.0	146.0	141.0	130.0	179.0	137.0	99.0	181.0	131.0	161.0	135.0	115.0	166.0	119.0	199.0	154.0	174.0	218.0	145.0	180.0	160.0	163.0	193.0	202.0	168.0	131.0	160.0	185.0	153.0	184.0	195.0	158.0	170.0	155.0	173.0	182.0	190.0	199.0	258.0	169.0	285.0	286.0	258.0	232.0	276.0
53	20140912 11:31:40.908	1168.0	905.0	109.0	118.0	151.0	158.0	173.0	127.0	126.0	149.0	97.0	197.0	121.0	161.0	132.0	158.0	120.0	149.0	189.0	138.0	174.0	195.0	228.0	166.0	97.0	150.0	143.0	122.0	166.0	142.0	153.0	152.0	131.0	244.0	163.0	199.0	168.0	142.0	196.0	198.0	141.0	158.0	235.0	351.0	305.0	250.0	204.0	269.0
54	20140913 00:31:33.653	1165.0	905.0	108.0	121.0	116.0	158.0	183.0	128.0	126.0	203.0	205.0	197.0	156.0	183.0	163.0	160.0	162.0	152.0	226.0	138.0	227.0	223.0	156.0	173.0	149.0	131.0	174.0	208.0	157.0	220.0	176.0	170.0	207.0	234.0	170.0	187.0	206.0	218.0	217.0	198.0	197.0	201.0	248.0	349.0	270.0	250.0	230.0	291.0
55	20140911 17:31:30.346	1203.0	902.0	123.0	125.0	127.0	153.0	223.0	159.0	129.0	150.0	136.0	138.0	150.0	128.0	160.0	209.0	165.0	173.0	158.0	159.0	175.0	175.0	176.0	249.0	151.0	228.0	199.0	202.0	244.0	211.0	200.0	231.0	192.0	219.0	233.0	201.0	230.0	209.0	225.0	290.0	209.0	216.0	302.0	193.0	194.0	218.0	201.0	187.0
56	20140912 07:31:25.144	1201.0	902.0	132.0	125.0	127.0	153.0	162.0	159.0	123.0	150.0	136.0	150.0	144.0	166.0	162.0	209.0	204.0	173.0	220.0	159.0	182.0	179.0	177.0	178.0	150.0	228.0	199.0	202.0	244.0	211.0	200.0	245.0	192.0	252.0	202.0	201.0	222.0	221.0	225.0	290.0	273.0	207.0	302.0	193.0	158.0	218.0	201.0	182.0
57	20140912 19:31:45.193	1164.0	900.0	119.0	113.0	200.0	186.0	148.0	108.0	236.0	124.0	164.0	196.0	172.0	113.0	179.0	193.0	167.0	196.0	234.0	189.0	244.0	244.0	234.0	237.0	269.0	221.0	223.0	219.0	201.0	312.0	278.0	308.0	222.0	208.0	313.0	249.0	256.0	242.0	300.0	313.0	393.0	323.0	436.0	254.0	253.0	259.0	240.0	271.0
58	20140912 04:31:26.129	1160.0	899.0	109.0	166.0	183.0	207.0	184.0	168.0	195.0	166.0	215.0	171.0	196.0	186.0	155.0	272.0	241.0	238.0	221.0	220.0	246.0	331.0	273.0	260.0	265.0	287.0	309.0	254.0	310.0	294.0	282.0	290.0	277.0	341.0	260.0	274.0	301.0	236.0	233.0	289.0	269.0	275.0	319.0	207.0	233.0	142.0	164.0	225.0
59	20140912 04:31:26.129	1203.0	900.0	144.0	125.0	192.0	153.0	223.0	140.0	150.0	147.0	169.0	138.0	145.0	114.0	160.0	209.0	142.0	173.0	158.0	159.0	201.0	175.0	176.0	166.0	212.0	243.0	153.0	196.0	188.0	203.0	223.0	161.0	180.0	219.0	207.0	210.0	270.0	205.0	225.0	290.0	214.0	216.0	292.0	185.0	210.0	218.0	164.0	187.0
60	20140912 04:31:26.129	1201.0	900.0	132.0	125.0	205.0	153.0	180.0	131.0	166.0	147.0	196.0	150.0	163.0	161.0	204.0	209.0	204.0	173.0	128.0	185.0	201.0	190.0	174.0	175.0	169.0	243.0	169.0	196.0	188.0	203.0	200.0	169.0	180.0	252.0	207.0	210.0	222.0	205.0	225.0	290.0	209.0	225.0	292.0	185.0	158.0	218.0	171.0	182.0
61	20140913 10:49:57.888	1125.0	867.0	124.0	100.0	178.0	103.0	155.0	145.0	144.0	118.0	148.0	114.0	126.0	217.0	133.0	159.0	111.0	155.0	130.0	125.0	114.0	119.0	159.0	187.0	140.0	125.0	173.0	176.0	110.0	120.0	115.0	180.0	131.0	153.0	97.0	130.0	106.0	137.0	88.0	188.0	158.0	175.0	135.0	305.0	108.0	230.0	217.0	258.0
62	20140912 22:31:33.556	1123.0	866.0	172.0	127.0	205.0	194.0	121.0	162.0	102.0	163.0	144.0	134.0	149.0	147.0	118.0	159.0	152.0	150.0	130.0	125.0	111.0	106.0	167.0	167.0	138.0	160.0	167.0	176.0	159.0	140.0	151.0	228.0	147.0	142.0	117.0	107.0	104.0	125.0	146.0	188.0	173.0	147.0	192.0	305.0	152.0	261.0	195.0	266.0
63	20140912 15:31:34.918	1125.0	863.0	173.0	136.0	162.0	194.0	116.0	209.0	149.0	94.0	193.0	123.0	149.0	143.0	138.0	174.0	155.0	112.0	123.0	88.0	158.0	106.0	167.0	135.0	138.0	210.0	167.0	115.0	155.0	145.0	151.0	152.0	145.0	127.0	160.0	126.0	118.0	162.0	146.0	138.0	150.0	185.0	197.0	259.0	262.0	261.0	209.0	225.0
64	20140911 21:31:31.166	1123.0	863.0	173.0	145.0	158.0	194.0	161.0	209.0	149.0	88.0	193.0	134.0	172.0	194.0	118.0	174.0	121.0	132.0	169.0	146.0	158.0	125.0	167.0	158.0	138.0	117.0	167.0	137.0	159.0	145.0	151.0	228.0	147.0	177.0	235.0	176.0	167.0	167.0	151.0	138.0	173.0	185.0	197.0	259.0	226.0	271.0	209.0	268.0
65	20140911 22:31:39.745	1199.0	860.0	99.0	138.0	159.0	123.0	123.0	152.0	178.0	154.0	153.0	185.0	176.0	133.0	167.0	214.0	165.0	240.0	222.0	164.0	248.0	230.0	259.0	242.0	267.0	245.0	207.0	231.0	167.0	218.0	243.0	234.0	235.0	234.0	242.0	242.0	266.0	187.0	197.0	204.0	210.0	254.0	248.0	146.0	138.0	177.0	187.0	192.0
66	20140911 17:31:30.346	1196.0	860.0	140.0	92.0	175.0	171.0	239.0	163.0	178.0	165.0	220.0	227.0	168.0	263.0	144.0	218.0	217.0	228.0	222.0	174.0	221.0	210.0	259.0	242.0	184.0	227.0	213.0	231.0	157.0	176.0	243.0	231.0	237.0	286.0	200.0	210.0	228.0	168.0	179.0	226.0	210.0	207.0	230.0	176.0	210.0	153.0	168.0	192.0
67	20140912 06:31:29.830	1198.0	857.0	153.0	120.0	159.0	129.0	153.0	158.0	169.0	124.0	117.0	227.0	170.0	164.0	109.0	171.0	181.0	240.0	171.0	164.0	248.0	230.0	176.0	242.0	267.0	198.0	184.0	163.0	230.0	214.0	243.0	220.0	160.0	191.0	205.0	220.0	228.0	192.0	169.0	226.0	225.0	224.0	247.0	163.0	160.0	135.0	207.0	203.0
68	20140911 17:31:30.346	1196.0	857.0	153.0	120.0	113.0	114.0	239.0	158.0	113.0	188.0	148.0	227.0	162.0	164.0	131.0	171.0	177.0	228.0	178.0	164.0	167.0	204.0	176.0	242.0	168.0	198.0	184.0	163.0	230.0	214.0	243.0	220.0	152.0	157.0	200.0	220.0	228.0	192.0	127.0	226.0	164.0	224.0	230.0	163.0	210.0	135.0	156.0	162.0
69	20140912 15:31:34.918	79.0	811.0	116.0	111.0	128.0	172.0	119.0	127.0	162.0	125.0	154.0	154.0	149.0	168.0	125.0	156.0	147.0	146.0	155.0	98.0	192.0	211.0	171.0	176.0	335.0	753.0	866.0	709.0	973.0	843.0	703.0	801.0	680.0	765.0	663.0	676.0	686.0	638.0	707.0	679.0	674.0	565.0	633.0	157.0	146.0	201.0	178.0	150.0
70	20140912 15:31:34.918	59.0	808.0	126.0	149.0	213.0	160.0	112.0	164.0	145.0	131.0	145.0	199.0	128.0	135.0	127.0	167.0	133.0	134.0	175.0	133.0	97.0	112.0	145.0	148.0	174.0	278.0	336.0	269.0	347.0	300.0	325.0	302.0	283.0	288.0	288.0	342.0	361.0	351.0	451.0	371.0	403.0	348.0	374.0	165.0	218.0	115.0	170.0	121.0
71	20140912 19:31:45.193	46.0	808.0	148.0	104.0	114.0	118.0	107.0	111.0	118.0	154.0	107.0	152.0	160.0	148.0	99.0	131.0	131.0	113.0	152.0	159.0	130.0	145.0	155.0	179.0	179.0	227.0	257.0	268.0	264.0	368.0	273.0	359.0	277.0	346.0	289.0	347.0	407.0	422.0	449.0	444.0	364.0	331.0	470.0	160.0	227.0	176.0	210.0	179.0
72	20140912 16:31:58.545	41.0	809.0	210.0	98.0	132.0	136.0	159.0	125.0	158.0	145.0	120.0	166.0	154.0	125.0	108.0	126.0	142.0	139.0	193.0	124.0	148.0	161.0	156.0	184.0	188.0	226.0	345.0	254.0	317.0	273.0	269.0	306.0	294.0	357.0	267.0	408.0	443.0	534.0	385.0	390.0	406.0	362.0	361.0	133.0	179.0	175.0	131.0	186.0
73	20140912 15:31:34.918	67.0	807.0	127.0	107.0	129.0	142.0	99.0	166.0	91.0	128.0	138.0	144.0	139.0	129.0	110.0	151.0	154.0	123.0	149.0	118.0	164.0	188.0	108.0	194.0	226.0	449.0	514.0	457.0	631.0	531.0	618.0	483.0	574.0	417.0	442.0	460.0	479.0	556.0	554.0	466.0	452.0	431.0	500.0	181.0	204.0	110.0	114.0	173.0
74	20140912 16:31:58.545	50.0	808.0	111.0	117.0	126.0	115.0	161.0	99.0	109.0	154.0	126.0	157.0	142.0	171.0	111.0	197.0	134.0	185.0	91.0	141.0	118.0	139.0	125.0	88.0	164.0	221.0	298.0	322.0	283.0	309.0	259.0	290.0	238.0	294.0	237.0	386.0	327.0	296.0	340.0	366.0	313.0	336.0	337.0	135.0	171.0	179.0	168.0	196.0
75	20140912 16:31:58.545	41.0	806.0	210.0	109.0	133.0	104.0	184.0	166.0	112.0	135.0	171.0	143.0	149.0	129.0	108.0	129.0	129.0	139.0	172.0	86.0	111.0	172.0	119.0	172.0	188.0	189.0	285.0	305.0	380.0	304.0	236.0	306.0	294.0	298.0	257.0	406.0	367.0	384.0	372.0	323.0	330.0	362.0	361.0	134.0	179.0	175.0	120.0	213.0
76	20140912 15:31:34.918	76.0	805.0	100.0	118.0	115.0	118.0	171.0	111.0	98.0	138.0	168.0	133.0	191.0	137.0	135.0	159.0	153.0	171.0	214.0	154.0	174.0	174.0	237.0	174.0	337.0	1162.0	1025.0	944.0	938.0	1037.0	931.0	880.0	757.0	1061.0	880.0	766.0	838.0	747.0	714.0	821.0	597.0	644.0	734.0	152.0	217.0	201.0	150.0	162.0
77	20140911 17:31:30.346	1195.0	782.0	84.0	113.0	146.0	134.0	216.0	187.0	160.0	152.0	192.0	137.0	133.0	109.0	109.0	149.0	128.0	141.0	172.0	173.0	170.0	126.0	189.0	129.0	162.0	205.0	190.0	167.0	161.0	144.0	216.0	173.0	202.0	237.0	189.0	220.0	239.0	234.0	316.0	245.0	217.0	259.0	302.0	176.0	157.0	160.0	191.0	253.0
78	20140912 00:31:35.515	1193.0	783.0	95.0	157.0	146.0	134.0	179.0	144.0	160.0	142.0	129.0	203.0	173.0	224.0	163.0	149.0	135.0	185.0	172.0	144.0	151.0	249.0	125.0	160.0	145.0	167.0	200.0	167.0	174.0	153.0	173.0	192.0	197.0	223.0	228.0	225.0	230.0	205.0	316.0	240.0	265.0	295.0	287.0	142.0	208.0	192.0	148.0	253.0
79	20140912 21:31:32.658	1195.0	778.0	120.0	129.0	135.0	140.0	140.0	108.0	157.0	104.0	160.0	171.0	202.0	119.0	123.0	136.0	149.0	181.0	167.0	193.0	178.0	146.0	147.0	162.0	174.0	216.0	213.0	167.0	190.0	217.0	234.0	209.0	188.0	218.0	248.0	288.0	327.0	308.0	335.0	325.0	335.0	296.0	333.0	174.0	183.0	160.0	232.0	307.0
80	20140912 09:31:22.291	1192.0	777.0	138.0	139.0	153.0	146.0	179.0	99.0	149.0	166.0	149.0	159.0	141.0	194.0	95.0	157.0	129.0	180.0	175.0	193.0	325.0	197.0	219.0	180.0	174.0	202.0	162.0	241.0	172.0	270.0	272.0	252.0	211.0	328.0	283.0	276.0	335.0	308.0	335.0	322.0	376.0	237.0	250.0	165.0	224.0	161.0	146.0	199.0
81	20140912 04:31:26.129	703.0	637.0	122.0	189.0	239.0	189.0	207.0	204.0	207.0	182.0	202.0	200.0	223.0	255.0	210.0	306.0	256.0	257.0	321.0	367.0	342.0	329.0	322.0	379.0	371.0	394.0	397.0	373.0	476.0	486.0	349.0	325.0	357.0	307.0	298.0	294.0	344.0	314.0	375.0	327.0	304.0	287.0	356.0	155.0	132.0	196.0	151.0	229.0
82	20140912 07:31:25.144	707.0	636.0	108.0	124.0	172.0	154.0	124.0	195.0	136.0	163.0	156.0	171.0	139.0	175.0	185.0	235.0	241.0	268.0	374.0	266.0	230.0	306.0	315.0	361.0	283.0	319.0	345.0	259.0	457.0	374.0	376.0	304.0	311.0	322.0	276.0	306.0	353.0	321.0	340.0	337.0	349.0	336.0	380.0	202.0	169.0	195.0	146.0	160.0
83	20140912 06:31:29.830	706.0	631.0	121.0	172.0	233.0	162.0	134.0	126.0	127.0	152.0	208.0	184.0	147.0	161.0	193.0	323.0	303.0	355.0	334.0	419.0	398.0	392.0	511.0	568.0	458.0	415.0	459.0	435.0	381.0	460.0	424.0	409.0	389.0	484.0	465.0	427.0	548.0	461.0	470.0	566.0	480.0	417.0	516.0	167.0	202.0	193.0	158.0	215.0
84	20140912 05:31:29.523	701.0	630.0	106.0	154.0	176.0	214.0	234.0	194.0	173.0	262.0	261.0	286.0	218.0	214.0	259.0	333.0	405.0	398.0	322.0	456.0	472.0	515.0	509.0	612.0	558.0	573.0	570.0	567.0	520.0	587.0	603.0	609.0	454.0	498.0	466.0	465.0	453.0	532.0	373.0	390.0	364.0	434.0	396.0	217.0	157.0	130.0	174.0	178.0
85	20140912 04:31:26.129	504.0	600.0	117.0	142.0	196.0	156.0	144.0	143.0	205.0	201.0	203.0	197.0	152.0	171.0	142.0	301.0	208.0	188.0	234.0	209.0	220.0	204.0	218.0	233.0	259.0	187.0	237.0	180.0	297.0	294.0	289.0	275.0	246.0	251.0	242.0	359.0	302.0	301.0	308.0	266.0	398.0	317.0	327.0	238.0	199.0	239.0	167.0	221.0
86	20140912 08:31:20.362	500.0	601.0	121.0	182.0	220.0	223.0	185.0	189.0	196.0	195.0	184.0	181.0	189.0	187.0	152.0	203.0	197.0	213.0	229.0	261.0	232.0	243.0	256.0	281.0	243.0	246.0	290.0	234.0	296.0	330.0	345.0	281.0	311.0	253.0	347.0	291.0	298.0	307.0	276.0	339.0	296.0	282.0	285.0	210.0	146.0	198.0	198.0	324.0
87	20140912 10:31:30.372	504.0	596.0	117.0	146.0	196.0	188.0	141.0	125.0	147.0	221.0	134.0	144.0	154.0	185.0	150.0	185.0	160.0	175.0	216.0	218.0	194.0	250.0	218.0	300.0	281.0	254.0	304.0	265.0	250.0	223.0	308.0	262.0	204.0	272.0	253.0	344.0	270.0	276.0	311.0	322.0	284.0	278.0	341.0	185.0	252.0	191.0	182.0	201.0
88	20140912 09:31:22.291	500.0	595.0	102.0	150.0	182.0	222.0	191.0	158.0	188.0	192.0	153.0	212.0	200.0	229.0	126.0	222.0	215.0	169.0	197.0	198.0	285.0	306.0	332.0	306.0	251.0	279.0	269.0	214.0	309.0	287.0	344.0	317.0	243.0	292.0	244.0	359.0	217.0	349.0	294.0	268.0	233.0	306.0	293.0	179.0	132.0	206.0	183.0	203.0
89	20140912 04:31:26.129	659.0	569.0	125.0	162.0	223.0	199.0	163.0	159.0	205.0	208.0	227.0	181.0	180.0	184.0	182.0	356.0	298.0	296.0	272.0	361.0	269.0	289.0	227.0	285.0	286.0	251.0	361.0	252.0	367.0	271.0	254.0	311.0	225.0	241.0	304.0	159.0	142.0	256.0	208.0	182.0	187.0	207.0	228.0	162.0	237.0	154.0	169.0	277.0
90	20140912 04:31:26.129	662.0	568.0	109.0	149.0	191.0	178.0	201.0	155.0	172.0	208.0	202.0	195.0	199.0	232.0	168.0	292.0	321.0	296.0	298.0	361.0	336.0	340.0	283.0	289.0	318.0	288.0	336.0	295.0	389.0	284.0	291.0	311.0	340.0	342.0	266.0	162.0	238.0	256.0	235.0	241.0	209.0	227.0	240.0	131.0	179.0	173.0	168.0	187.0
91	20140912 04:31:26.129	664.0	565.0	148.0	212.0	185.0	178.0	201.0	180.0	173.0	201.0	275.0	195.0	199.0	232.0	208.0	324.0	339.0	354.0	374.0	342.0	312.0	361.0	310.0	304.0	335.0	264.0	320.0	330.0	459.0	359.0	327.0	365.0	294.0	264.0	291.0	206.0	245.0	286.0	269.0	232.0	289.0	237.0	256.0	208.0	179.0	166.0	189.0	225.0
92	20140912 04:31:26.129	659.0	565.0	127.0	157.0	172.0	168.0	217.0	191.0	162.0	209.0	185.0	183.0	209.0	237.0	197.0	393.0	315.0	265.0	317.0	298.0	332.0	319.0	259.0	268.0	330.0	276.0	282.0	219.0	335.0	317.0	253.0	226.0	234.0	219.0	279.0	250.0	218.0	237.0	253.0	249.0	229.0	130.0	252.0	135.0	190.0	145.0	161.0	154.0
93	20140912 18:31:49.399	1120.0	475.0	155.0	150.0	165.0	188.0	150.0	141.0	182.0	136.0	171.0	103.0	166.0	96.0	132.0	106.0	110.0	225.0	131.0	157.0	185.0	129.0	155.0	153.0	126.0	147.0	170.0	106.0	1526.0	120.0	131.0	116.0	104.0	174.0	143.0	139.0	121.0	119.0	129.0	158.0	130.0	146.0	198.0	114.0	188.0	144.0	141.0	152.0
94	20140912 18:31:49.399	1117.0	475.0	152.0	104.0	193.0	188.0	131.0	179.0	130.0	136.0	225.0	100.0	107.0	149.0	132.0	189.0	110.0	183.0	97.0	168.0	185.0	128.0	142.0	153.0	112.0	147.0	170.0	159.0	1236.0	139.0	130.0	173.0	135.0	134.0	144.0	139.0	157.0	101.0	129.0	120.0	142.0	150.0	198.0	161.0	188.0	126.0	175.0	180.0
95	20140912 18:31:49.399	1120.0	472.0	127.0	100.0	159.0	136.0	188.0	126.0	145.0	123.0	144.0	148.0	154.0	99.0	150.0	127.0	162.0	142.0	143.0	132.0	134.0	172.0	238.0	128.0	127.0	118.0	118.0	101.0	1526.0	173.0	117.0	168.0	146.0	116.0	143.0	146.0	174.0	80.0	129.0	158.0	128.0	140.0	198.0	106.0	261.0	141.0	120.0	134.0
96	20140912 11:31:40.908	1117.0	472.0	127.0	131.0	137.0	145.0	167.0	139.0	137.0	113.0	135.0	138.0	144.0	149.0	121.0	200.0	123.0	88.0	151.0	85.0	152.0	128.0	238.0	159.0	138.0	114.0	114.0	159.0	177.0	131.0	130.0	168.0	135.0	176.0	143.0	134.0	132.0	98.0	129.0	111.0	95.0	140.0	198.0	161.0	177.0	126.0	175.0	158.0
97	20140912 18:31:49.399	1125.0	470.0	119.0	128.0	130.0	127.0	128.0	132.0	170.0	186.0	164.0	163.0	133.0	153.0	86.0	168.0	161.0	155.0	182.0	109.0	126.0	108.0	179.0	145.0	133.0	137.0	179.0	90.0	11825.0	131.0	108.0	177.0	121.0	117.0	119.0	138.0	173.0	118.0	141.0	137.0	128.0	121.0	136.0	135.0	211.0	86.0	136.0	163.0
98	20140912 18:31:49.399	1128.0	470.0	143.0	103.0	161.0	95.0	134.0	142.0	170.0	152.0	189.0	74.0	131.0	111.0	91.0	120.0	128.0	95.0	182.0	68.0	180.0	128.0	140.0	112.0	131.0	137.0	138.0	138.0	8985.0	138.0	133.0	172.0	139.0	121.0	133.0	106.0	137.0	132.0	94.0	186.0	126.0	118.0	174.0	135.0	120.0	153.0	136.0	143.0
99	20140912 18:31:49.399	1128.0	468.0	142.0	147.0	109.0	146.0	153.0	111.0	150.0	135.0	208.0	86.0	190.0	149.0	92.0	134.0	122.0	95.0	145.0	101.0	161.0	114.0	136.0	99.0	137.0	137.0	138.0	138.0	8985.0	184.0	133.0	172.0	139.0	121.0	104.0	140.0	137.0	136.0	119.0	123.0	145.0	130.0	174.0	174.0	143.0	186.0	136.0	125.0
100	20140912 18:31:49.399	1125.0	467.0	79.0	145.0	150.0	138.0	121.0	146.0	150.0	140.0	208.0	163.0	190.0	149.0	91.0	197.0	155.0	155.0	133.0	142.0	115.0	98.0	136.0	173.0	146.0	137.0	143.0	158.0	11825.0	193.0	113.0	177.0	133.0	146.0	104.0	109.0	173.0	118.0	120.0	107.0	145.0	116.0	109.0	174.0	211.0	121.0	149.0	159.0
101	20140912 13:31:31.504	56.0	446.0	89.0	103.0	126.0	126.0	152.0	173.0	104.0	169.0	185.0	176.0	96.0	122.0	121.0	142.0	154.0	152.0	180.0	210.0	190.0	277.0	320.0	390.0	309.0	305.0	389.0	304.0	328.0	298.0	345.0	340.0	346.0	384.0	465.0	389.0	395.0	404.0	401.0	501.0	519.0	419.0	600.0	185.0	138.0	185.0	171.0	179.0
102	20140912 10:31:30.372	52.0	446.0	112.0	111.0	146.0	182.0	178.0	101.0	190.0	177.0	213.0	134.0	156.0	135.0	207.0	194.0	144.0	122.0	136.0	159.0	115.0	452.0	436.0	411.0	422.0	516.0	488.0	462.0	445.0	503.0	534.0	447.0	390.0	465.0	381.0	458.0	396.0	313.0	399.0	372.0	336.0	301.0	485.0	103.0	181.0	153.0	90.0	195.0
103	20140912 13:31:31.504	56.0	442.0	153.0	123.0	144.0	155.0	177.0	122.0	153.0	150.0	102.0	154.0	184.0	140.0	132.0	139.0	137.0	136.0	150.0	149.0	133.0	256.0	260.0	353.0	343.0	302.0	352.0	397.0	334.0	334.0	331.0	298.0	336.0	337.0	345.0	336.0	355.0	350.0	453.0	430.0	400.0	383.0	421.0	167.0	169.0	164.0	126.0	127.0
104	20140912 10:31:30.372	51.0	442.0	89.0	148.0	146.0	118.0	96.0	121.0	130.0	139.0	136.0	125.0	164.0	155.0	107.0	151.0	174.0	138.0	112.0	192.0	165.0	349.0	384.0	307.0	416.0	327.0	439.0	383.0	380.0	433.0	383.0	405.0	364.0	356.0	343.0	254.0	259.0	314.0	227.0	318.0	272.0	261.0	293.0	145.0	260.0	268.0	159.0	169.0
105	20140912 21:31:32.658	615.0	436.0	121.0	109.0	97.0	155.0	217.0	111.0	133.0	172.0	151.0	146.0	138.0	150.0	143.0	169.0	161.0	127.0	195.0	195.0	195.0	123.0	174.0	191.0	154.0	187.0	216.0	197.0	215.0	212.0	256.0	258.0	182.0	195.0	224.0	261.0	337.0	274.0	317.0	298.0	318.0	301.0	326.0	272.0	189.0	201.0	170.0	242.0
106	20140911 22:31:39.745	610.0	435.0	140.0	121.0	148.0	159.0	181.0	149.0	140.0	214.0	175.0	240.0	130.0	182.0	162.0	174.0	196.0	184.0	166.0	175.0	210.0	220.0	220.0	249.0	238.0	188.0	241.0	202.0	236.0	272.0	232.0	336.0	271.0	320.0	252.0	348.0	316.0	337.0	293.0	304.0	293.0	296.0	339.0	158.0	228.0	156.0	191.0	209.0
107	20140912 19:31:45.193	614.0	431.0	197.0	118.0	144.0	134.0	90.0	154.0	154.0	143.0	182.0	169.0	164.0	176.0	136.0	133.0	156.0	170.0	193.0	136.0	166.0	149.0	209.0	183.0	162.0	160.0	187.0	197.0	211.0	237.0	259.0	282.0	237.0	289.0	293.0	265.0	281.0	309.0	271.0	365.0	333.0	273.0	338.0	184.0	220.0	146.0	191.0	247.0
108	20140912 13:31:31.504	610.0	431.0	173.0	184.0	117.0	142.0	142.0	165.0	139.0	174.0	152.0	156.0	118.0	143.0	147.0	235.0	191.0	197.0	197.0	177.0	166.0	199.0	229.0	240.0	157.0	212.0	184.0	220.0	181.0	212.0	337.0	274.0	250.0	305.0	333.0	322.0	356.0	302.0	251.0	336.0	346.0	288.0	293.0	150.0	210.0	177.0	129.0	141.0
109	20140913 00:31:33.653	42.0	364.0	101.0	107.0	125.0	98.0	148.0	111.0	125.0	135.0	129.0	101.0	126.0	152.0	129.0	121.0	141.0	162.0	111.0	129.0	140.0	126.0	181.0	154.0	163.0	189.0	175.0	158.0	155.0	182.0	135.0	193.0	162.0	221.0	159.0	241.0	223.0	220.0	236.0	231.0	260.0	264.0	318.0	195.0	135.0	111.0	120.0	212.0
110	20140913 05:31:35.184	39.0	362.0	145.0	119.0	141.0	146.0	117.0	136.0	144.0	156.0	159.0	132.0	175.0	119.0	159.0	114.0	133.0	160.0	154.0	130.0	142.0	161.0	134.0	140.0	126.0	148.0	176.0	131.0	196.0	129.0	110.0	140.0	97.0	147.0	135.0	193.0	198.0	194.0	245.0	235.0	243.0	225.0	318.0	161.0	112.0	209.0	78.0	207.0
111	20140912 16:31:58.545	37.0	362.0	145.0	107.0	141.0	137.0	150.0	136.0	144.0	156.0	129.0	132.0	175.0	128.0	159.0	73.0	153.0	149.0	154.0	130.0	150.0	169.0	142.0	101.0	162.0	137.0	184.0	131.0	165.0	129.0	127.0	149.0	156.0	155.0	109.0	219.0	198.0	194.0	245.0	235.0	184.0	225.0	289.0	187.0	172.0	209.0	125.0	157.0
112	20140913 03:31:32.343	42.0	362.0	125.0	119.0	125.0	146.0	123.0	111.0	103.0	145.0	129.0	123.0	193.0	125.0	129.0	140.0	141.0	127.0	142.0	138.0	140.0	113.0	149.0	154.0	163.0	189.0	162.0	158.0	196.0	120.0	135.0	193.0	160.0	209.0	149.0	194.0	235.0	183.0	231.0	231.0	243.0	264.0	318.0	204.0	136.0	112.0	125.0	243.0
113	20140912 22:31:33.556	1004.0	345.0	171.0	191.0	197.0	245.0	185.0	214.0	207.0	175.0	197.0	201.0	212.0	141.0	205.0	214.0	218.0	235.0	264.0	245.0	227.0	248.0	282.0	288.0	230.0	267.0	231.0	209.0	307.0	280.0	371.0	478.0	349.0	450.0	467.0	491.0	480.0	501.0	637.0	568.0	519.0	437.0	689.0	235.0	265.0	231.0	166.0	206.0
114	20140912 15:31:34.918	999.0	346.0	140.0	223.0	205.0	292.0	215.0	227.0	208.0	207.0	276.0	208.0	233.0	195.0	183.0	322.0	297.0	235.0	245.0	346.0	361.0	294.0	281.0	272.0	249.0	368.0	287.0	256.0	358.0	339.0	440.0	527.0	404.0	453.0	457.0	429.0	509.0	506.0	584.0	470.0	569.0	467.0	582.0	171.0	211.0	161.0	198.0	170.0
115	20140912 09:31:22.291	964.0	344.0	104.0	158.0	126.0	131.0	140.0	169.0	190.0	145.0	175.0	195.0	209.0	190.0	195.0	255.0	231.0	246.0	243.0	279.0	336.0	283.0	445.0	383.0	280.0	346.0	400.0	307.0	252.0	294.0	348.0	308.0	330.0	328.0	359.0	353.0	320.0	486.0	372.0	520.0	374.0	372.0	340.0	218.0	106.0	136.0	201.0	196.0
116	20140912 01:31:37.956	960.0	344.0	124.0	143.0	173.0	202.0	195.0	229.0	210.0	243.0	242.0	277.0	257.0	276.0	307.0	323.0	388.0	301.0	305.0	257.0	453.0	383.0	362.0	438.0	314.0	308.0	367.0	300.0	345.0	342.0	318.0	281.0	308.0	443.0	392.0	342.0	295.0	336.0	252.0	273.0	221.0	206.0	260.0	120.0	183.0	131.0	216.0	136.0
117	20140912 21:31:32.658	1003.0	339.0	75.0	136.0	173.0	171.0	166.0	116.0	166.0	131.0	192.0	179.0	193.0	135.0	144.0	236.0	251.0	287.0	255.0	236.0	325.0	274.0	329.0	251.0	294.0	273.0	360.0	317.0	338.0	322.0	615.0	490.0	456.0	635.0	628.0	758.0	785.0	772.0	749.0	877.0	793.0	730.0	791.0	154.0	199.0	193.0	221.0	187.0
118	20140912 19:31:45.193	999.0	339.0	104.0	216.0	166.0	162.0	154.0	177.0	186.0	162.0	223.0	175.0	190.0	204.0	143.0	298.0	315.0	299.0	269.0	325.0	303.0	354.0	332.0	289.0	331.0	372.0	411.0	316.0	356.0	427.0	646.0	549.0	549.0	677.0	705.0	713.0	673.0	745.0	660.0	744.0	716.0	571.0	584.0	196.0	127.0	153.0	145.0	259.0
119	20140912 11:31:40.908	964.0	341.0	141.0	158.0	147.0	123.0	121.0	169.0	179.0	124.0	175.0	186.0	160.0	209.0	162.0	255.0	231.0	246.0	269.0	190.0	225.0	283.0	445.0	240.0	207.0	333.0	280.0	199.0	244.0	206.0	293.0	333.0	330.0	319.0	290.0	347.0	280.0	401.0	288.0	520.0	374.0	279.0	356.0	183.0	146.0	192.0	151.0	196.0
120	20140912 06:31:29.830	960.0	341.0	152.0	143.0	166.0	171.0	168.0	188.0	158.0	166.0	242.0	198.0	154.0	185.0	187.0	238.0	223.0	254.0	305.0	203.0	232.0	300.0	295.0	315.0	314.0	360.0	304.0	300.0	325.0	270.0	318.0	258.0	290.0	297.0	300.0	266.0	278.0	322.0	235.0	273.0	221.0	219.0	221.0	165.0	135.0	127.0	141.0	161.0
121	20140912 21:31:32.658	85.0	326.0	139.0	116.0	167.0	138.0	143.0	162.0	138.0	155.0	163.0	139.0	234.0	165.0	117.0	166.0	170.0	158.0	166.0	174.0	163.0	176.0	190.0	203.0	217.0	254.0	189.0	222.0	233.0	263.0	383.0	394.0	312.0	568.0	475.0	578.0	562.0	532.0	476.0	591.0	525.0	537.0	423.0	209.0	192.0	154.0	155.0	200.0
122	20140912 23:31:32.630	81.0	326.0	131.0	137.0	153.0	185.0	169.0	170.0	170.0	173.0	235.0	160.0	253.0	191.0	183.0	215.0	209.0	183.0	214.0	190.0	161.0	195.0	187.0	172.0	204.0	217.0	312.0	227.0	202.0	265.0	296.0	305.0	409.0	492.0	434.0	479.0	430.0	494.0	321.0	484.0	267.0	349.0	262.0	199.0	133.0	200.0	186.0	202.0
123	20140913 00:31:33.653	85.0	322.0	97.0	140.0	154.0	105.0	133.0	146.0	113.0	185.0	156.0	217.0	195.0	190.0	120.0	166.0	171.0	140.0	126.0	163.0	233.0	161.0	174.0	212.0	170.0	201.0	264.0	154.0	197.0	222.0	281.0	286.0	298.0	409.0	383.0	529.0	557.0	609.0	446.0	523.0	458.0	468.0	281.0	158.0	206.0	150.0	168.0	218.0
124	20140912 21:31:32.658	81.0	322.0	130.0	180.0	137.0	131.0	177.0	169.0	158.0	163.0	135.0	109.0	273.0	130.0	116.0	228.0	173.0	195.0	165.0	184.0	258.0	182.0	171.0	215.0	232.0	178.0	240.0	272.0	221.0	233.0	368.0	335.0	406.0	373.0	430.0	411.0	444.0	468.0	482.0	427.0	455.0	295.0	263.0	158.0	132.0	139.0	143.0	150.0
125	20140913 10:49:57.888	1202.0	313.0	137.0	136.0	144.0	120.0	160.0	118.0	120.0	133.0	112.0	157.0	171.0	165.0	97.0	149.0	154.0	129.0	127.0	136.0	176.0	77.0	114.0	149.0	131.0	121.0	110.0	150.0	172.0	119.0	123.0	145.0	125.0	158.0	128.0	136.0	118.0	95.0	120.0	165.0	68.0	123.0	159.0	478.0	169.0	349.0	425.0	441.0
126	20140913 10:49:57.888	1200.0	313.0	137.0	136.0	124.0	108.0	160.0	138.0	145.0	172.0	212.0	157.0	104.0	104.0	107.0	149.0	117.0	115.0	152.0	174.0	111.0	103.0	114.0	149.0	131.0	121.0	133.0	148.0	137.0	110.0	180.0	196.0	125.0	195.0	148.0	135.0	174.0	149.0	173.0	165.0	93.0	165.0	106.0	478.0	226.0	140.0	425.0	441.0
127	20140913 11:50:06.813	1201.0	309.0	97.0	112.0	176.0	119.0	147.0	119.0	145.0	191.0	124.0	115.0	151.0	104.0	106.0	191.0	111.0	153.0	93.0	182.0	127.0	106.0	123.0	131.0	137.0	118.0	131.0	119.0	126.0	148.0	139.0	148.0	199.0	137.0	125.0	161.0	155.0	170.0	142.0	194.0	136.0	177.0	138.0	185.0	557.0	165.0	312.0	149.0
128	20140912 21:31:32.658	479.0	275.0	132.0	143.0	150.0	134.0	150.0	161.0	104.0	173.0	143.0	132.0	148.0	140.0	126.0	161.0	217.0	166.0	151.0	200.0	183.0	181.0	366.0	279.0	313.0	327.0	257.0	423.0	411.0	347.0	444.0	493.0	460.0	464.0	592.0	575.0	604.0	631.0	622.0	637.0	590.0	566.0	744.0	209.0	150.0	214.0	136.0	187.0
129	20140912 18:31:49.399	474.0	274.0	125.0	144.0	181.0	207.0	174.0	150.0	166.0	161.0	245.0	177.0	179.0	204.0	173.0	211.0	173.0	175.0	192.0	224.0	201.0	237.0	230.0	250.0	238.0	234.0	316.0	321.0	347.0	469.0	483.0	470.0	415.0	493.0	470.0	428.0	452.0	443.0	469.0	475.0	424.0	410.0	541.0	130.0	209.0	154.0	137.0	182.0
130	20140912 21:31:32.658	479.0	271.0	125.0	139.0	102.0	124.0	162.0	134.0	154.0	160.0	170.0	191.0	147.0	154.0	143.0	191.0	193.0	216.0	146.0	216.0	172.0	202.0	227.0	307.0	229.0	205.0	284.0	315.0	322.0	385.0	438.0	380.0	416.0	437.0	409.0	533.0	547.0	562.0	456.0	705.0	522.0	501.0	588.0	133.0	198.0	157.0	104.0	175.0
131	20140912 16:31:58.545	474.0	271.0	179.0	144.0	196.0	153.0	107.0	150.0	115.0	173.0	199.0	138.0	192.0	138.0	120.0	163.0	183.0	184.0	222.0	213.0	180.0	207.0	230.0	240.0	215.0	241.0	316.0	283.0	347.0	405.0	421.0	470.0	394.0	493.0	401.0	400.0	426.0	410.0	477.0	420.0	424.0	391.0	467.0	171.0	123.0	196.0	159.0	182.0
132	20140912 04:31:26.129	348.0	247.0	150.0	94.0	131.0	88.0	152.0	181.0	164.0	174.0	136.0	104.0	188.0	137.0	148.0	252.0	305.0	274.0	399.0	397.0	276.0	400.0	375.0	298.0	326.0	348.0	373.0	306.0	375.0	324.0	315.0	322.0	262.0	253.0	320.0	294.0	251.0	192.0	179.0	217.0	258.0	181.0	232.0	140.0	140.0	183.0	125.0	180.0
133	20140912 05:31:29.523	352.0	245.0	115.0	160.0	193.0	174.0	158.0	108.0	147.0	131.0	133.0	157.0	103.0	115.0	140.0	224.0	304.0	345.0	448.0	336.0	337.0	330.0	324.0	399.0	360.0	346.0	379.0	293.0	431.0	378.0	385.0	369.0	295.0	330.0	347.0	368.0	298.0	299.0	257.0	402.0	262.0	271.0	316.0	171.0	160.0	157.0	176.0	189.0
134	20140912 15:31:34.918	293.0	243.0	99.0	135.0	151.0	136.0	130.0	121.0	134.0	114.0	192.0	152.0	161.0	122.0	82.0	187.0	150.0	178.0	148.0	128.0	174.0	154.0	182.0	165.0	185.0	217.0	303.0	277.0	252.0	217.0	325.0	191.0	206.0	226.0	193.0	189.0	239.0	197.0	255.0	236.0	239.0	246.0	248.0	155.0	164.0	161.0	150.0	171.0
135	20140912 13:31:31.504	288.0	243.0	142.0	109.0	133.0	146.0	152.0	120.0	143.0	145.0	149.0	91.0	179.0	105.0	153.0	110.0	138.0	149.0	178.0	168.0	168.0	135.0	153.0	198.0	173.0	192.0	210.0	279.0	261.0	298.0	212.0	214.0	239.0	218.0	173.0	165.0	180.0	184.0	174.0	179.0	146.0	193.0	201.0	123.0	137.0	151.0	133.0	198.0
136	20140912 05:31:29.523	353.0	241.0	164.0	151.0	242.0	178.0	144.0	189.0	183.0	191.0	172.0	159.0	189.0	207.0	133.0	264.0	340.0	400.0	366.0	383.0	344.0	357.0	329.0	323.0	356.0	335.0	371.0	327.0	335.0	371.0	410.0	336.0	363.0	274.0	303.0	382.0	344.0	344.0	396.0	338.0	323.0	380.0	290.0	204.0	151.0	166.0	173.0	148.0
137	20140912 06:31:29.830	348.0	242.0	142.0	171.0	174.0	183.0	117.0	171.0	164.0	146.0	152.0	196.0	163.0	158.0	149.0	229.0	247.0	280.0	292.0	251.0	325.0	290.0	321.0	276.0	304.0	273.0	373.0	295.0	339.0	311.0	228.0	254.0	279.0	251.0	236.0	285.0	360.0	368.0	388.0	344.0	352.0	282.0	277.0	122.0	161.0	179.0	126.0	186.0
138	20140912 15:31:34.918	304.0	241.0	123.0	143.0	137.0	159.0	139.0	139.0	116.0	116.0	158.0	110.0	152.0	155.0	123.0	204.0	176.0	196.0	185.0	171.0	155.0	125.0	168.0	187.0	190.0	245.0	259.0	326.0	312.0	259.0	223.0	342.0	195.0	227.0	259.0	217.0	256.0	211.0	283.0	259.0	198.0	220.0	287.0	161.0	180.0	162.0	167.0	116.0
139	20140912 16:31:58.545	294.0	240.0	106.0	134.0	170.0	136.0	146.0	110.0	142.0	204.0	169.0	140.0	218.0	171.0	88.0	166.0	188.0	163.0	125.0	154.0	168.0	136.0	123.0	142.0	185.0	187.0	270.0	241.0	302.0	212.0	235.0	230.0	187.0	180.0	198.0	207.0	259.0	204.0	219.0	237.0	207.0	199.0	286.0	165.0	210.0	150.0	162.0	202.0
140	20140912 16:31:58.545	288.0	241.0	142.0	117.0	131.0	146.0	219.0	128.0	106.0	145.0	149.0	144.0	133.0	153.0	143.0	145.0	138.0	149.0	166.0	168.0	168.0	161.0	167.0	198.0	173.0	192.0	262.0	279.0	242.0	296.0	212.0	222.0	239.0	207.0	169.0	160.0	142.0	142.0	174.0	178.0	203.0	214.0	194.0	123.0	176.0	151.0	153.0	151.0
141	20140912 16:31:58.545	311.0	240.0	134.0	168.0	161.0	134.0	184.0	142.0	102.0	160.0	161.0	192.0	131.0	193.0	134.0	157.0	131.0	105.0	133.0	133.0	192.0	141.0	226.0	148.0	169.0	174.0	266.0	301.0	288.0	297.0	279.0	355.0	192.0	242.0	214.0	264.0	258.0	260.0	226.0	182.0	205.0	235.0	269.0	174.0	194.0	126.0	131.0	185.0
142	20140912 11:31:40.908	312.0	238.0	0.0	177.0	163.0	134.0	142.0	141.0	161.0	118.0	161.0	145.0	131.0	162.0	146.0	157.0	143.0	141.0	111.0	133.0	130.0	139.0	226.0	148.0	227.0	167.0	282.0	301.0	281.0	294.0	219.0	355.0	214.0	204.0	223.0	285.0	280.0	214.0	240.0	196.0	197.0	235.0	269.0	174.0	198.0	126.0	131.0	185.0
143	20140911 19:31:37.684	306.0	238.0	0.0	144.0	145.0	132.0	125.0	134.0	160.0	119.0	105.0	104.0	157.0	182.0	84.0	204.0	155.0	122.0	178.0	159.0	189.0	159.0	168.0	159.0	251.0	210.0	286.0	319.0	270.0	235.0	300.0	278.0	225.0	227.0	187.0	209.0	205.0	197.0	301.0	230.0	192.0	220.0	287.0	111.0	115.0	162.0	168.0	109.0
144	20140911 15:31:30.407	451.0	203.0	0.0	129.0	230.0	137.0	178.0	148.0	163.0	125.0	170.0	169.0	148.0	147.0	139.0	172.0	161.0	101.0	129.0	148.0	180.0	166.0	208.0	166.0	215.0	159.0	210.0	217.0	245.0	233.0	272.0	241.0	194.0	182.0	190.0	241.0	240.0	275.0	272.0	276.0	327.0	232.0	331.0	118.0	244.0	175.0	141.0	164.0
145	20140911 14:31:35.619	455.0	201.0	0.0	194.0	171.0	179.0	190.0	121.0	181.0	120.0	218.0	180.0	180.0	146.0	118.0	158.0	181.0	138.0	175.0	144.0	130.0	176.0	179.0	211.0	234.0	200.0	178.0	178.0	261.0	220.0	253.0	203.0	197.0	157.0	212.0	224.0	265.0	265.0	217.0	264.0	246.0	221.0	317.0	159.0	159.0	120.0	162.0	167.0
146	20140911 14:31:35.619	462.0	200.0	0.0	181.0	138.0	121.0	202.0	127.0	174.0	153.0	166.0	171.0	160.0	191.0	149.0	162.0	144.0	135.0	160.0	152.0	125.0	197.0	205.0	250.0	174.0	222.0	264.0	167.0	258.0	207.0	230.0	244.0	241.0	194.0	222.0	272.0	257.0	250.0	239.0	218.0	271.0	229.0	271.0	157.0	163.0	159.0	166.0	136.0
147	20140911 14:31:35.619	315.0	198.0	0.0	155.0	154.0	158.0	178.0	180.0	173.0	173.0	140.0	110.0	132.0	150.0	156.0	180.0	97.0	154.0	168.0	196.0	176.0	147.0	192.0	232.0	180.0	167.0	201.0	211.0	119.0	212.0	184.0	161.0	170.0	203.0	142.0	192.0	213.0	194.0	179.0	208.0	307.0	218.0	271.0	189.0	195.0	180.0	161.0	224.0
148	20140911 15:31:30.407	466.0	197.0	0.0	118.0	196.0	151.0	185.0	146.0	135.0	116.0	144.0	195.0	171.0	119.0	166.0	130.0	197.0	128.0	194.0	131.0	156.0	131.0	150.0	191.0	175.0	186.0	200.0	166.0	179.0	197.0	302.0	178.0	152.0	186.0	172.0	240.0	215.0	212.0	230.0	238.0	238.0	239.0	301.0	121.0	125.0	133.0	112.0	109.0
149	20140911 16:31:33.292	312.0	197.0	0.0	137.0	142.0	155.0	211.0	149.0	132.0	154.0	214.0	133.0	162.0	146.0	150.0	127.0	136.0	139.0	192.0	196.0	125.0	160.0	182.0	275.0	184.0	167.0	177.0	184.0	187.0	212.0	193.0	199.0	135.0	173.0	188.0	172.0	213.0	123.0	179.0	194.0	206.0	219.0	307.0	187.0	294.0	180.0	131.0	207.0
150	20140911 16:31:33.292	314.0	195.0	0.0	137.0	141.0	157.0	115.0	217.0	132.0	154.0	141.0	117.0	162.0	150.0	126.0	169.0	151.0	154.0	185.0	196.0	176.0	168.0	130.0	275.0	180.0	173.0	177.0	138.0	114.0	146.0	216.0	180.0	176.0	128.0	205.0	206.0	213.0	172.0	144.0	205.0	216.0	209.0	307.0	118.0	141.0	159.0	129.0	180.0
151	20140911 16:31:33.292	312.0	195.0	0.0	137.0	141.0	167.0	115.0	138.0	132.0	154.0	214.0	122.0	162.0	137.0	144.0	199.0	132.0	109.0	192.0	196.0	150.0	160.0	153.0	275.0	180.0	139.0	177.0	161.0	187.0	145.0	193.0	210.0	176.0	173.0	205.0	206.0	213.0	163.0	155.0	150.0	206.0	198.0	307.0	136.0	152.0	136.0	131.0	159.0
152	20140912 19:31:45.193	1377.0	26.0	0.0	0.0	0.0	0.0	0.0	0.0	0.0	0.0	0.0	0.0	0.0	0.0	0.0	0.0	0.0	0.0	0.0	0.0	0.0	0.0	0.0	0.0	0.0	0.0	0.0	0.0	28.0	133.0	134.0	125.0	93.0	154.0	118.0	137.0	154.0	140.0	136.0	105.0	144.0	165.0	157.0	130.0	137.0	108.0	106.0	107.0
153	20140912 18:31:49.399	1375.0	26.0	0.0	0.0	0.0	0.0	0.0	0.0	0.0	0.0	0.0	0.0	0.0	0.0	0.0	0.0	0.0	0.0	0.0	0.0	0.0	0.0	0.0	0.0	0.0	0.0	0.0	0.0	108.0	133.0	181.0	162.0	96.0	115.0	137.0	137.0	154.0	140.0	145.0	105.0	144.0	165.0	156.0	120.0	132.0	144.0	147.0	150.0
154	20140912 21:31:32.658	1377.0	22.0	0.0	0.0	0.0	0.0	0.0	0.0	0.0	0.0	0.0	0.0	0.0	0.0	0.0	0.0	0.0	0.0	0.0	0.0	0.0	0.0	0.0	0.0	0.0	0.0	0.0	0.0	0.0	0.0	117.0	90.0	136.0	84.0	103.0	111.0	116.0	138.0	92.0	146.0	94.0	74.0	163.0	87.0	143.0	181.0	162.0	196.0
155	20140912 21:31:32.658	1375.0	22.0	0.0	0.0	0.0	0.0	0.0	0.0	0.0	0.0	0.0	0.0	0.0	0.0	0.0	0.0	0.0	0.0	0.0	0.0	0.0	0.0	0.0	0.0	0.0	0.0	0.0	0.0	0.0	0.0	117.0	66.0	159.0	138.0	158.0	59.0	117.0	138.0	102.0	155.0	127.0	140.0	128.0	136.0	143.0	157.0	130.0	196.0
