index	mortality	x	y	20140907 18:25:16.88	20140910 20:37:15.168	20140910 21:37:11.866	20140910 22:37:04.821	20140910 23:37:12.799	20140911 00:37:18.228	20140911 01:37:11.589	20140911 02:37:05.21	20140911 03:37:00.379	20140911 04:37:08.715	20140911 05:37:02.803	20140911 06:37:12.768	20140911 07:37:14.159	20140911 08:37:06.977	20140911 09:37:04.510	20140911 10:37:04.430	20140911 11:37:10.550	20140911 12:37:15.423	20140911 13:37:20.974	20140911 14:37:20.258	20140911 15:37:19.965	20140911 16:37:20.535	20140911 17:37:14.670	20140911 18:37:19.893	20140911 19:37:24.926	20140911 20:37:29.436	20140911 21:37:18.755	20140911 22:37:26.976	20140911 23:37:22.20	20140912 00:37:22.721	20140912 01:37:23.188	20140912 03:37:18.410	20140912 05:37:13.470	20140912 06:37:14.389	20140912 07:37:09.719	20140912 08:37:04.469	20140912 09:37:11.997	20140912 10:37:15.235	20140912 11:37:25.453	20140912 12:37:16.255	20140912 13:37:18.629	20140912 14:37:42.902	20140912 16:37:48.693	20140912 17:37:13.728	20140912 18:37:33.551	20140912 19:37:30.117	20140912 20:37:22.389	20140912 21:37:16.839	20140912 22:37:17.936	20140912 23:37:16.887	20140913 00:37:17.609	20140913 01:37:16.422	20140913 02:37:08.361	20140913 03:37:16.629	20140913 04:37:10.64	20140913 05:37:19.643	20140913 06:37:22.189	20140913 07:37:15.344	20140913 08:37:13.872	20140913 09:37:15.779	20140913 10:55:45.680	20140913 11:55:52.158	20140913 12:55:45.868	20140913 13:55:41.633	20140913 14:55:47.87
1	20140912 01:37:23.188	1039.0	1036.0	0.0	0.0	0.0	0.0	0.0	0.0	0.0	0.0	0.0	0.0	0.0	0.0	0.0	0.0	0.0	0.0	0.0	0.0	1.0	1.0	30.0	94.0	75.0	1.0	1.0	12.0	51.0	74.0	92.0	86.0	118.0	154.0	72.0	95.0	195.0	138.0	135.0	95.0	122.0	95.0	131.0	94.0	118.0	94.0	130.0	133.0	118.0	90.0	146.0	64.0	70.0	111.0	58.0	106.0	107.0	93.0	150.0	99.0	72.0	84.0	0.0	0.0	0.0	0.0	0.0
2	20140911 23:37:22.20	1037.0	1036.0	0.0	0.0	0.0	0.0	0.0	0.0	0.0	0.0	0.0	0.0	0.0	0.0	0.0	0.0	0.0	0.0	0.0	0.0	1.0	1.0	40.0	51.0	75.0	0.0	2.0	73.0	58.0	68.0	92.0	86.0	118.0	154.0	72.0	133.0	91.0	138.0	135.0	142.0	122.0	112.0	76.0	96.0	120.0	94.0	130.0	133.0	118.0	90.0	82.0	48.0	124.0	111.0	64.0	106.0	107.0	93.0	102.0	99.0	104.0	86.0	0.0	0.0	0.0	0.0	0.0
3	20140911 17:37:14.670	1039.0	1034.0	0.0	0.0	0.0	0.0	0.0	0.0	0.0	0.0	0.0	0.0	0.0	0.0	0.0	0.0	0.0	0.0	3.0	3.0	8.0	81.0	51.0	94.0	100.0	113.0	65.0	82.0	76.0	79.0	92.0	95.0	118.0	154.0	89.0	109.0	195.0	138.0	135.0	122.0	107.0	113.0	131.0	109.0	144.0	96.0	130.0	133.0	118.0	90.0	148.0	96.0	108.0	123.0	164.0	112.0	83.0	145.0	150.0	99.0	96.0	107.0	3.0	1.0	0.0	1.0	2.0
4	20140911 14:37:20.258	1037.0	1034.0	0.0	0.0	0.0	0.0	0.0	0.0	0.0	0.0	0.0	0.0	0.0	0.0	0.0	0.0	0.0	0.0	3.0	3.0	8.0	81.0	70.0	78.0	100.0	113.0	94.0	125.0	77.0	101.0	92.0	93.0	118.0	154.0	89.0	133.0	106.0	138.0	135.0	142.0	107.0	113.0	98.0	109.0	144.0	94.0	130.0	133.0	129.0	97.0	148.0	105.0	124.0	123.0	114.0	112.0	80.0	145.0	102.0	99.0	104.0	107.0	2.0	1.0	0.0	1.0	2.0
5	20140911 13:37:20.974	651.0	968.0	95.0	138.0	109.0	108.0	133.0	73.0	105.0	120.0	95.0	146.0	103.0	118.0	146.0	102.0	134.0	150.0	139.0	139.0	154.0	119.0	122.0	181.0	189.0	183.0	139.0	115.0	124.0	114.0	162.0	162.0	134.0	176.0	204.0	125.0	160.0	161.0	127.0	150.0	128.0	170.0	127.0	123.0	220.0	126.0	220.0	166.0	195.0	141.0	138.0	146.0	195.0	210.0	160.0	163.0	234.0	197.0	212.0	219.0	206.0	219.0	126.0	103.0	197.0	127.0	140.0
6	20140912 10:37:15.235	881.0	963.0	116.0	128.0	99.0	106.0	119.0	107.0	155.0	117.0	110.0	112.0	106.0	101.0	100.0	116.0	82.0	111.0	93.0	147.0	137.0	109.0	89.0	95.0	143.0	115.0	119.0	99.0	113.0	137.0	111.0	136.0	106.0	125.0	147.0	110.0	166.0	96.0	107.0	186.0	116.0	148.0	125.0	114.0	159.0	141.0	161.0	160.0	157.0	159.0	163.0	131.0	166.0	179.0	147.0	205.0	251.0	131.0	211.0	177.0	156.0	274.0	119.0	180.0	136.0	204.0	207.0
7	20140911 20:37:29.436	885.0	962.0	98.0	115.0	118.0	113.0	102.0	114.0	101.0	76.0	110.0	92.0	100.0	105.0	110.0	115.0	119.0	121.0	109.0	88.0	96.0	125.0	73.0	84.0	137.0	129.0	65.0	168.0	124.0	106.0	100.0	112.0	112.0	191.0	141.0	131.0	165.0	140.0	117.0	146.0	116.0	117.0	128.0	111.0	192.0	136.0	129.0	189.0	203.0	142.0	211.0	171.0	184.0	183.0	211.0	211.0	209.0	176.0	218.0	201.0	147.0	267.0	170.0	145.0	118.0	160.0	168.0
8	20140912 16:37:48.693	885.0	960.0	98.0	122.0	169.0	97.0	125.0	120.0	125.0	125.0	110.0	106.0	117.0	109.0	110.0	110.0	119.0	120.0	109.0	88.0	125.0	94.0	95.0	95.0	137.0	129.0	105.0	168.0	111.0	113.0	106.0	127.0	122.0	191.0	141.0	131.0	169.0	120.0	85.0	141.0	106.0	118.0	128.0	137.0	192.0	126.0	116.0	182.0	203.0	140.0	211.0	182.0	184.0	183.0	189.0	184.0	178.0	144.0	218.0	201.0	183.0	267.0	170.0	156.0	141.0	117.0	168.0
9	20140912 10:37:15.235	882.0	960.0	172.0	100.0	133.0	92.0	122.0	120.0	127.0	117.0	110.0	112.0	87.0	109.0	154.0	119.0	91.0	105.0	120.0	147.0	125.0	109.0	143.0	114.0	137.0	106.0	107.0	110.0	122.0	133.0	107.0	127.0	87.0	129.0	151.0	177.0	142.0	120.0	167.0	186.0	109.0	117.0	128.0	137.0	157.0	141.0	118.0	162.0	203.0	159.0	161.0	114.0	166.0	179.0	115.0	182.0	196.0	164.0	211.0	166.0	115.0	274.0	110.0	110.0	133.0	118.0	141.0
10	20140911 14:37:20.258	929.0	957.0	123.0	110.0	154.0	105.0	111.0	94.0	108.0	114.0	117.0	131.0	165.0	154.0	84.0	112.0	111.0	121.0	106.0	118.0	149.0	165.0	162.0	147.0	192.0	192.0	165.0	196.0	169.0	154.0	141.0	177.0	137.0	174.0	168.0	178.0	140.0	125.0	209.0	199.0	194.0	165.0	172.0	193.0	175.0	148.0	184.0	199.0	206.0	160.0	184.0	158.0	150.0	188.0	191.0	155.0	175.0	161.0	199.0	191.0	220.0	187.0	112.0	203.0	220.0	143.0	124.0
11	20140911 06:37:12.768	932.0	957.0	116.0	124.0	105.0	139.0	133.0	130.0	95.0	103.0	114.0	96.0	76.0	154.0	85.0	113.0	110.0	122.0	129.0	118.0	122.0	147.0	149.0	136.0	192.0	152.0	160.0	159.0	174.0	139.0	162.0	128.0	155.0	168.0	187.0	178.0	144.0	149.0	209.0	228.0	200.0	163.0	172.0	182.0	200.0	170.0	176.0	148.0	176.0	181.0	164.0	189.0	224.0	197.0	167.0	147.0	187.0	133.0	217.0	180.0	220.0	203.0	90.0	138.0	172.0	131.0	158.0
12	20140911 15:37:19.965	933.0	955.0	116.0	124.0	141.0	121.0	133.0	130.0	98.0	119.0	93.0	154.0	135.0	122.0	96.0	158.0	161.0	132.0	107.0	127.0	122.0	154.0	174.0	136.0	156.0	131.0	160.0	159.0	174.0	139.0	127.0	132.0	155.0	144.0	178.0	160.0	144.0	149.0	161.0	210.0	163.0	153.0	156.0	167.0	200.0	164.0	176.0	162.0	148.0	184.0	185.0	244.0	224.0	167.0	145.0	146.0	208.0	164.0	219.0	145.0	222.0	183.0	102.0	128.0	160.0	159.0	158.0
13	20140910 21:37:11.866	929.0	954.0	123.0	85.0	154.0	127.0	109.0	130.0	100.0	114.0	117.0	122.0	142.0	154.0	120.0	104.0	152.0	137.0	123.0	119.0	116.0	125.0	165.0	146.0	179.0	152.0	165.0	158.0	126.0	154.0	183.0	177.0	137.0	145.0	168.0	166.0	120.0	133.0	166.0	202.0	138.0	197.0	150.0	141.0	173.0	209.0	184.0	134.0	201.0	168.0	180.0	158.0	167.0	184.0	191.0	155.0	157.0	182.0	196.0	180.0	220.0	187.0	79.0	164.0	220.0	143.0	178.0
14	20140911 13:37:20.974	917.0	922.0	178.0	132.0	107.0	136.0	163.0	107.0	129.0	155.0	91.0	165.0	133.0	171.0	130.0	155.0	167.0	204.0	194.0	225.0	285.0	277.0	321.0	382.0	376.0	328.0	287.0	185.0	307.0	333.0	236.0	280.0	234.0	272.0	288.0	374.0	283.0	241.0	259.0	285.0	226.0	305.0	261.0	242.0	285.0	282.0	283.0	229.0	268.0	269.0	257.0	208.0	207.0	224.0	227.0	229.0	262.0	222.0	255.0	245.0	139.0	326.0	127.0	123.0	146.0	125.0	128.0
15	20140911 14:37:20.258	924.0	920.0	118.0	126.0	111.0	118.0	106.0	126.0	147.0	106.0	127.0	108.0	114.0	141.0	130.0	148.0	159.0	189.0	145.0	135.0	231.0	243.0	311.0	369.0	334.0	291.0	326.0	221.0	291.0	318.0	264.0	281.0	275.0	315.0	310.0	321.0	308.0	247.0	288.0	305.0	283.0	302.0	341.0	289.0	271.0	255.0	243.0	290.0	277.0	250.0	245.0	230.0	254.0	252.0	267.0	231.0	274.0	248.0	256.0	279.0	170.0	244.0	121.0	174.0	137.0	144.0	118.0
16	20140912 07:37:09.719	889.0	918.0	177.0	179.0	163.0	108.0	128.0	105.0	97.0	100.0	103.0	167.0	155.0	124.0	116.0	80.0	133.0	150.0	104.0	121.0	106.0	146.0	167.0	148.0	193.0	196.0	196.0	150.0	153.0	149.0	156.0	135.0	202.0	186.0	210.0	192.0	235.0	155.0	163.0	246.0	198.0	207.0	199.0	168.0	271.0	261.0	194.0	226.0	200.0	152.0	193.0	254.0	283.0	199.0	205.0	229.0	304.0	232.0	285.0	262.0	283.0	355.0	93.0	208.0	245.0	188.0	174.0
17	20140911 11:37:10.550	851.0	919.0	106.0	140.0	125.0	141.0	102.0	116.0	88.0	102.0	96.0	126.0	98.0	121.0	94.0	125.0	141.0	128.0	181.0	164.0	186.0	175.0	185.0	171.0	169.0	169.0	159.0	177.0	174.0	142.0	163.0	149.0	229.0	176.0	214.0	189.0	168.0	144.0	255.0	160.0	168.0	167.0	120.0	196.0	179.0	204.0	248.0	183.0	263.0	232.0	194.0	225.0	241.0	229.0	187.0	233.0	225.0	221.0	208.0	242.0	209.0	164.0	139.0	180.0	168.0	211.0	160.0
18	20140911 11:37:10.550	849.0	919.0	146.0	140.0	125.0	141.0	99.0	116.0	94.0	103.0	94.0	136.0	98.0	121.0	129.0	154.0	141.0	128.0	181.0	152.0	166.0	175.0	185.0	171.0	149.0	152.0	159.0	133.0	174.0	142.0	163.0	154.0	187.0	176.0	183.0	189.0	187.0	144.0	255.0	160.0	168.0	150.0	149.0	196.0	202.0	168.0	248.0	174.0	263.0	200.0	194.0	225.0	207.0	197.0	187.0	233.0	225.0	221.0	196.0	185.0	209.0	157.0	133.0	180.0	170.0	211.0	148.0
19	20140911 14:37:20.258	926.0	917.0	114.0	129.0	131.0	130.0	143.0	116.0	87.0	184.0	123.0	154.0	128.0	139.0	126.0	194.0	209.0	181.0	197.0	172.0	204.0	260.0	311.0	335.0	324.0	288.0	297.0	335.0	269.0	275.0	244.0	295.0	258.0	316.0	307.0	305.0	288.0	222.0	357.0	321.0	243.0	249.0	303.0	256.0	306.0	269.0	305.0	286.0	292.0	265.0	253.0	262.0	262.0	299.0	267.0	240.0	259.0	273.0	346.0	269.0	228.0	383.0	119.0	134.0	210.0	168.0	162.0
20	20140911 10:37:04.430	922.0	918.0	113.0	113.0	108.0	146.0	134.0	112.0	97.0	110.0	119.0	132.0	146.0	149.0	158.0	188.0	163.0	270.0	217.0	263.0	321.0	308.0	374.0	369.0	423.0	330.0	326.0	250.0	284.0	301.0	264.0	319.0	246.0	315.0	294.0	306.0	266.0	247.0	290.0	305.0	283.0	287.0	263.0	258.0	310.0	255.0	247.0	263.0	275.0	250.0	289.0	230.0	251.0	229.0	257.0	239.0	280.0	246.0	368.0	279.0	251.0	299.0	126.0	174.0	158.0	148.0	147.0
21	20140912 18:37:33.551	297.0	917.0	155.0	140.0	107.0	118.0	94.0	137.0	84.0	128.0	148.0	155.0	103.0	106.0	109.0	124.0	99.0	128.0	103.0	119.0	126.0	103.0	117.0	113.0	85.0	137.0	112.0	99.0	99.0	106.0	112.0	95.0	104.0	95.0	156.0	94.0	139.0	63.0	128.0	97.0	87.0	135.0	122.0	93.0	105.0	119.0	2506.0	122.0	96.0	90.0	89.0	101.0	85.0	146.0	133.0	169.0	148.0	149.0	171.0	190.0	136.0	222.0	87.0	91.0	100.0	130.0	131.0
22	20140912 18:37:33.551	295.0	917.0	155.0	140.0	96.0	122.0	94.0	137.0	123.0	87.0	112.0	155.0	103.0	111.0	111.0	130.0	99.0	101.0	103.0	95.0	120.0	115.0	117.0	81.0	105.0	137.0	84.0	105.0	99.0	121.0	99.0	129.0	104.0	92.0	156.0	94.0	109.0	114.0	128.0	97.0	87.0	107.0	122.0	123.0	105.0	119.0	2506.0	122.0	76.0	96.0	93.0	104.0	120.0	146.0	133.0	136.0	136.0	172.0	171.0	190.0	102.0	153.0	101.0	142.0	90.0	124.0	125.0
23	20140912 07:37:09.719	895.0	917.0	129.0	110.0	118.0	124.0	124.0	158.0	119.0	121.0	98.0	92.0	131.0	118.0	139.0	108.0	147.0	148.0	123.0	124.0	157.0	191.0	130.0	176.0	191.0	171.0	166.0	212.0	175.0	187.0	146.0	141.0	183.0	146.0	148.0	189.0	235.0	126.0	172.0	201.0	164.0	197.0	192.0	270.0	198.0	170.0	269.0	188.0	216.0	199.0	189.0	181.0	250.0	203.0	261.0	241.0	273.0	266.0	337.0	306.0	270.0	363.0	116.0	164.0	143.0	178.0	134.0
24	20140911 12:37:15.423	851.0	916.0	106.0	161.0	96.0	141.0	125.0	133.0	86.0	114.0	110.0	126.0	121.0	108.0	145.0	137.0	162.0	163.0	165.0	180.0	191.0	175.0	150.0	164.0	148.0	151.0	170.0	180.0	174.0	142.0	155.0	157.0	151.0	163.0	214.0	152.0	129.0	103.0	152.0	160.0	157.0	163.0	111.0	169.0	179.0	204.0	173.0	230.0	229.0	232.0	208.0	194.0	241.0	261.0	216.0	233.0	228.0	221.0	225.0	240.0	210.0	208.0	157.0	138.0	102.0	155.0	117.0
25	20140911 12:37:15.423	849.0	916.0	146.0	161.0	92.0	141.0	125.0	133.0	141.0	159.0	91.0	136.0	121.0	113.0	150.0	154.0	176.0	163.0	165.0	180.0	191.0	175.0	150.0	164.0	141.0	139.0	167.0	130.0	174.0	142.0	155.0	157.0	124.0	125.0	174.0	152.0	138.0	97.0	152.0	160.0	157.0	149.0	141.0	121.0	202.0	168.0	171.0	154.0	229.0	194.0	208.0	163.0	188.0	261.0	178.0	233.0	228.0	221.0	202.0	240.0	210.0	208.0	135.0	138.0	146.0	155.0	117.0
26	20140913 00:37:17.609	894.0	913.0	128.0	132.0	117.0	117.0	129.0	115.0	146.0	107.0	124.0	98.0	120.0	89.0	103.0	153.0	124.0	200.0	164.0	169.0	130.0	147.0	154.0	166.0	168.0	129.0	111.0	151.0	148.0	157.0	145.0	133.0	157.0	137.0	130.0	133.0	160.0	133.0	149.0	159.0	145.0	143.0	138.0	192.0	182.0	142.0	187.0	166.0	184.0	230.0	222.0	188.0	272.0	156.0	210.0	188.0	292.0	213.0	280.0	291.0	211.0	407.0	189.0	161.0	115.0	143.0	160.0
27	20140911 00:37:18.228	890.0	914.0	141.0	142.0	103.0	107.0	87.0	211.0	122.0	143.0	140.0	109.0	107.0	99.0	93.0	152.0	123.0	182.0	126.0	108.0	118.0	139.0	165.0	139.0	221.0	169.0	134.0	152.0	144.0	140.0	131.0	130.0	144.0	149.0	136.0	108.0	127.0	127.0	194.0	162.0	180.0	133.0	167.0	163.0	143.0	165.0	147.0	183.0	174.0	181.0	220.0	175.0	194.0	170.0	227.0	232.0	192.0	291.0	257.0	270.0	231.0	274.0	114.0	155.0	152.0	177.0	154.0
28	20140912 18:37:33.551	297.0	914.0	102.0	140.0	119.0	140.0	133.0	137.0	88.0	128.0	152.0	98.0	95.0	85.0	94.0	87.0	149.0	92.0	108.0	136.0	133.0	96.0	127.0	176.0	145.0	88.0	100.0	112.0	86.0	103.0	107.0	120.0	119.0	98.0	113.0	95.0	139.0	161.0	112.0	168.0	99.0	135.0	89.0	95.0	105.0	120.0	1487.0	164.0	115.0	98.0	100.0	163.0	85.0	86.0	203.0	173.0	173.0	217.0	186.0	190.0	136.0	222.0	131.0	108.0	105.0	130.0	145.0
29	20140912 18:37:33.551	295.0	914.0	102.0	140.0	87.0	110.0	112.0	137.0	102.0	121.0	152.0	105.0	95.0	111.0	106.0	87.0	149.0	116.0	102.0	136.0	108.0	115.0	127.0	82.0	109.0	74.0	79.0	95.0	73.0	121.0	124.0	109.0	94.0	98.0	166.0	115.0	124.0	139.0	118.0	118.0	99.0	107.0	150.0	123.0	116.0	137.0	1487.0	164.0	98.0	114.0	86.0	163.0	140.0	86.0	203.0	173.0	173.0	217.0	186.0	190.0	106.0	216.0	131.0	136.0	103.0	110.0	121.0
30	20140911 13:37:20.974	327.0	905.0	148.0	128.0	88.0	96.0	146.0	124.0	157.0	90.0	89.0	151.0	114.0	140.0	121.0	131.0	187.0	183.0	121.0	131.0	211.0	196.0	177.0	193.0	263.0	178.0	176.0	213.0	239.0	185.0	204.0	237.0	233.0	209.0	247.0	257.0	219.0	195.0	276.0	247.0	258.0	211.0	298.0	233.0	262.0	269.0	276.0	305.0	238.0	199.0	193.0	219.0	235.0	226.0	235.0	227.0	269.0	188.0	242.0	217.0	190.0	228.0	82.0	173.0	115.0	166.0	188.0
31	20140911 14:37:20.258	324.0	905.0	147.0	124.0	95.0	109.0	100.0	120.0	157.0	136.0	98.0	120.0	145.0	118.0	119.0	125.0	154.0	183.0	161.0	156.0	147.0	196.0	199.0	206.0	263.0	201.0	231.0	213.0	200.0	206.0	204.0	196.0	233.0	254.0	227.0	291.0	244.0	182.0	276.0	201.0	258.0	275.0	276.0	233.0	166.0	192.0	201.0	186.0	238.0	171.0	172.0	152.0	235.0	174.0	220.0	182.0	198.0	226.0	218.0	192.0	190.0	178.0	105.0	108.0	159.0	194.0	188.0
32	20140912 06:37:14.389	328.0	899.0	117.0	95.0	98.0	127.0	97.0	122.0	123.0	143.0	121.0	143.0	148.0	140.0	127.0	163.0	185.0	157.0	190.0	169.0	171.0	140.0	165.0	123.0	156.0	135.0	124.0	165.0	144.0	100.0	133.0	160.0	170.0	176.0	194.0	204.0	238.0	146.0	162.0	141.0	161.0	101.0	162.0	115.0	176.0	157.0	164.0	211.0	219.0	198.0	253.0	196.0	223.0	282.0	206.0	212.0	243.0	244.0	267.0	251.0	285.0	308.0	154.0	168.0	158.0	208.0	165.0
33	20140911 19:37:24.926	325.0	900.0	118.0	100.0	113.0	124.0	117.0	116.0	89.0	125.0	122.0	189.0	122.0	139.0	119.0	167.0	187.0	190.0	190.0	184.0	173.0	153.0	165.0	156.0	145.0	123.0	246.0	197.0	174.0	112.0	198.0	182.0	170.0	180.0	236.0	204.0	238.0	138.0	237.0	160.0	206.0	173.0	144.0	166.0	207.0	208.0	226.0	269.0	224.0	201.0	234.0	202.0	262.0	298.0	242.0	226.0	260.0	258.0	267.0	219.0	192.0	358.0	157.0	135.0	149.0	208.0	165.0
34	20140912 06:37:14.389	886.0	879.0	139.0	70.0	132.0	106.0	128.0	133.0	110.0	129.0	101.0	106.0	130.0	135.0	126.0	132.0	148.0	130.0	92.0	92.0	100.0	111.0	94.0	115.0	128.0	132.0	140.0	128.0	146.0	114.0	127.0	159.0	141.0	119.0	161.0	234.0	219.0	194.0	234.0	257.0	249.0	218.0	226.0	269.0	306.0	228.0	350.0	288.0	317.0	314.0	368.0	254.0	287.0	290.0	229.0	389.0	342.0	228.0	266.0	271.0	376.0	252.0	159.0	175.0	159.0	127.0	163.0
35	20140912 05:37:13.470	883.0	880.0	121.0	80.0	144.0	107.0	112.0	118.0	109.0	65.0	144.0	107.0	130.0	123.0	102.0	118.0	131.0	131.0	135.0	84.0	113.0	116.0	131.0	109.0	137.0	116.0	133.0	135.0	141.0	91.0	136.0	93.0	117.0	116.0	249.0	143.0	189.0	165.0	239.0	257.0	193.0	212.0	187.0	269.0	229.0	167.0	293.0	222.0	219.0	173.0	199.0	166.0	191.0	222.0	220.0	213.0	184.0	181.0	206.0	185.0	267.0	165.0	156.0	132.0	134.0	117.0	113.0
36	20140912 16:37:48.693	887.0	876.0	95.0	113.0	86.0	119.0	93.0	119.0	109.0	84.0	109.0	72.0	122.0	128.0	126.0	145.0	148.0	119.0	87.0	129.0	175.0	111.0	165.0	135.0	137.0	178.0	155.0	123.0	146.0	116.0	129.0	118.0	122.0	134.0	158.0	169.0	161.0	176.0	169.0	166.0	164.0	148.0	143.0	210.0	306.0	180.0	350.0	288.0	317.0	233.0	368.0	256.0	319.0	290.0	244.0	389.0	351.0	271.0	292.0	328.0	376.0	270.0	157.0	116.0	151.0	190.0	129.0
37	20140912 05:37:13.470	883.0	877.0	109.0	99.0	128.0	76.0	92.0	118.0	139.0	110.0	93.0	115.0	104.0	135.0	125.0	101.0	116.0	130.0	127.0	126.0	114.0	107.0	127.0	139.0	168.0	138.0	140.0	124.0	99.0	137.0	127.0	88.0	141.0	166.0	249.0	234.0	206.0	165.0	228.0	254.0	193.0	196.0	181.0	201.0	229.0	198.0	293.0	222.0	300.0	186.0	250.0	199.0	254.0	226.0	220.0	304.0	225.0	269.0	206.0	181.0	304.0	191.0	159.0	159.0	122.0	133.0	160.0
38	20140911 21:37:18.755	285.0	867.0	96.0	103.0	116.0	130.0	106.0	119.0	116.0	157.0	146.0	122.0	113.0	120.0	145.0	177.0	98.0	146.0	125.0	149.0	204.0	215.0	202.0	212.0	295.0	322.0	308.0	281.0	434.0	307.0	301.0	470.0	310.0	363.0	356.0	528.0	415.0	239.0	427.0	352.0	415.0	465.0	566.0	328.0	340.0	452.0	431.0	508.0	390.0	345.0	288.0	325.0	342.0	341.0	379.0	341.0	465.0	359.0	456.0	397.0	251.0	384.0	115.0	144.0	198.0	137.0	114.0
39	20140911 18:37:19.893	281.0	867.0	96.0	109.0	72.0	98.0	102.0	124.0	107.0	104.0	105.0	116.0	124.0	107.0	72.0	108.0	118.0	149.0	135.0	162.0	197.0	177.0	256.0	227.0	248.0	312.0	212.0	247.0	424.0	301.0	265.0	411.0	311.0	350.0	353.0	470.0	412.0	270.0	484.0	292.0	376.0	545.0	487.0	319.0	375.0	376.0	420.0	385.0	327.0	306.0	267.0	235.0	305.0	333.0	269.0	310.0	248.0	270.0	247.0	317.0	278.0	252.0	130.0	171.0	176.0	153.0	123.0
40	20140912 19:37:30.117	286.0	862.0	145.0	79.0	115.0	164.0	114.0	131.0	123.0	176.0	148.0	141.0	117.0	127.0	117.0	131.0	122.0	190.0	168.0	183.0	145.0	176.0	203.0	202.0	209.0	230.0	269.0	245.0	222.0	202.0	195.0	187.0	242.0	269.0	278.0	304.0	241.0	310.0	279.0	316.0	241.0	320.0	263.0	276.0	345.0	306.0	348.0	430.0	359.0	328.0	312.0	349.0	392.0	388.0	412.0	465.0	402.0	440.0	536.0	436.0	319.0	617.0	129.0	153.0	144.0	169.0	183.0
41	20140912 00:37:22.721	282.0	862.0	134.0	114.0	95.0	91.0	108.0	124.0	115.0	148.0	128.0	153.0	99.0	114.0	117.0	119.0	129.0	141.0	202.0	205.0	167.0	251.0	227.0	196.0	222.0	208.0	238.0	189.0	225.0	172.0	196.0	284.0	279.0	297.0	266.0	399.0	240.0	304.0	314.0	308.0	309.0	327.0	243.0	298.0	356.0	276.0	332.0	372.0	420.0	363.0	333.0	314.0	378.0	369.0	406.0	448.0	465.0	390.0	355.0	350.0	307.0	459.0	94.0	192.0	131.0	113.0	147.0
42	20140911 20:37:29.436	366.0	860.0	117.0	75.0	143.0	105.0	88.0	99.0	110.0	89.0	129.0	108.0	130.0	103.0	108.0	116.0	158.0	141.0	165.0	115.0	155.0	162.0	143.0	150.0	128.0	154.0	165.0	189.0	149.0	126.0	176.0	171.0	165.0	218.0	205.0	231.0	176.0	137.0	149.0	220.0	154.0	156.0	179.0	160.0	159.0	170.0	213.0	152.0	180.0	139.0	145.0	180.0	188.0	278.0	218.0	199.0	235.0	170.0	190.0	223.0	284.0	199.0	79.0	190.0	154.0	172.0	136.0
43	20140911 18:37:19.893	363.0	860.0	117.0	117.0	143.0	120.0	107.0	126.0	96.0	126.0	105.0	108.0	130.0	161.0	120.0	116.0	135.0	141.0	143.0	137.0	145.0	162.0	141.0	161.0	148.0	167.0	120.0	189.0	154.0	139.0	176.0	189.0	165.0	233.0	180.0	207.0	176.0	163.0	166.0	180.0	169.0	142.0	187.0	203.0	159.0	189.0	213.0	167.0	181.0	139.0	145.0	228.0	191.0	194.0	192.0	210.0	215.0	177.0	195.0	158.0	163.0	199.0	107.0	187.0	154.0	156.0	154.0
44	20140911 00:37:18.228	366.0	857.0	144.0	93.0	143.0	118.0	100.0	201.0	126.0	95.0	152.0	106.0	130.0	103.0	123.0	116.0	158.0	186.0	130.0	116.0	155.0	111.0	143.0	124.0	147.0	117.0	138.0	138.0	119.0	160.0	167.0	135.0	154.0	143.0	117.0	181.0	143.0	137.0	139.0	172.0	142.0	100.0	95.0	105.0	146.0	147.0	152.0	154.0	159.0	188.0	155.0	167.0	190.0	278.0	218.0	197.0	235.0	170.0	183.0	242.0	284.0	271.0	112.0	156.0	156.0	172.0	154.0
45	20140912 18:37:33.551	363.0	857.0	109.0	93.0	147.0	107.0	138.0	129.0	108.0	126.0	149.0	106.0	186.0	161.0	123.0	116.0	135.0	172.0	177.0	134.0	116.0	149.0	141.0	153.0	128.0	161.0	138.0	174.0	119.0	87.0	159.0	91.0	154.0	173.0	137.0	155.0	110.0	166.0	150.0	172.0	142.0	107.0	140.0	102.0	147.0	170.0	185.0	167.0	161.0	188.0	155.0	159.0	191.0	182.0	194.0	210.0	215.0	205.0	195.0	173.0	196.0	271.0	90.0	139.0	158.0	156.0	170.0
46	20140911 21:37:18.755	922.0	852.0	81.0	147.0	103.0	103.0	126.0	128.0	128.0	86.0	121.0	87.0	146.0	105.0	109.0	114.0	107.0	211.0	94.0	100.0	77.0	108.0	140.0	121.0	109.0	118.0	144.0	107.0	201.0	159.0	146.0	187.0	180.0	174.0	226.0	183.0	229.0	206.0	264.0	204.0	210.0	213.0	216.0	163.0	231.0	173.0	255.0	211.0	164.0	167.0	195.0	123.0	164.0	225.0	123.0	149.0	118.0	134.0	110.0	113.0	150.0	219.0	123.0	140.0	138.0	123.0	117.0
47	20140911 21:37:18.755	919.0	851.0	130.0	148.0	119.0	112.0	90.0	130.0	106.0	90.0	106.0	110.0	120.0	98.0	91.0	107.0	108.0	146.0	125.0	133.0	101.0	105.0	140.0	167.0	107.0	123.0	124.0	99.0	191.0	222.0	187.0	187.0	164.0	188.0	175.0	265.0	229.0	151.0	196.0	215.0	171.0	230.0	216.0	182.0	237.0	173.0	255.0	199.0	149.0	161.0	195.0	157.0	182.0	152.0	108.0	133.0	110.0	123.0	105.0	113.0	124.0	141.0	121.0	135.0	156.0	100.0	102.0
48	20140911 16:37:20.535	921.0	849.0	130.0	139.0	72.0	103.0	78.0	121.0	132.0	128.0	117.0	121.0	101.0	114.0	152.0	107.0	108.0	123.0	128.0	91.0	93.0	105.0	93.0	167.0	109.0	146.0	109.0	82.0	211.0	177.0	146.0	173.0	216.0	207.0	194.0	201.0	216.0	126.0	223.0	222.0	171.0	177.0	214.0	191.0	237.0	159.0	255.0	180.0	201.0	210.0	222.0	196.0	203.0	164.0	91.0	109.0	110.0	102.0	161.0	100.0	108.0	219.0	124.0	147.0	156.0	124.0	112.0
49	20140911 21:37:18.755	919.0	848.0	130.0	148.0	107.0	88.0	95.0	103.0	82.0	134.0	117.0	83.0	86.0	114.0	111.0	105.0	108.0	104.0	136.0	109.0	119.0	105.0	101.0	111.0	153.0	123.0	113.0	70.0	190.0	166.0	154.0	209.0	216.0	207.0	251.0	265.0	216.0	173.0	223.0	222.0	217.0	203.0	182.0	185.0	237.0	220.0	172.0	199.0	201.0	210.0	161.0	189.0	182.0	170.0	78.0	132.0	153.0	138.0	161.0	105.0	108.0	123.0	128.0	147.0	138.0	123.0	116.0
50	20140911 15:37:19.965	332.0	819.0	111.0	174.0	110.0	122.0	125.0	113.0	130.0	142.0	128.0	161.0	177.0	198.0	154.0	189.0	192.0	246.0	189.0	196.0	201.0	244.0	261.0	229.0	209.0	187.0	224.0	159.0	240.0	285.0	248.0	247.0	234.0	373.0	318.0	321.0	288.0	304.0	320.0	341.0	283.0	354.0	396.0	285.0	257.0	273.0	294.0	227.0	264.0	285.0	188.0	263.0	230.0	193.0	198.0	208.0	150.0	186.0	208.0	231.0	192.0	203.0	108.0	120.0	133.0	118.0	174.0
51	20140911 09:37:04.510	316.0	829.0	103.0	120.0	121.0	102.0	115.0	117.0	96.0	125.0	108.0	146.0	124.0	131.0	101.0	150.0	187.0	111.0	107.0	130.0	126.0	160.0	107.0	134.0	130.0	138.0	167.0	144.0	116.0	164.0	129.0	105.0	133.0	111.0	162.0	139.0	122.0	139.0	145.0	175.0	179.0	123.0	109.0	113.0	134.0	130.0	159.0	175.0	136.0	125.0	165.0	148.0	138.0	166.0	203.0	185.0	226.0	190.0	249.0	241.0	132.0	271.0	104.0	115.0	131.0	112.0	118.0
52	20140913 02:37:08.361	314.0	829.0	103.0	116.0	108.0	107.0	112.0	117.0	83.0	105.0	140.0	146.0	113.0	127.0	101.0	150.0	187.0	111.0	149.0	149.0	108.0	109.0	107.0	108.0	130.0	152.0	132.0	98.0	125.0	148.0	129.0	105.0	133.0	101.0	135.0	120.0	121.0	125.0	133.0	103.0	71.0	121.0	85.0	113.0	99.0	134.0	159.0	116.0	136.0	125.0	165.0	148.0	117.0	123.0	179.0	233.0	226.0	155.0	249.0	201.0	110.0	271.0	105.0	112.0	122.0	101.0	135.0
53	20140912 19:37:30.117	316.0	827.0	112.0	145.0	121.0	102.0	121.0	88.0	104.0	125.0	136.0	146.0	113.0	131.0	125.0	150.0	187.0	112.0	123.0	130.0	126.0	137.0	152.0	123.0	109.0	140.0	167.0	144.0	126.0	148.0	101.0	138.0	124.0	111.0	162.0	120.0	136.0	139.0	145.0	175.0	126.0	143.0	80.0	128.0	153.0	130.0	159.0	175.0	136.0	109.0	165.0	148.0	134.0	157.0	194.0	200.0	216.0	190.0	249.0	241.0	166.0	266.0	119.0	118.0	162.0	161.0	109.0
54	20140911 09:37:04.510	314.0	827.0	103.0	116.0	75.0	117.0	67.0	83.0	93.0	107.0	140.0	147.0	113.0	127.0	116.0	150.0	187.0	188.0	149.0	131.0	102.0	137.0	107.0	123.0	127.0	152.0	121.0	98.0	125.0	148.0	101.0	138.0	119.0	130.0	122.0	120.0	116.0	118.0	133.0	101.0	161.0	143.0	127.0	113.0	98.0	134.0	159.0	115.0	136.0	90.0	165.0	148.0	128.0	122.0	179.0	233.0	216.0	186.0	249.0	201.0	166.0	247.0	119.0	112.0	162.0	127.0	107.0
55	20140911 18:37:19.893	349.0	805.0	121.0	116.0	112.0	126.0	143.0	154.0	140.0	139.0	113.0	110.0	146.0	232.0	143.0	228.0	166.0	179.0	219.0	220.0	222.0	242.0	262.0	225.0	245.0	277.0	252.0	218.0	246.0	330.0	194.0	320.0	328.0	314.0	270.0	304.0	320.0	280.0	341.0	331.0	322.0	415.0	395.0	343.0	316.0	325.0	338.0	260.0	316.0	252.0	251.0	230.0	220.0	250.0	229.0	218.0	267.0	234.0	293.0	203.0	180.0	275.0	103.0	155.0	93.0	146.0	128.0
56	20140911 16:37:20.535	366.0	794.0	90.0	125.0	123.0	152.0	113.0	89.0	107.0	107.0	150.0	101.0	126.0	152.0	195.0	174.0	200.0	209.0	177.0	214.0	220.0	207.0	231.0	267.0	296.0	246.0	259.0	206.0	298.0	277.0	250.0	325.0	298.0	355.0	323.0	349.0	357.0	288.0	390.0	319.0	320.0	397.0	422.0	344.0	291.0	294.0	307.0	303.0	299.0	242.0	240.0	238.0	282.0	235.0	211.0	256.0	239.0	219.0	261.0	236.0	196.0	244.0	101.0	106.0	118.0	79.0	141.0
57	20140911 15:37:19.965	379.0	786.0	114.0	127.0	135.0	102.0	168.0	125.0	103.0	160.0	136.0	145.0	163.0	120.0	144.0	157.0	161.0	176.0	166.0	169.0	215.0	221.0	244.0	268.0	274.0	291.0	283.0	191.0	289.0	274.0	210.0	263.0	262.0	287.0	265.0	301.0	266.0	227.0	333.0	304.0	244.0	340.0	357.0	285.0	231.0	230.0	250.0	259.0	233.0	229.0	158.0	181.0	245.0	242.0	203.0	167.0	207.0	202.0	220.0	178.0	182.0	217.0	129.0	138.0	157.0	74.0	112.0
58	20140910 20:37:15.168	519.0	774.0	89.0	164.0	119.0	132.0	125.0	112.0	93.0	134.0	142.0	89.0	146.0	148.0	103.0	165.0	93.0	127.0	93.0	119.0	132.0	139.0	103.0	123.0	183.0	132.0	134.0	123.0	115.0	115.0	97.0	113.0	131.0	167.0	162.0	136.0	135.0	102.0	95.0	113.0	132.0	142.0	112.0	131.0	159.0	133.0	152.0	187.0	175.0	131.0	191.0	137.0	137.0	154.0	187.0	170.0	185.0	208.0	220.0	197.0	163.0	225.0	109.0	153.0	116.0	129.0	140.0
59	20140912 03:37:18.410	517.0	774.0	194.0	171.0	155.0	132.0	125.0	144.0	113.0	154.0	134.0	175.0	144.0	149.0	124.0	165.0	104.0	120.0	120.0	119.0	172.0	139.0	103.0	123.0	183.0	133.0	88.0	156.0	130.0	78.0	120.0	79.0	119.0	167.0	162.0	136.0	186.0	107.0	149.0	156.0	109.0	142.0	112.0	137.0	159.0	110.0	150.0	188.0	175.0	133.0	191.0	137.0	187.0	154.0	187.0	170.0	185.0	208.0	220.0	162.0	162.0	225.0	136.0	153.0	134.0	125.0	140.0
60	20140911 13:37:20.974	519.0	772.0	100.0	164.0	138.0	132.0	164.0	112.0	120.0	89.0	142.0	82.0	146.0	148.0	142.0	93.0	72.0	124.0	143.0	119.0	156.0	139.0	109.0	123.0	111.0	136.0	159.0	123.0	115.0	132.0	116.0	141.0	131.0	156.0	156.0	157.0	129.0	87.0	106.0	113.0	132.0	138.0	96.0	125.0	159.0	133.0	161.0	139.0	175.0	131.0	131.0	137.0	141.0	141.0	169.0	159.0	185.0	197.0	220.0	197.0	175.0	216.0	115.0	107.0	116.0	130.0	173.0
61	20140911 02:37:05.21	517.0	772.0	194.0	116.0	155.0	132.0	164.0	144.0	82.0	154.0	134.0	175.0	144.0	149.0	142.0	94.0	92.0	124.0	143.0	119.0	172.0	135.0	126.0	123.0	120.0	136.0	159.0	156.0	118.0	132.0	120.0	141.0	93.0	156.0	156.0	157.0	129.0	107.0	97.0	121.0	108.0	138.0	108.0	125.0	159.0	88.0	132.0	188.0	175.0	133.0	133.0	137.0	165.0	125.0	165.0	159.0	185.0	161.0	220.0	162.0	175.0	216.0	136.0	107.0	141.0	125.0	140.0
62	20140911 04:37:08.715	593.0	767.0	97.0	139.0	152.0	101.0	107.0	144.0	94.0	68.0	143.0	191.0	136.0	115.0	88.0	156.0	92.0	113.0	127.0	123.0	121.0	108.0	117.0	82.0	81.0	147.0	132.0	102.0	123.0	113.0	86.0	124.0	87.0	121.0	109.0	121.0	104.0	101.0	115.0	121.0	96.0	127.0	111.0	71.0	105.0	88.0	113.0	108.0	136.0	127.0	98.0	129.0	145.0	117.0	278.0	269.0	270.0	224.0	249.0	229.0	153.0	282.0	107.0	142.0	153.0	161.0	155.0
63	20140913 02:37:08.361	591.0	763.0	94.0	106.0	126.0	149.0	93.0	127.0	136.0	118.0	141.0	111.0	99.0	146.0	94.0	98.0	74.0	121.0	119.0	120.0	114.0	143.0	98.0	130.0	162.0	99.0	154.0	133.0	104.0	103.0	82.0	110.0	135.0	105.0	133.0	121.0	99.0	105.0	93.0	67.0	82.0	98.0	116.0	111.0	113.0	139.0	99.0	105.0	112.0	90.0	129.0	94.0	118.0	110.0	225.0	191.0	234.0	320.0	280.0	230.0	168.0	311.0	117.0	128.0	194.0	144.0	101.0
64	20140913 02:37:08.361	586.0	757.0	118.0	95.0	75.0	132.0	116.0	111.0	99.0	141.0	137.0	128.0	109.0	101.0	84.0	132.0	119.0	141.0	128.0	99.0	100.0	110.0	98.0	111.0	114.0	132.0	122.0	101.0	117.0	104.0	112.0	68.0	107.0	132.0	109.0	95.0	123.0	122.0	134.0	90.0	108.0	90.0	78.0	105.0	106.0	133.0	138.0	109.0	146.0	128.0	132.0	96.0	125.0	89.0	243.0	237.0	280.0	250.0	350.0	241.0	174.0	279.0	104.0	147.0	137.0	186.0	135.0
65	20140911 10:37:04.430	587.0	753.0	103.0	114.0	95.0	81.0	89.0	120.0	97.0	100.0	164.0	117.0	121.0	152.0	100.0	73.0	122.0	210.0	136.0	81.0	134.0	111.0	102.0	103.0	94.0	105.0	125.0	102.0	96.0	89.0	157.0	152.0	109.0	95.0	156.0	134.0	101.0	126.0	110.0	160.0	104.0	94.0	111.0	136.0	106.0	152.0	88.0	107.0	179.0	108.0	113.0	86.0	150.0	79.0	200.0	185.0	215.0	192.0	284.0	220.0	127.0	305.0	93.0	105.0	137.0	153.0	125.0
66	20140911 03:37:00.379	477.0	735.0	138.0	98.0	110.0	104.0	78.0	140.0	146.0	106.0	153.0	129.0	109.0	149.0	127.0	135.0	134.0	158.0	111.0	98.0	146.0	137.0	107.0	124.0	126.0	117.0	158.0	137.0	114.0	157.0	108.0	127.0	135.0	189.0	111.0	120.0	124.0	166.0	192.0	154.0	148.0	175.0	146.0	157.0	206.0	156.0	214.0	177.0	183.0	138.0	208.0	145.0	164.0	166.0	211.0	141.0	173.0	185.0	192.0	170.0	198.0	191.0	93.0	139.0	165.0	163.0	169.0
67	20140911 03:37:00.379	474.0	735.0	138.0	113.0	110.0	92.0	68.0	106.0	102.0	111.0	143.0	124.0	102.0	142.0	123.0	128.0	119.0	158.0	121.0	138.0	141.0	180.0	130.0	127.0	126.0	111.0	144.0	137.0	157.0	114.0	157.0	127.0	158.0	217.0	160.0	141.0	149.0	135.0	180.0	163.0	160.0	175.0	146.0	141.0	170.0	145.0	188.0	165.0	177.0	140.0	170.0	154.0	162.0	174.0	211.0	192.0	202.0	185.0	145.0	134.0	124.0	210.0	89.0	186.0	131.0	154.0	136.0
68	20140911 03:37:00.379	437.0	735.0	107.0	90.0	122.0	108.0	95.0	73.0	166.0	120.0	180.0	117.0	113.0	180.0	133.0	102.0	173.0	157.0	139.0	137.0	164.0	160.0	187.0	164.0	132.0	184.0	174.0	144.0	141.0	174.0	143.0	181.0	155.0	178.0	184.0	196.0	187.0	151.0	163.0	138.0	189.0	186.0	176.0	161.0	214.0	193.0	181.0	176.0	256.0	182.0	229.0	235.0	161.0	241.0	179.0	199.0	192.0	221.0	224.0	225.0	261.0	267.0	199.0	172.0	151.0	165.0	178.0
69	20140911 03:37:00.379	434.0	735.0	139.0	118.0	148.0	108.0	88.0	101.0	136.0	120.0	208.0	102.0	121.0	125.0	121.0	145.0	169.0	171.0	139.0	132.0	164.0	220.0	187.0	195.0	154.0	219.0	212.0	149.0	161.0	159.0	157.0	146.0	153.0	176.0	184.0	196.0	187.0	136.0	191.0	208.0	200.0	186.0	185.0	183.0	214.0	177.0	196.0	160.0	211.0	158.0	229.0	210.0	156.0	201.0	239.0	191.0	192.0	195.0	253.0	205.0	261.0	220.0	158.0	158.0	166.0	191.0	235.0
70	20140912 08:37:04.469	477.0	733.0	102.0	98.0	110.0	117.0	108.0	140.0	101.0	119.0	154.0	129.0	109.0	149.0	89.0	122.0	134.0	158.0	126.0	98.0	146.0	137.0	108.0	118.0	87.0	117.0	147.0	137.0	125.0	130.0	128.0	127.0	122.0	121.0	121.0	144.0	112.0	166.0	192.0	133.0	122.0	117.0	118.0	150.0	206.0	156.0	132.0	165.0	183.0	135.0	208.0	157.0	156.0	164.0	211.0	141.0	173.0	185.0	192.0	170.0	198.0	191.0	82.0	139.0	165.0	154.0	169.0
71	20140911 03:37:00.379	474.0	733.0	95.0	111.0	116.0	92.0	86.0	107.0	103.0	118.0	154.0	136.0	99.0	142.0	120.0	128.0	140.0	158.0	126.0	146.0	111.0	180.0	130.0	96.0	114.0	111.0	147.0	137.0	109.0	130.0	108.0	127.0	145.0	166.0	160.0	126.0	143.0	121.0	115.0	149.0	122.0	175.0	127.0	141.0	126.0	127.0	126.0	165.0	163.0	156.0	170.0	157.0	162.0	174.0	211.0	192.0	155.0	185.0	154.0	166.0	109.0	188.0	89.0	187.0	119.0	154.0	121.0
72	20140913 02:37:08.361	437.0	731.0	119.0	131.0	132.0	130.0	135.0	109.0	135.0	194.0	132.0	138.0	122.0	187.0	116.0	145.0	171.0	192.0	144.0	141.0	115.0	139.0	120.0	119.0	115.0	115.0	123.0	127.0	139.0	107.0	100.0	153.0	127.0	127.0	198.0	139.0	115.0	126.0	114.0	126.0	143.0	157.0	120.0	110.0	142.0	123.0	120.0	182.0	171.0	140.0	179.0	158.0	163.0	122.0	222.0	219.0	224.0	154.0	231.0	230.0	139.0	305.0	133.0	138.0	201.0	145.0	155.0
73	20140911 02:37:05.21	434.0	732.0	120.0	121.0	121.0	144.0	80.0	122.0	135.0	194.0	180.0	107.0	122.0	156.0	164.0	169.0	171.0	158.0	194.0	146.0	131.0	158.0	159.0	127.0	145.0	127.0	174.0	127.0	168.0	109.0	152.0	157.0	153.0	172.0	137.0	154.0	145.0	159.0	140.0	160.0	125.0	144.0	176.0	189.0	165.0	123.0	174.0	182.0	211.0	137.0	182.0	183.0	174.0	194.0	185.0	219.0	289.0	181.0	283.0	205.0	201.0	272.0	120.0	157.0	135.0	130.0	159.0
74	20140912 03:37:18.410	592.0	731.0	117.0	128.0	148.0	126.0	112.0	134.0	82.0	117.0	132.0	130.0	85.0	125.0	111.0	115.0	145.0	137.0	118.0	134.0	129.0	147.0	155.0	137.0	133.0	142.0	134.0	126.0	132.0	145.0	133.0	140.0	143.0	175.0	136.0	187.0	87.0	120.0	124.0	111.0	119.0	140.0	130.0	135.0	131.0	132.0	125.0	128.0	168.0	128.0	136.0	87.0	209.0	173.0	142.0	151.0	132.0	190.0	122.0	124.0	154.0	187.0	136.0	231.0	253.0	207.0	176.0
75	20140911 19:37:24.926	595.0	730.0	117.0	128.0	100.0	108.0	153.0	84.0	130.0	125.0	109.0	145.0	107.0	142.0	112.0	138.0	122.0	137.0	125.0	118.0	155.0	121.0	121.0	116.0	145.0	134.0	173.0	113.0	146.0	144.0	147.0	156.0	143.0	141.0	136.0	100.0	119.0	122.0	109.0	117.0	101.0	160.0	115.0	129.0	162.0	115.0	121.0	108.0	134.0	103.0	131.0	117.0	209.0	147.0	143.0	158.0	129.0	148.0	152.0	176.0	134.0	135.0	136.0	233.0	227.0	245.0	176.0
76	20140912 06:37:14.389	595.0	728.0	117.0	133.0	137.0	102.0	153.0	103.0	130.0	125.0	110.0	145.0	107.0	142.0	112.0	139.0	88.0	135.0	107.0	104.0	118.0	140.0	121.0	116.0	121.0	134.0	157.0	113.0	146.0	82.0	147.0	156.0	143.0	118.0	136.0	164.0	114.0	122.0	109.0	117.0	119.0	127.0	115.0	117.0	162.0	115.0	108.0	123.0	117.0	107.0	131.0	109.0	209.0	127.0	157.0	158.0	129.0	148.0	152.0	170.0	134.0	145.0	88.0	233.0	202.0	245.0	240.0
77	20140913 00:37:17.609	592.0	728.0	122.0	131.0	137.0	119.0	112.0	79.0	112.0	133.0	82.0	125.0	100.0	142.0	111.0	100.0	142.0	161.0	118.0	132.0	116.0	197.0	106.0	124.0	97.0	134.0	115.0	91.0	123.0	123.0	147.0	151.0	143.0	130.0	136.0	145.0	110.0	120.0	114.0	121.0	105.0	139.0	115.0	115.0	143.0	72.0	125.0	128.0	155.0	141.0	135.0	92.0	209.0	156.0	125.0	185.0	132.0	190.0	125.0	140.0	154.0	146.0	88.0	236.0	253.0	207.0	159.0
78	20140911 23:37:22.20	475.0	695.0	138.0	116.0	103.0	140.0	100.0	99.0	102.0	149.0	146.0	157.0	105.0	116.0	100.0	157.0	172.0	127.0	146.0	117.0	125.0	164.0	154.0	153.0	166.0	145.0	113.0	136.0	146.0	145.0	203.0	203.0	144.0	189.0	157.0	198.0	164.0	176.0	172.0	172.0	182.0	154.0	130.0	186.0	190.0	163.0	176.0	204.0	169.0	199.0	191.0	185.0	165.0	260.0	176.0	215.0	202.0	157.0	193.0	192.0	255.0	238.0	163.0	151.0	163.0	142.0	187.0
79	20140911 03:37:00.379	472.0	695.0	190.0	119.0	104.0	94.0	110.0	124.0	90.0	149.0	191.0	114.0	124.0	116.0	123.0	141.0	159.0	143.0	138.0	139.0	137.0	173.0	174.0	173.0	185.0	230.0	145.0	155.0	234.0	176.0	203.0	158.0	179.0	207.0	201.0	198.0	160.0	190.0	172.0	233.0	189.0	186.0	161.0	183.0	190.0	206.0	216.0	213.0	176.0	178.0	185.0	197.0	179.0	260.0	191.0	192.0	184.0	208.0	218.0	216.0	194.0	222.0	142.0	140.0	206.0	114.0	161.0
80	20140911 07:37:14.159	475.0	692.0	139.0	116.0	93.0	89.0	108.0	116.0	108.0	146.0	174.0	151.0	126.0	154.0	194.0	162.0	172.0	201.0	124.0	135.0	104.0	129.0	126.0	158.0	144.0	148.0	113.0	159.0	124.0	124.0	141.0	203.0	156.0	189.0	152.0	137.0	117.0	134.0	172.0	172.0	157.0	155.0	147.0	176.0	145.0	163.0	164.0	147.0	169.0	146.0	191.0	196.0	208.0	260.0	146.0	166.0	195.0	194.0	193.0	222.0	255.0	222.0	142.0	137.0	163.0	124.0	143.0
81	20140911 07:37:14.159	472.0	692.0	139.0	118.0	110.0	89.0	156.0	116.0	114.0	119.0	149.0	143.0	129.0	170.0	194.0	162.0	213.0	202.0	154.0	170.0	127.0	173.0	155.0	182.0	169.0	165.0	145.0	148.0	130.0	152.0	134.0	131.0	179.0	207.0	160.0	174.0	176.0	134.0	205.0	192.0	147.0	155.0	162.0	138.0	183.0	147.0	202.0	225.0	193.0	178.0	177.0	176.0	187.0	260.0	236.0	194.0	195.0	203.0	203.0	201.0	172.0	222.0	142.0	144.0	206.0	114.0	161.0
82	20140912 05:37:13.470	135.0	507.0	135.0	104.0	83.0	144.0	81.0	139.0	106.0	113.0	95.0	100.0	120.0	122.0	92.0	100.0	127.0	128.0	111.0	79.0	131.0	121.0	101.0	109.0	130.0	98.0	113.0	98.0	96.0	91.0	107.0	107.0	110.0	114.0	189.0	122.0	80.0	91.0	151.0	126.0	80.0	134.0	157.0	156.0	127.0	101.0	112.0	106.0	179.0	145.0	156.0	135.0	111.0	137.0	202.0	207.0	161.0	185.0	235.0	228.0	208.0	250.0	125.0	128.0	137.0	148.0	159.0
83	20140911 22:37:26.976	967.0	477.0	143.0	138.0	86.0	91.0	124.0	139.0	78.0	167.0	111.0	111.0	121.0	136.0	103.0	121.0	93.0	120.0	107.0	95.0	111.0	140.0	85.0	97.0	175.0	153.0	149.0	125.0	93.0	313.0	258.0	253.0	248.0	243.0	223.0	215.0	205.0	146.0	211.0	202.0	214.0	200.0	250.0	177.0	103.0	145.0	107.0	107.0	118.0	100.0	137.0	142.0	133.0	111.0	101.0	95.0	87.0	103.0	125.0	100.0	98.0	104.0	124.0	92.0	115.0	103.0	111.0
84	20140911 22:37:26.976	972.0	477.0	114.0	135.0	138.0	105.0	91.0	102.0	107.0	124.0	108.0	132.0	96.0	183.0	104.0	118.0	139.0	132.0	117.0	141.0	88.0	119.0	124.0	111.0	160.0	116.0	134.0	106.0	153.0	335.0	251.0	236.0	255.0	223.0	236.0	250.0	251.0	172.0	210.0	194.0	185.0	195.0	184.0	178.0	95.0	143.0	113.0	122.0	147.0	149.0	93.0	116.0	122.0	127.0	102.0	104.0	127.0	144.0	152.0	89.0	106.0	116.0	108.0	115.0	171.0	112.0	167.0
85	20140912 19:37:30.117	940.0	475.0	162.0	98.0	94.0	96.0	119.0	113.0	130.0	163.0	102.0	104.0	94.0	88.0	135.0	71.0	87.0	120.0	88.0	116.0	107.0	136.0	105.0	82.0	139.0	121.0	87.0	125.0	115.0	138.0	101.0	130.0	128.0	152.0	138.0	131.0	112.0	126.0	128.0	122.0	155.0	95.0	118.0	102.0	190.0	188.0	176.0	278.0	202.0	194.0	142.0	190.0	162.0	196.0	332.0	254.0	323.0	308.0	358.0	177.0	105.0	291.0	139.0	168.0	115.0	131.0	113.0
86	20140911 17:37:14.670	937.0	476.0	162.0	128.0	93.0	96.0	101.0	110.0	109.0	133.0	86.0	89.0	94.0	112.0	102.0	138.0	90.0	95.0	104.0	135.0	120.0	102.0	118.0	130.0	186.0	117.0	116.0	182.0	95.0	100.0	100.0	111.0	94.0	107.0	144.0	131.0	112.0	123.0	140.0	100.0	133.0	155.0	158.0	102.0	175.0	178.0	225.0	278.0	232.0	217.0	187.0	190.0	167.0	196.0	188.0	182.0	237.0	223.0	210.0	213.0	152.0	235.0	148.0	168.0	143.0	143.0	129.0
87	20140911 22:37:26.976	974.0	474.0	134.0	120.0	122.0	114.0	98.0	159.0	103.0	109.0	123.0	140.0	131.0	86.0	94.0	91.0	120.0	155.0	105.0	135.0	101.0	111.0	131.0	98.0	160.0	116.0	105.0	143.0	175.0	335.0	236.0	210.0	255.0	232.0	199.0	198.0	229.0	171.0	224.0	173.0	185.0	211.0	207.0	175.0	135.0	153.0	161.0	122.0	144.0	132.0	104.0	148.0	123.0	95.0	127.0	115.0	137.0	146.0	118.0	111.0	101.0	179.0	108.0	101.0	167.0	110.0	147.0
88	20140911 22:37:26.976	968.0	475.0	156.0	138.0	81.0	115.0	118.0	139.0	96.0	97.0	114.0	111.0	149.0	121.0	90.0	94.0	104.0	119.0	104.0	95.0	93.0	148.0	129.0	84.0	175.0	119.0	149.0	108.0	76.0	284.0	228.0	253.0	248.0	243.0	203.0	213.0	188.0	146.0	217.0	212.0	155.0	193.0	224.0	214.0	89.0	138.0	104.0	86.0	89.0	135.0	145.0	139.0	133.0	91.0	88.0	100.0	88.0	127.0	125.0	110.0	98.0	84.0	111.0	149.0	115.0	125.0	103.0
89	20140913 02:37:08.361	940.0	472.0	100.0	139.0	117.0	71.0	116.0	114.0	110.0	163.0	99.0	82.0	157.0	136.0	135.0	121.0	111.0	122.0	91.0	102.0	107.0	123.0	134.0	96.0	182.0	117.0	92.0	103.0	109.0	138.0	80.0	130.0	103.0	152.0	121.0	124.0	80.0	137.0	145.0	132.0	133.0	96.0	138.0	167.0	176.0	112.0	143.0	138.0	147.0	133.0	128.0	119.0	143.0	166.0	332.0	254.0	296.0	308.0	358.0	190.0	116.0	199.0	126.0	159.0	101.0	99.0	151.0
90	20140913 05:37:19.643	937.0	472.0	130.0	94.0	117.0	107.0	99.0	105.0	114.0	163.0	126.0	71.0	112.0	87.0	85.0	129.0	116.0	102.0	118.0	113.0	107.0	102.0	134.0	99.0	115.0	107.0	128.0	103.0	149.0	104.0	97.0	150.0	105.0	120.0	117.0	133.0	109.0	115.0	134.0	109.0	123.0	146.0	138.0	95.0	153.0	136.0	159.0	124.0	141.0	187.0	155.0	126.0	143.0	123.0	211.0	193.0	209.0	284.0	358.0	222.0	149.0	213.0	126.0	75.0	152.0	114.0	151.0
91	20140911 15:37:19.965	696.0	445.0	86.0	135.0	129.0	123.0	115.0	105.0	92.0	111.0	95.0	69.0	114.0	102.0	100.0	98.0	85.0	131.0	127.0	100.0	136.0	135.0	154.0	105.0	160.0	119.0	83.0	117.0	111.0	144.0	131.0	81.0	102.0	120.0	121.0	128.0	134.0	83.0	95.0	70.0	147.0	121.0	137.0	123.0	116.0	138.0	196.0	120.0	98.0	139.0	118.0	149.0	105.0	101.0	154.0	135.0	114.0	114.0	120.0	127.0	86.0	139.0	105.0	219.0	231.0	187.0	159.0
92	20140911 23:37:22.20	1215.0	427.0	99.0	61.0	133.0	132.0	90.0	50.0	105.0	149.0	112.0	131.0	116.0	130.0	120.0	98.0	137.0	130.0	89.0	103.0	134.0	130.0	109.0	123.0	150.0	135.0	90.0	109.0	140.0	119.0	442.0	480.0	442.0	376.0	375.0	446.0	398.0	327.0	365.0	318.0	333.0	376.0	345.0	300.0	339.0	361.0	308.0	351.0	348.0	289.0	310.0	266.0	286.0	258.0	313.0	352.0	295.0	232.0	286.0	324.0	252.0	353.0	136.0	167.0	159.0	111.0	126.0
93	20140911 23:37:22.20	1209.0	427.0	117.0	128.0	95.0	104.0	97.0	69.0	111.0	115.0	113.0	101.0	113.0	128.0	134.0	129.0	111.0	136.0	120.0	148.0	156.0	146.0	177.0	166.0	152.0	171.0	122.0	146.0	201.0	130.0	358.0	484.0	432.0	398.0	408.0	339.0	322.0	224.0	310.0	301.0	287.0	288.0	268.0	276.0	257.0	244.0	289.0	377.0	253.0	222.0	235.0	186.0	304.0	216.0	229.0	203.0	332.0	233.0	227.0	246.0	175.0	214.0	141.0	161.0	162.0	163.0	131.0
94	20140911 23:37:22.20	1216.0	420.0	154.0	107.0	92.0	112.0	137.0	100.0	110.0	143.0	109.0	103.0	102.0	118.0	130.0	91.0	133.0	108.0	110.0	128.0	150.0	117.0	116.0	167.0	101.0	124.0	119.0	116.0	89.0	112.0	341.0	299.0	286.0	354.0	304.0	261.0	311.0	282.0	250.0	292.0	252.0	259.0	200.0	230.0	240.0	247.0	331.0	310.0	272.0	291.0	302.0	394.0	284.0	275.0	306.0	329.0	272.0	275.0	433.0	355.0	393.0	407.0	133.0	145.0	190.0	158.0	124.0
95	20140911 23:37:22.20	1211.0	420.0	140.0	94.0	136.0	111.0	128.0	114.0	87.0	121.0	90.0	105.0	129.0	110.0	116.0	132.0	142.0	125.0	103.0	135.0	115.0	118.0	133.0	128.0	143.0	158.0	106.0	122.0	129.0	151.0	305.0	324.0	378.0	396.0	355.0	350.0	258.0	232.0	253.0	314.0	265.0	268.0	287.0	277.0	277.0	253.0	264.0	311.0	240.0	246.0	267.0	235.0	233.0	230.0	256.0	215.0	242.0	232.0	298.0	258.0	259.0	282.0	109.0	167.0	159.0	141.0	141.0
96	20140911 22:37:26.976	376.0	416.0	118.0	70.0	121.0	141.0	155.0	99.0	123.0	106.0	118.0	119.0	94.0	109.0	90.0	150.0	145.0	100.0	114.0	133.0	127.0	123.0	133.0	127.0	157.0	105.0	120.0	120.0	120.0	177.0	78.0	129.0	160.0	127.0	153.0	124.0	133.0	124.0	179.0	132.0	144.0	136.0	148.0	174.0	141.0	189.0	152.0	192.0	195.0	169.0	187.0	190.0	209.0	186.0	184.0	179.0	186.0	219.0	245.0	221.0	160.0	272.0	102.0	141.0	169.0	119.0	148.0
97	20140911 22:37:26.976	374.0	417.0	118.0	113.0	108.0	115.0	124.0	122.0	97.0	111.0	118.0	112.0	91.0	114.0	108.0	154.0	153.0	120.0	125.0	133.0	96.0	136.0	133.0	107.0	127.0	157.0	127.0	114.0	109.0	177.0	128.0	111.0	165.0	189.0	199.0	180.0	203.0	161.0	181.0	196.0	138.0	202.0	140.0	174.0	166.0	189.0	181.0	153.0	193.0	187.0	187.0	182.0	178.0	186.0	171.0	179.0	180.0	219.0	245.0	221.0	197.0	210.0	77.0	160.0	166.0	119.0	148.0
98	20140912 06:37:14.389	377.0	414.0	112.0	110.0	93.0	141.0	155.0	122.0	123.0	106.0	128.0	121.0	116.0	112.0	176.0	158.0	145.0	113.0	150.0	113.0	127.0	97.0	118.0	127.0	157.0	107.0	117.0	107.0	131.0	151.0	98.0	129.0	104.0	118.0	153.0	183.0	133.0	138.0	159.0	107.0	144.0	146.0	119.0	94.0	132.0	121.0	150.0	178.0	151.0	121.0	162.0	146.0	209.0	155.0	176.0	145.0	192.0	219.0	187.0	221.0	160.0	272.0	112.0	117.0	107.0	88.0	135.0
99	20140911 08:37:06.977	374.0	414.0	141.0	104.0	97.0	156.0	135.0	122.0	97.0	108.0	157.0	121.0	111.0	139.0	148.0	163.0	145.0	128.0	155.0	133.0	140.0	100.0	133.0	135.0	139.0	142.0	118.0	107.0	114.0	177.0	132.0	142.0	160.0	127.0	127.0	126.0	105.0	122.0	119.0	115.0	113.0	146.0	118.0	108.0	114.0	104.0	154.0	169.0	173.0	169.0	156.0	182.0	144.0	155.0	151.0	155.0	135.0	219.0	203.0	221.0	172.0	217.0	84.0	175.0	149.0	119.0	148.0
100	20140911 18:37:19.893	242.0	385.0	123.0	128.0	148.0	147.0	125.0	116.0	108.0	134.0	105.0	129.0	136.0	99.0	110.0	108.0	124.0	125.0	112.0	72.0	96.0	115.0	127.0	88.0	106.0	167.0	127.0	121.0	115.0	128.0	80.0	147.0	88.0	118.0	131.0	112.0	86.0	114.0	128.0	101.0	103.0	111.0	100.0	108.0	88.0	148.0	116.0	127.0	111.0	107.0	119.0	94.0	114.0	117.0	212.0	209.0	246.0	229.0	256.0	238.0	199.0	261.0	84.0	151.0	127.0	107.0	176.0
101	20140913 02:37:08.361	248.0	384.0	158.0	95.0	112.0	75.0	118.0	97.0	97.0	122.0	100.0	109.0	93.0	145.0	135.0	166.0	115.0	131.0	110.0	87.0	108.0	98.0	132.0	157.0	147.0	121.0	107.0	115.0	104.0	122.0	115.0	111.0	115.0	107.0	140.0	140.0	116.0	147.0	126.0	107.0	107.0	89.0	102.0	134.0	119.0	99.0	112.0	105.0	86.0	105.0	124.0	102.0	124.0	116.0	226.0	216.0	276.0	258.0	337.0	242.0	173.0	299.0	108.0	140.0	178.0	193.0	146.0
102	20140913 02:37:08.361	249.0	382.0	152.0	142.0	116.0	88.0	135.0	141.0	114.0	116.0	95.0	83.0	112.0	139.0	126.0	166.0	99.0	112.0	110.0	122.0	92.0	92.0	98.0	146.0	147.0	105.0	96.0	96.0	117.0	88.0	114.0	110.0	121.0	112.0	158.0	99.0	90.0	147.0	132.0	121.0	158.0	128.0	102.0	134.0	119.0	81.0	103.0	105.0	119.0	105.0	88.0	94.0	124.0	115.0	226.0	180.0	276.0	258.0	337.0	219.0	173.0	299.0	108.0	136.0	178.0	193.0	172.0
103	20140913 02:37:08.361	241.0	381.0	123.0	122.0	132.0	93.0	87.0	99.0	121.0	145.0	143.0	100.0	85.0	116.0	132.0	117.0	87.0	86.0	101.0	95.0	106.0	88.0	98.0	104.0	114.0	127.0	149.0	141.0	132.0	118.0	146.0	82.0	142.0	126.0	162.0	135.0	118.0	87.0	110.0	113.0	113.0	130.0	89.0	95.0	134.0	118.0	137.0	134.0	104.0	99.0	95.0	99.0	153.0	138.0	225.0	208.0	249.0	264.0	226.0	194.0	153.0	312.0	95.0	126.0	142.0	147.0	146.0
104	20140912 05:37:13.470	332.0	381.0	140.0	113.0	94.0	138.0	125.0	90.0	124.0	111.0	116.0	98.0	117.0	131.0	135.0	151.0	150.0	102.0	118.0	177.0	100.0	101.0	88.0	151.0	128.0	99.0	117.0	92.0	129.0	106.0	133.0	94.0	92.0	119.0	178.0	173.0	151.0	133.0	177.0	140.0	191.0	137.0	146.0	168.0	193.0	144.0	234.0	176.0	168.0	169.0	232.0	119.0	140.0	198.0	149.0	167.0	202.0	171.0	181.0	174.0	175.0	176.0	126.0	157.0	107.0	174.0	163.0
105	20140912 05:37:13.470	330.0	381.0	110.0	113.0	145.0	95.0	94.0	106.0	124.0	100.0	110.0	125.0	102.0	139.0	129.0	151.0	150.0	92.0	118.0	118.0	105.0	114.0	107.0	131.0	140.0	86.0	122.0	133.0	136.0	107.0	133.0	126.0	92.0	133.0	178.0	187.0	130.0	137.0	177.0	160.0	134.0	150.0	146.0	168.0	190.0	144.0	234.0	176.0	168.0	169.0	232.0	119.0	133.0	198.0	137.0	167.0	202.0	171.0	181.0	174.0	179.0	161.0	101.0	171.0	126.0	174.0	121.0
106	20140911 06:37:12.768	333.0	379.0	110.0	86.0	105.0	127.0	146.0	111.0	124.0	103.0	117.0	73.0	117.0	160.0	131.0	151.0	124.0	123.0	115.0	95.0	136.0	90.0	79.0	151.0	151.0	84.0	128.0	101.0	104.0	154.0	102.0	102.0	91.0	123.0	113.0	173.0	151.0	141.0	139.0	121.0	132.0	148.0	108.0	149.0	193.0	144.0	155.0	173.0	168.0	169.0	170.0	131.0	141.0	185.0	149.0	197.0	194.0	161.0	193.0	180.0	175.0	190.0	134.0	149.0	136.0	174.0	163.0
107	20140911 18:37:19.893	1332.0	378.0	0.0	117.0	107.0	99.0	113.0	130.0	97.0	117.0	107.0	77.0	160.0	108.0	115.0	78.0	114.0	105.0	109.0	119.0	114.0	113.0	115.0	146.0	116.0	163.0	115.0	148.0	113.0	80.0	142.0	161.0	88.0	130.0	191.0	130.0	84.0	157.0	128.0	183.0	205.0	133.0	107.0	137.0	125.0	136.0	140.0	116.0	112.0	167.0	148.0	117.0	151.0	121.0	119.0	147.0	97.0	110.0	128.0	130.0	149.0	134.0	81.0	320.0	220.0	231.0	210.0
108	20140911 14:37:20.258	1330.0	377.0	0.0	117.0	154.0	91.0	139.0	130.0	120.0	102.0	120.0	131.0	121.0	106.0	115.0	95.0	104.0	130.0	104.0	98.0	103.0	164.0	115.0	116.0	114.0	163.0	115.0	148.0	130.0	116.0	150.0	161.0	131.0	176.0	191.0	130.0	82.0	157.0	128.0	119.0	205.0	132.0	95.0	156.0	114.0	94.0	133.0	157.0	125.0	167.0	107.0	98.0	109.0	164.0	99.0	159.0	116.0	89.0	103.0	130.0	149.0	135.0	98.0	320.0	212.0	218.0	187.0
109	20140912 06:37:14.389	330.0	378.0	110.0	127.0	129.0	107.0	127.0	130.0	84.0	119.0	110.0	125.0	111.0	148.0	138.0	104.0	150.0	123.0	140.0	138.0	136.0	125.0	118.0	131.0	141.0	102.0	138.0	156.0	136.0	154.0	103.0	100.0	132.0	114.0	113.0	173.0	84.0	155.0	145.0	153.0	127.0	144.0	94.0	124.0	174.0	138.0	126.0	176.0	168.0	161.0	232.0	131.0	123.0	150.0	146.0	197.0	202.0	171.0	181.0	180.0	179.0	150.0	125.0	120.0	136.0	174.0	142.0
110	20140910 21:37:11.866	1332.0	375.0	0.0	117.0	154.0	119.0	110.0	136.0	120.0	122.0	183.0	104.0	106.0	123.0	88.0	119.0	100.0	105.0	109.0	95.0	111.0	72.0	115.0	119.0	116.0	112.0	118.0	139.0	130.0	98.0	142.0	161.0	136.0	107.0	154.0	130.0	142.0	113.0	112.0	121.0	164.0	131.0	107.0	91.0	157.0	136.0	124.0	132.0	106.0	167.0	148.0	90.0	112.0	144.0	96.0	130.0	174.0	143.0	117.0	88.0	138.0	89.0	95.0	239.0	272.0	244.0	208.0
111	20140910 21:37:11.866	1330.0	375.0	0.0	117.0	154.0	97.0	113.0	136.0	120.0	149.0	120.0	115.0	106.0	123.0	117.0	95.0	99.0	130.0	116.0	117.0	112.0	164.0	115.0	119.0	108.0	149.0	118.0	139.0	165.0	116.0	150.0	161.0	131.0	101.0	154.0	149.0	142.0	105.0	112.0	121.0	164.0	128.0	95.0	126.0	157.0	94.0	142.0	157.0	125.0	167.0	170.0	98.0	104.0	164.0	99.0	130.0	117.0	143.0	117.0	135.0	161.0	86.0	127.0	239.0	212.0	218.0	187.0
112	20140913 03:37:16.629	243.0	345.0	133.0	130.0	101.0	153.0	99.0	130.0	94.0	121.0	82.0	70.0	114.0	137.0	141.0	111.0	78.0	118.0	132.0	124.0	136.0	98.0	88.0	107.0	138.0	115.0	130.0	104.0	101.0	97.0	146.0	127.0	112.0	151.0	117.0	133.0	170.0	129.0	157.0	157.0	136.0	126.0	85.0	124.0	103.0	170.0	151.0	156.0	108.0	107.0	140.0	120.0	131.0	168.0	188.0	250.0	262.0	222.0	356.0	285.0	216.0	338.0	119.0	106.0	126.0	106.0	108.0
113	20140912 23:37:16.887	211.0	346.0	120.0	125.0	133.0	106.0	112.0	142.0	89.0	156.0	76.0	129.0	138.0	130.0	111.0	126.0	103.0	92.0	89.0	120.0	140.0	125.0	112.0	99.0	128.0	116.0	159.0	113.0	194.0	118.0	164.0	126.0	119.0	112.0	170.0	143.0	165.0	139.0	164.0	145.0	169.0	153.0	121.0	133.0	182.0	149.0	171.0	209.0	215.0	219.0	260.0	285.0	346.0	348.0	375.0	453.0	361.0	329.0	356.0	444.0	423.0	311.0	125.0	100.0	114.0	147.0	110.0
114	20140912 16:37:48.693	207.0	346.0	142.0	113.0	130.0	116.0	138.0	101.0	130.0	116.0	128.0	126.0	134.0	117.0	76.0	100.0	125.0	163.0	144.0	133.0	159.0	135.0	119.0	202.0	155.0	125.0	154.0	138.0	140.0	161.0	162.0	145.0	181.0	163.0	209.0	161.0	167.0	140.0	175.0	198.0	177.0	214.0	195.0	167.0	257.0	193.0	184.0	215.0	211.0	230.0	280.0	266.0	304.0	371.0	381.0	365.0	365.0	318.0	292.0	294.0	424.0	277.0	93.0	156.0	136.0	203.0	139.0
115	20140913 02:37:08.361	250.0	345.0	126.0	104.0	98.0	90.0	124.0	113.0	109.0	117.0	99.0	141.0	110.0	85.0	91.0	145.0	112.0	102.0	109.0	106.0	114.0	72.0	120.0	101.0	117.0	135.0	132.0	118.0	110.0	111.0	144.0	112.0	110.0	139.0	145.0	161.0	120.0	139.0	140.0	122.0	120.0	129.0	91.0	134.0	121.0	147.0	112.0	162.0	170.0	115.0	120.0	148.0	131.0	179.0	213.0	214.0	268.0	222.0	335.0	316.0	215.0	349.0	127.0	100.0	114.0	119.0	116.0
116	20140912 23:37:16.887	211.0	342.0	122.0	102.0	100.0	112.0	163.0	107.0	124.0	135.0	131.0	126.0	165.0	111.0	111.0	126.0	91.0	80.0	120.0	127.0	115.0	143.0	85.0	77.0	132.0	108.0	102.0	109.0	131.0	136.0	126.0	117.0	126.0	121.0	122.0	162.0	115.0	116.0	107.0	144.0	156.0	138.0	136.0	94.0	136.0	160.0	165.0	178.0	171.0	203.0	227.0	266.0	345.0	321.0	333.0	399.0	306.0	410.0	420.0	397.0	290.0	398.0	99.0	173.0	114.0	143.0	128.0
117	20140912 20:37:22.389	207.0	342.0	129.0	188.0	175.0	98.0	121.0	89.0	102.0	96.0	110.0	159.0	150.0	175.0	134.0	157.0	145.0	133.0	122.0	170.0	130.0	157.0	123.0	111.0	111.0	178.0	136.0	109.0	106.0	145.0	140.0	117.0	109.0	138.0	165.0	142.0	130.0	112.0	161.0	152.0	136.0	159.0	109.0	134.0	169.0	141.0	150.0	149.0	241.0	242.0	229.0	270.0	254.0	256.0	381.0	262.0	327.0	341.0	291.0	319.0	373.0	261.0	129.0	172.0	134.0	152.0	157.0
118	20140913 03:37:16.629	250.0	341.0	111.0	107.0	72.0	123.0	148.0	114.0	96.0	116.0	116.0	115.0	129.0	116.0	113.0	110.0	92.0	130.0	103.0	134.0	110.0	114.0	101.0	159.0	112.0	144.0	158.0	107.0	120.0	122.0	84.0	131.0	115.0	118.0	133.0	152.0	95.0	143.0	134.0	95.0	125.0	121.0	124.0	139.0	124.0	95.0	138.0	109.0	98.0	86.0	124.0	130.0	120.0	169.0	142.0	240.0	224.0	256.0	267.0	221.0	181.0	351.0	128.0	124.0	121.0	218.0	162.0
119	20140913 05:37:19.643	244.0	342.0	102.0	139.0	111.0	105.0	126.0	130.0	117.0	144.0	104.0	106.0	147.0	120.0	141.0	115.0	105.0	140.0	149.0	116.0	111.0	106.0	79.0	105.0	142.0	132.0	124.0	115.0	127.0	144.0	139.0	100.0	106.0	154.0	142.0	133.0	109.0	138.0	116.0	101.0	136.0	140.0	125.0	138.0	103.0	170.0	115.0	156.0	89.0	119.0	129.0	90.0	143.0	149.0	140.0	195.0	180.0	212.0	276.0	342.0	177.0	339.0	85.0	166.0	99.0	150.0	132.0
120	20140912 05:37:13.470	1193.0	325.0	98.0	84.0	102.0	163.0	120.0	127.0	99.0	87.0	136.0	109.0	112.0	106.0	108.0	133.0	133.0	96.0	105.0	78.0	94.0	107.0	127.0	112.0	124.0	103.0	142.0	89.0	143.0	103.0	107.0	93.0	86.0	79.0	370.0	127.0	111.0	269.0	284.0	331.0	276.0	269.0	86.0	341.0	130.0	161.0	119.0	102.0	141.0	133.0	81.0	102.0	139.0	125.0	115.0	72.0	131.0	112.0	103.0	124.0	134.0	187.0	146.0	116.0	123.0	113.0	119.0
121	20140912 05:37:13.470	1190.0	325.0	115.0	97.0	166.0	97.0	112.0	119.0	185.0	139.0	111.0	144.0	101.0	104.0	104.0	103.0	95.0	104.0	111.0	113.0	94.0	107.0	127.0	97.0	108.0	67.0	91.0	92.0	87.0	98.0	106.0	122.0	111.0	202.0	370.0	127.0	102.0	269.0	284.0	331.0	132.0	82.0	84.0	341.0	77.0	103.0	121.0	134.0	73.0	133.0	108.0	106.0	88.0	150.0	130.0	74.0	99.0	87.0	97.0	118.0	107.0	144.0	146.0	117.0	149.0	115.0	119.0
122	20140912 06:37:14.389	1192.0	322.0	93.0	77.0	116.0	120.0	88.0	150.0	116.0	115.0	73.0	100.0	108.0	104.0	94.0	108.0	123.0	127.0	111.0	109.0	153.0	145.0	152.0	131.0	126.0	110.0	142.0	89.0	104.0	107.0	137.0	99.0	99.0	85.0	131.0	345.0	255.0	115.0	134.0	331.0	276.0	121.0	216.0	251.0	202.0	205.0	139.0	147.0	115.0	134.0	85.0	93.0	92.0	124.0	145.0	86.0	161.0	98.0	125.0	107.0	109.0	117.0	156.0	139.0	131.0	152.0	106.0
123	20140912 06:37:14.389	1190.0	322.0	97.0	92.0	115.0	112.0	104.0	150.0	91.0	139.0	109.0	100.0	113.0	104.0	94.0	103.0	123.0	127.0	111.0	134.0	153.0	124.0	118.0	131.0	126.0	126.0	105.0	93.0	104.0	107.0	106.0	117.0	82.0	117.0	154.0	345.0	255.0	115.0	134.0	331.0	132.0	121.0	216.0	251.0	202.0	241.0	121.0	147.0	108.0	73.0	108.0	106.0	106.0	127.0	145.0	98.0	161.0	101.0	118.0	124.0	97.0	113.0	146.0	86.0	112.0	115.0	106.0
124	20140912 22:37:17.936	1194.0	309.0	163.0	114.0	116.0	116.0	119.0	116.0	116.0	96.0	109.0	127.0	114.0	85.0	114.0	76.0	112.0	120.0	93.0	82.0	133.0	74.0	143.0	84.0	168.0	81.0	109.0	121.0	94.0	133.0	121.0	173.0	121.0	106.0	131.0	124.0	79.0	138.0	134.0	129.0	90.0	143.0	146.0	93.0	77.0	123.0	152.0	160.0	146.0	89.0	252.0	249.0	247.0	348.0	128.0	105.0	106.0	111.0	109.0	112.0	134.0	139.0	191.0	169.0	112.0	83.0	105.0
125	20140912 21:37:16.839	1192.0	309.0	138.0	121.0	106.0	116.0	140.0	111.0	124.0	96.0	109.0	127.0	100.0	102.0	108.0	93.0	102.0	108.0	93.0	114.0	133.0	141.0	143.0	113.0	168.0	108.0	100.0	131.0	94.0	133.0	87.0	173.0	114.0	106.0	136.0	124.0	79.0	129.0	110.0	137.0	77.0	143.0	133.0	169.0	102.0	123.0	136.0	111.0	146.0	262.0	252.0	249.0	120.0	92.0	128.0	82.0	128.0	128.0	100.0	148.0	124.0	139.0	117.0	169.0	112.0	166.0	114.0
126	20140912 22:37:17.936	1194.0	307.0	163.0	111.0	116.0	136.0	101.0	116.0	128.0	98.0	109.0	127.0	162.0	82.0	114.0	78.0	112.0	120.0	84.0	143.0	113.0	105.0	143.0	124.0	168.0	109.0	109.0	83.0	116.0	133.0	121.0	173.0	125.0	96.0	131.0	154.0	155.0	138.0	87.0	129.0	99.0	143.0	134.0	93.0	144.0	127.0	173.0	160.0	136.0	115.0	252.0	211.0	247.0	348.0	129.0	90.0	105.0	113.0	109.0	112.0	134.0	127.0	191.0	169.0	131.0	153.0	150.0
127	20140912 14:37:42.902	1192.0	307.0	138.0	98.0	106.0	136.0	112.0	111.0	124.0	132.0	109.0	127.0	162.0	96.0	108.0	126.0	92.0	127.0	101.0	121.0	113.0	100.0	143.0	124.0	168.0	90.0	116.0	131.0	116.0	133.0	130.0	173.0	125.0	96.0	169.0	154.0	125.0	129.0	116.0	137.0	80.0	143.0	114.0	169.0	102.0	123.0	136.0	111.0	130.0	115.0	252.0	211.0	120.0	111.0	128.0	85.0	83.0	110.0	100.0	180.0	119.0	134.0	136.0	169.0	131.0	166.0	108.0
128	20140913 05:37:19.643	1203.0	301.0	146.0	126.0	108.0	116.0	143.0	112.0	127.0	145.0	135.0	107.0	122.0	133.0	119.0	136.0	118.0	142.0	119.0	127.0	134.0	124.0	125.0	174.0	111.0	131.0	124.0	131.0	125.0	125.0	145.0	100.0	128.0	120.0	117.0	161.0	102.0	104.0	141.0	129.0	101.0	112.0	93.0	136.0	135.0	144.0	147.0	156.0	172.0	114.0	139.0	128.0	186.0	104.0	127.0	113.0	164.0	362.0	269.0	73.0	222.0	137.0	103.0	108.0	127.0	183.0	130.0
129	20140913 05:37:19.643	1201.0	301.0	93.0	126.0	108.0	116.0	143.0	109.0	127.0	148.0	135.0	110.0	106.0	133.0	119.0	100.0	109.0	161.0	128.0	127.0	134.0	137.0	110.0	111.0	94.0	98.0	124.0	131.0	99.0	102.0	145.0	100.0	113.0	120.0	117.0	161.0	150.0	121.0	85.0	110.0	103.0	101.0	93.0	136.0	135.0	150.0	162.0	156.0	95.0	114.0	127.0	160.0	114.0	152.0	139.0	176.0	212.0	362.0	235.0	137.0	121.0	157.0	160.0	153.0	132.0	183.0	164.0
130	20140913 05:37:19.643	1203.0	299.0	93.0	83.0	118.0	103.0	143.0	112.0	93.0	161.0	135.0	120.0	131.0	109.0	95.0	143.0	112.0	142.0	122.0	127.0	93.0	183.0	110.0	105.0	91.0	117.0	124.0	131.0	127.0	116.0	145.0	136.0	101.0	120.0	117.0	137.0	108.0	116.0	156.0	129.0	101.0	112.0	118.0	136.0	115.0	144.0	147.0	148.0	141.0	128.0	114.0	128.0	114.0	107.0	148.0	139.0	120.0	362.0	269.0	297.0	222.0	111.0	124.0	129.0	143.0	176.0	130.0
131	20140913 05:37:19.643	1201.0	299.0	121.0	86.0	77.0	127.0	143.0	103.0	116.0	161.0	135.0	110.0	82.0	109.0	118.0	115.0	108.0	141.0	95.0	127.0	93.0	183.0	110.0	105.0	64.0	116.0	124.0	131.0	127.0	102.0	145.0	136.0	113.0	120.0	118.0	108.0	160.0	82.0	100.0	111.0	102.0	104.0	118.0	136.0	115.0	150.0	133.0	119.0	141.0	128.0	122.0	160.0	114.0	107.0	93.0	139.0	212.0	362.0	235.0	137.0	116.0	157.0	133.0	190.0	149.0	176.0	164.0
132	20140911 19:37:24.926	975.0	274.0	101.0	114.0	142.0	161.0	105.0	122.0	139.0	132.0	105.0	102.0	104.0	147.0	150.0	92.0	127.0	85.0	79.0	108.0	120.0	124.0	137.0	124.0	141.0	137.0	181.0	118.0	143.0	94.0	109.0	122.0	114.0	201.0	141.0	121.0	127.0	103.0	114.0	120.0	91.0	165.0	111.0	110.0	141.0	124.0	153.0	180.0	145.0	137.0	167.0	114.0	207.0	141.0	179.0	208.0	246.0	176.0	199.0	236.0	196.0	254.0	113.0	137.0	161.0	157.0	138.0
133	20140911 17:37:14.670	969.0	274.0	95.0	167.0	123.0	105.0	111.0	100.0	125.0	115.0	119.0	107.0	143.0	146.0	87.0	111.0	119.0	153.0	95.0	107.0	120.0	146.0	162.0	147.0	174.0	99.0	128.0	139.0	132.0	120.0	147.0	119.0	125.0	145.0	165.0	165.0	98.0	137.0	142.0	115.0	105.0	91.0	123.0	139.0	134.0	120.0	180.0	159.0	221.0	171.0	226.0	166.0	225.0	198.0	195.0	159.0	228.0	187.0	253.0	205.0	148.0	208.0	180.0	135.0	129.0	185.0	181.0
134	20140912 06:37:14.389	1003.0	273.0	129.0	144.0	91.0	66.0	138.0	144.0	93.0	105.0	87.0	83.0	127.0	95.0	101.0	141.0	141.0	126.0	126.0	110.0	151.0	98.0	129.0	156.0	108.0	93.0	105.0	100.0	137.0	83.0	121.0	103.0	134.0	128.0	99.0	174.0	155.0	127.0	145.0	122.0	100.0	141.0	113.0	139.0	152.0	111.0	127.0	232.0	171.0	127.0	220.0	185.0	152.0	156.0	180.0	202.0	228.0	223.0	265.0	229.0	193.0	234.0	138.0	148.0	190.0	109.0	138.0
135	20140911 17:37:14.670	999.0	273.0	142.0	109.0	108.0	145.0	139.0	102.0	112.0	136.0	109.0	125.0	84.0	110.0	106.0	71.0	133.0	112.0	125.0	131.0	133.0	161.0	134.0	131.0	191.0	188.0	126.0	103.0	134.0	104.0	135.0	167.0	137.0	142.0	151.0	117.0	117.0	142.0	137.0	122.0	146.0	112.0	136.0	151.0	121.0	150.0	110.0	147.0	148.0	193.0	207.0	175.0	190.0	185.0	198.0	170.0	182.0	264.0	217.0	223.0	186.0	309.0	152.0	94.0	189.0	182.0	196.0
136	20140911 19:37:24.926	976.0	272.0	93.0	114.0	142.0	125.0	88.0	82.0	110.0	118.0	118.0	102.0	123.0	126.0	129.0	92.0	146.0	101.0	101.0	108.0	68.0	129.0	137.0	119.0	141.0	137.0	167.0	109.0	127.0	123.0	106.0	122.0	135.0	201.0	139.0	152.0	127.0	101.0	97.0	107.0	114.0	165.0	101.0	117.0	108.0	117.0	141.0	182.0	177.0	101.0	152.0	114.0	156.0	151.0	163.0	185.0	225.0	212.0	235.0	236.0	201.0	261.0	112.0	137.0	96.0	153.0	146.0
137	20140912 22:37:17.936	970.0	272.0	95.0	167.0	131.0	127.0	111.0	101.0	109.0	101.0	126.0	112.0	143.0	146.0	111.0	97.0	117.0	153.0	95.0	133.0	139.0	149.0	126.0	113.0	152.0	170.0	149.0	149.0	108.0	119.0	147.0	119.0	143.0	110.0	165.0	117.0	144.0	131.0	142.0	104.0	77.0	97.0	139.0	99.0	81.0	136.0	150.0	159.0	133.0	164.0	226.0	190.0	225.0	198.0	186.0	193.0	228.0	190.0	229.0	301.0	116.0	211.0	85.0	158.0	130.0	160.0	142.0
138	20140912 19:37:30.117	1003.0	271.0	129.0	130.0	82.0	113.0	102.0	144.0	96.0	101.0	87.0	91.0	127.0	101.0	127.0	125.0	141.0	126.0	120.0	150.0	139.0	114.0	129.0	101.0	122.0	123.0	159.0	93.0	123.0	126.0	122.0	103.0	127.0	128.0	142.0	174.0	155.0	94.0	145.0	110.0	104.0	121.0	125.0	171.0	152.0	105.0	132.0	190.0	171.0	146.0	220.0	185.0	152.0	137.0	180.0	202.0	228.0	284.0	265.0	229.0	193.0	250.0	138.0	148.0	190.0	138.0	109.0
139	20140911 17:37:14.670	999.0	271.0	102.0	109.0	108.0	145.0	139.0	105.0	112.0	137.0	97.0	125.0	87.0	92.0	107.0	72.0	99.0	121.0	120.0	146.0	134.0	127.0	134.0	92.0	191.0	188.0	103.0	144.0	134.0	99.0	103.0	118.0	137.0	95.0	151.0	155.0	122.0	156.0	137.0	112.0	137.0	95.0	112.0	151.0	106.0	112.0	126.0	131.0	172.0	144.0	207.0	142.0	226.0	185.0	227.0	170.0	182.0	264.0	192.0	223.0	186.0	280.0	132.0	154.0	188.0	158.0	196.0
140	20140913 11:55:52.158	1077.0	190.0	82.0	98.0	101.0	111.0	152.0	167.0	109.0	115.0	131.0	90.0	161.0	125.0	132.0	118.0	89.0	126.0	129.0	111.0	88.0	120.0	91.0	109.0	123.0	81.0	119.0	102.0	112.0	94.0	93.0	140.0	94.0	142.0	148.0	105.0	95.0	70.0	144.0	97.0	120.0	103.0	114.0	116.0	162.0	110.0	113.0	98.0	110.0	124.0	158.0	121.0	143.0	100.0	117.0	115.0	109.0	89.0	139.0	132.0	125.0	118.0	101.0	236.0	288.0	264.0	173.0
141	20140913 11:55:52.158	1075.0	190.0	91.0	96.0	156.0	145.0	136.0	167.0	117.0	115.0	107.0	90.0	161.0	116.0	132.0	142.0	89.0	94.0	104.0	111.0	115.0	96.0	97.0	145.0	109.0	141.0	119.0	79.0	88.0	96.0	154.0	140.0	94.0	144.0	148.0	99.0	136.0	80.0	117.0	116.0	128.0	97.0	87.0	116.0	162.0	91.0	113.0	90.0	110.0	183.0	158.0	121.0	83.0	100.0	117.0	160.0	166.0	127.0	134.0	103.0	125.0	102.0	103.0	214.0	288.0	264.0	173.0
142	20140913 11:55:52.158	1078.0	187.0	89.0	95.0	159.0	112.0	98.0	167.0	70.0	133.0	131.0	73.0	140.0	125.0	106.0	96.0	95.0	88.0	90.0	103.0	102.0	120.0	80.0	99.0	115.0	105.0	111.0	120.0	105.0	94.0	111.0	140.0	93.0	172.0	148.0	92.0	88.0	118.0	101.0	95.0	134.0	76.0	88.0	112.0	154.0	94.0	162.0	136.0	112.0	116.0	127.0	106.0	101.0	100.0	84.0	119.0	103.0	108.0	134.0	136.0	98.0	118.0	98.0	313.0	168.0	228.0	214.0
143	20140912 21:37:16.839	1075.0	187.0	92.0	109.0	156.0	145.0	165.0	167.0	109.0	136.0	97.0	85.0	111.0	108.0	112.0	142.0	135.0	126.0	77.0	99.0	115.0	99.0	78.0	86.0	115.0	101.0	119.0	99.0	79.0	154.0	154.0	140.0	88.0	136.0	148.0	103.0	136.0	106.0	121.0	108.0	134.0	106.0	98.0	101.0	126.0	120.0	134.0	127.0	131.0	183.0	158.0	134.0	106.0	122.0	100.0	142.0	166.0	87.0	134.0	128.0	88.0	94.0	96.0	280.0	188.0	193.0	174.0
144	20140911 16:37:20.535	1116.0	151.0	0.0	118.0	128.0	124.0	132.0	107.0	112.0	81.0	100.0	94.0	103.0	127.0	120.0	131.0	133.0	101.0	132.0	150.0	121.0	163.0	134.0	255.0	195.0	201.0	211.0	142.0	211.0	234.0	155.0	215.0	175.0	209.0	244.0	259.0	298.0	196.0	339.0	284.0	320.0	340.0	359.0	255.0	285.0	315.0	319.0	314.0	382.0	323.0	275.0	311.0	374.0	368.0	352.0	415.0	385.0	399.0	403.0	465.0	383.0	473.0	104.0	131.0	139.0	105.0	166.0
145	20140911 16:37:20.535	1113.0	151.0	0.0	130.0	103.0	102.0	108.0	116.0	112.0	128.0	75.0	136.0	109.0	127.0	119.0	134.0	186.0	148.0	165.0	172.0	138.0	134.0	188.0	255.0	195.0	172.0	211.0	141.0	257.0	188.0	157.0	264.0	186.0	243.0	274.0	252.0	265.0	222.0	339.0	284.0	253.0	339.0	359.0	270.0	320.0	315.0	338.0	297.0	331.0	278.0	332.0	312.0	343.0	418.0	352.0	333.0	385.0	350.0	388.0	465.0	299.0	396.0	102.0	142.0	115.0	144.0	133.0
146	20140912 09:37:11.997	1117.0	148.0	0.0	165.0	128.0	124.0	147.0	115.0	168.0	211.0	122.0	83.0	135.0	124.0	109.0	131.0	133.0	149.0	132.0	149.0	217.0	175.0	194.0	264.0	150.0	201.0	171.0	143.0	161.0	194.0	169.0	207.0	204.0	216.0	247.0	280.0	298.0	266.0	326.0	326.0	320.0	340.0	246.0	255.0	329.0	310.0	336.0	394.0	387.0	348.0	361.0	338.0	402.0	375.0	420.0	465.0	454.0	428.0	564.0	534.0	521.0	635.0	146.0	201.0	132.0	141.0	101.0
147	20140911 16:37:20.535	1112.0	148.0	0.0	130.0	135.0	150.0	134.0	102.0	98.0	111.0	99.0	125.0	106.0	120.0	150.0	134.0	152.0	181.0	211.0	196.0	197.0	166.0	235.0	244.0	222.0	207.0	207.0	213.0	257.0	188.0	166.0	183.0	226.0	255.0	227.0	294.0	254.0	243.0	294.0	324.0	253.0	370.0	309.0	247.0	337.0	347.0	338.0	333.0	484.0	368.0	332.0	333.0	330.0	418.0	395.0	391.0	445.0	404.0	439.0	434.0	410.0	396.0	102.0	131.0	149.0	142.0	125.0
148	20140912 16:37:48.693	1033.0	112.0	0.0	133.0	110.0	120.0	137.0	128.0	143.0	93.0	63.0	135.0	130.0	76.0	126.0	104.0	127.0	145.0	129.0	132.0	136.0	122.0	132.0	156.0	135.0	188.0	147.0	145.0	123.0	186.0	131.0	163.0	180.0	215.0	242.0	277.0	204.0	195.0	291.0	263.0	254.0	232.0	266.0	253.0	298.0	294.0	314.0	297.0	283.0	227.0	248.0	270.0	276.0	310.0	428.0	409.0	397.0	388.0	453.0	374.0	291.0	584.0	139.0	152.0	149.0	157.0	147.0
149	20140912 03:37:18.410	1029.0	112.0	0.0	112.0	99.0	118.0	122.0	117.0	133.0	121.0	197.0	126.0	86.0	117.0	133.0	138.0	117.0	152.0	118.0	200.0	178.0	162.0	137.0	145.0	180.0	166.0	176.0	221.0	167.0	155.0	141.0	182.0	227.0	242.0	250.0	276.0	250.0	251.0	270.0	213.0	253.0	284.0	286.0	266.0	250.0	331.0	305.0	325.0	285.0	242.0	255.0	219.0	288.0	232.0	381.0	388.0	412.0	337.0	478.0	387.0	252.0	386.0	75.0	154.0	158.0	149.0	118.0
150	20140912 10:37:15.235	1034.0	109.0	0.0	100.0	92.0	101.0	124.0	128.0	143.0	134.0	126.0	135.0	98.0	127.0	118.0	139.0	116.0	139.0	115.0	121.0	170.0	133.0	147.0	172.0	150.0	164.0	126.0	127.0	129.0	130.0	178.0	163.0	141.0	179.0	242.0	228.0	203.0	190.0	229.0	263.0	254.0	192.0	174.0	225.0	292.0	207.0	242.0	297.0	229.0	227.0	242.0	284.0	232.0	276.0	336.0	330.0	344.0	357.0	403.0	363.0	260.0	522.0	139.0	164.0	156.0	166.0	158.0
151	20140912 03:37:18.410	1029.0	109.0	0.0	88.0	140.0	145.0	97.0	150.0	116.0	97.0	197.0	141.0	145.0	114.0	109.0	149.0	159.0	152.0	152.0	200.0	108.0	176.0	179.0	145.0	131.0	169.0	146.0	142.0	141.0	150.0	134.0	177.0	203.0	259.0	211.0	237.0	242.0	219.0	237.0	238.0	253.0	284.0	207.0	256.0	272.0	290.0	236.0	325.0	264.0	250.0	237.0	228.0	288.0	243.0	381.0	388.0	412.0	381.0	478.0	348.0	276.0	411.0	117.0	154.0	140.0	134.0	185.0
152	20140910 22:37:04.821	342.0	62.0	0.0	83.0	105.0	130.0	89.0	125.0	88.0	125.0	125.0	153.0	130.0	120.0	139.0	141.0	135.0	172.0	129.0	118.0	130.0	124.0	158.0	223.0	192.0	170.0	176.0	142.0	201.0	201.0	150.0	179.0	173.0	218.0	199.0	256.0	197.0	191.0	235.0	192.0	185.0	202.0	253.0	212.0	151.0	183.0	222.0	178.0	213.0	221.0	147.0	161.0	207.0	122.0	164.0	177.0	173.0	94.0	188.0	157.0	165.0	154.0	68.0	0.0	0.0	0.0	0.0
153	20140911 01:37:11.589	347.0	60.0	0.0	104.0	112.0	86.0	99.0	92.0	142.0	114.0	153.0	142.0	105.0	135.0	103.0	156.0	129.0	97.0	116.0	120.0	147.0	88.0	145.0	97.0	128.0	180.0	146.0	160.0	244.0	153.0	123.0	201.0	207.0	165.0	207.0	222.0	180.0	164.0	178.0	201.0	219.0	203.0	232.0	166.0	182.0	259.0	224.0	259.0	216.0	204.0	208.0	240.0	223.0	171.0	202.0	189.0	210.0	274.0	280.0	176.0	158.0	231.0	0.0	0.0	0.0	0.0	0.0
154	20140910 22:37:04.821	342.0	60.0	0.0	68.0	114.0	130.0	114.0	127.0	82.0	101.0	125.0	85.0	130.0	128.0	139.0	141.0	135.0	172.0	129.0	170.0	138.0	139.0	229.0	223.0	142.0	205.0	176.0	137.0	201.0	188.0	146.0	150.0	173.0	218.0	182.0	211.0	197.0	191.0	235.0	224.0	185.0	192.0	253.0	212.0	165.0	204.0	222.0	200.0	225.0	143.0	161.0	121.0	194.0	122.0	179.0	151.0	194.0	192.0	227.0	157.0	165.0	201.0	0.0	0.0	0.0	0.0	0.0
155	20140911 03:37:00.379	347.0	56.0	0.0	20.0	79.0	75.0	107.0	135.0	104.0	130.0	142.0	88.0	139.0	114.0	117.0	105.0	122.0	173.0	121.0	103.0	120.0	130.0	159.0	115.0	105.0	146.0	121.0	124.0	117.0	123.0	133.0	95.0	100.0	150.0	132.0	163.0	134.0	128.0	123.0	128.0	100.0	151.0	136.0	168.0	131.0	147.0	154.0	172.0	206.0	165.0	137.0	219.0	206.0	135.0	234.0	189.0	218.0	247.0	236.0	246.0	148.0	281.0	0.0	0.0	0.0	0.0	0.0
