index	mortality	x	y	20160610 19:19:43.278	20160610 20:23:49.809	20160610 21:43:46.422	20160610 23:02:55.654	20160611 00:23:25.83	20160611 17:35:00.764	20160611 18:59:52.801	20160611 20:16:50.530	20160611 21:33:44.102	20160611 22:50:12.448	20160612 00:06:50.362	20160612 02:40:13.624	20160612 03:57:07.688	20160612 05:13:48.340	20160612 06:30:39.931	20160612 09:03:52.257	20160612 10:20:47.624	20160612 11:37:35.62	20160612 12:53:35.148	20160612 15:30:21.672	20160612 16:47:08.621	20160612 21:54:14.30	20160612 23:10:48.983	20160613 00:27:33.145	20160613 03:01:15.968	20160613 04:18:12.447	20160613 05:34:57.370	20160613 06:51:44.379	20160613 08:08:26.623	20160613 09:25:04.941	20160613 10:41:45.729	20160613 11:58:29.802	20160613 13:15:21.76	20160613 14:32:04.630	20160613 15:48:47.746	20160613 18:22:14.879	20160613 19:38:42.926	20160613 20:55:17.974	20160613 22:12:03.140	20160613 23:28:41.438	20160614 00:45:15.607	20160614 02:01:53.727	20160614 03:18:43.241	20160614 04:35:24.506	20160614 05:52:11.970	20160614 07:08:54.172	20160614 08:25:28.577	20160614 09:42:08.177	20160614 10:58:48.231	20160614 13:32:31.752	20160614 14:49:21.618	20160614 16:06:11.770	20160614 17:23:03.764	20160614 18:40:00.629	20160614 19:57:05.534	20160614 21:13:54.122	20160614 22:30:56.51	20160614 23:47:47.626	20160615 02:21:46.315	20160615 03:38:34.229	20160615 15:09:14.328	20160615 19:44:55.951	20160615 21:01:19.564	20160615 22:17:51.338	20160616 08:29:53.326
1	20160615 02:21:46.315	1048.0	1038.0	180.0	238.0	316.0	409.0	313.0	234.0	351.0	292.0	160.0	217.0	257.0	362.0	222.0	182.0	258.0	244.0	305.0	304.0	200.0	237.0	284.0	244.0	266.0	214.0	229.0	172.0	370.0	312.0	271.0	362.0	251.0	211.0	310.0	272.0	229.0	243.0	287.0	309.0	227.0	267.0	395.0	141.0	250.0	250.0	387.0	183.0	363.0	271.0	0.0	0.0	230.0	299.0	225.0	214.0	172.0	204.0	278.0	207.0	15390.0	12442.0	703.0	476.0	625.0	502.0	480.0
2	20160615 02:21:46.315	1187.0	1030.0	147.0	188.0	194.0	165.0	192.0	170.0	183.0	132.0	141.0	196.0	209.0	202.0	205.0	140.0	148.0	127.0	141.0	209.0	197.0	137.0	183.0	191.0	159.0	207.0	232.0	142.0	201.0	229.0	187.0	263.0	165.0	157.0	166.0	168.0	222.0	242.0	194.0	222.0	206.0	173.0	189.0	144.0	124.0	125.0	139.0	137.0	99.0	203.0	120.0	166.0	171.0	198.0	219.0	156.0	137.0	167.0	146.0	204.0	1335.0	985.0	164.0	200.0	186.0	194.0	131.0
3	20160615 02:21:46.315	1041.0	1027.0	176.0	193.0	248.0	179.0	284.0	208.0	152.0	214.0	174.0	239.0	162.0	222.0	254.0	169.0	204.0	208.0	224.0	195.0	181.0	155.0	169.0	263.0	184.0	185.0	211.0	189.0	232.0	115.0	147.0	192.0	178.0	228.0	155.0	170.0	295.0	173.0	212.0	189.0	236.0	143.0	228.0	218.0	183.0	240.0	200.0	177.0	222.0	154.0	120.0	154.0	146.0	264.0	171.0	167.0	264.0	206.0	178.0	189.0	1650.0	1015.0	233.0	205.0	334.0	254.0	225.0
4	20160615 02:21:46.315	1210.0	1025.0	157.0	289.0	269.0	167.0	253.0	208.0	280.0	212.0	228.0	260.0	211.0	302.0	224.0	218.0	274.0	301.0	248.0	200.0	172.0	273.0	259.0	276.0	246.0	238.0	206.0	210.0	264.0	229.0	274.0	241.0	299.0	244.0	249.0	255.0	258.0	237.0	310.0	331.0	164.0	256.0	348.0	147.0	244.0	232.0	213.0	235.0	281.0	231.0	207.0	289.0	286.0	322.0	236.0	150.0	225.0	236.0	311.0	267.0	988.0	1645.0	375.0	290.0	388.0	266.0	315.0
5	20160615 02:21:46.315	1175.0	1022.0	140.0	191.0	178.0	256.0	190.0	329.0	266.0	224.0	174.0	301.0	236.0	243.0	291.0	218.0	223.0	192.0	202.0	166.0	251.0	273.0	264.0	230.0	164.0	258.0	224.0	187.0	208.0	202.0	238.0	293.0	239.0	163.0	308.0	213.0	268.0	152.0	248.0	194.0	222.0	179.0	241.0	163.0	232.0	265.0	167.0	259.0	267.0	230.0	187.0	288.0	276.0	329.0	220.0	113.0	458.0	325.0	343.0	220.0	774.0	1147.0	354.0	313.0	376.0	292.0	231.0
6	20160615 03:38:34.229	1199.0	1015.0	147.0	114.0	180.0	218.0	178.0	187.0	250.0	194.0	193.0	180.0	347.0	186.0	190.0	174.0	189.0	200.0	178.0	317.0	194.0	229.0	173.0	280.0	187.0	166.0	204.0	186.0	202.0	176.0	197.0	194.0	190.0	203.0	150.0	149.0	197.0	255.0	199.0	220.0	172.0	184.0	178.0	260.0	114.0	198.0	132.0	206.0	156.0	161.0	160.0	206.0	235.0	131.0	132.0	202.0	147.0	193.0	184.0	170.0	619.0	1796.0	236.0	339.0	216.0	175.0	167.0
7	20160615 03:38:34.229	1207.0	1001.0	271.0	169.0	245.0	192.0	200.0	342.0	190.0	213.0	143.0	162.0	213.0	224.0	153.0	150.0	142.0	269.0	209.0	241.0	195.0	124.0	179.0	199.0	213.0	119.0	208.0	156.0	128.0	228.0	209.0	189.0	216.0	223.0	179.0	156.0	183.0	139.0	200.0	234.0	227.0	145.0	200.0	112.0	98.0	238.0	197.0	236.0	187.0	216.0	142.0	147.0	239.0	177.0	161.0	129.0	155.0	195.0	197.0	202.0	900.0	2215.0	256.0	246.0	199.0	332.0	209.0
8	20160615 02:21:46.315	977.0	1005.0	159.0	219.0	192.0	226.0	328.0	120.0	225.0	273.0	262.0	208.0	168.0	214.0	282.0	172.0	214.0	144.0	171.0	211.0	161.0	187.0	220.0	222.0	195.0	120.0	219.0	186.0	133.0	204.0	132.0	141.0	255.0	126.0	148.0	164.0	216.0	167.0	155.0	385.0	166.0	151.0	223.0	166.0	148.0	235.0	200.0	135.0	182.0	239.0	284.0	150.0	177.0	209.0	211.0	122.0	178.0	139.0	233.0	195.0	1346.0	888.0	242.0	206.0	252.0	173.0	151.0
9	20160615 02:21:46.315	853.0	1001.0	178.0	286.0	256.0	329.0	283.0	176.0	151.0	233.0	223.0	235.0	210.0	145.0	225.0	124.0	194.0	221.0	163.0	143.0	222.0	168.0	313.0	168.0	184.0	145.0	179.0	218.0	120.0	200.0	193.0	156.0	131.0	205.0	189.0	185.0	313.0	240.0	223.0	182.0	198.0	153.0	210.0	138.0	171.0	147.0	183.0	134.0	119.0	231.0	156.0	221.0	251.0	204.0	191.0	166.0	168.0	196.0	208.0	172.0	953.0	698.0	202.0	244.0	174.0	186.0	231.0
10	20160615 02:21:46.315	976.0	985.0	218.0	305.0	317.0	377.0	407.0	318.0	344.0	364.0	268.0	255.0	267.0	370.0	289.0	212.0	306.0	366.0	302.0	300.0	239.0	230.0	263.0	272.0	298.0	288.0	243.0	207.0	275.0	303.0	299.0	339.0	373.0	246.0	324.0	282.0	331.0	291.0	249.0	311.0	221.0	234.0	264.0	218.0	256.0	295.0	279.0	233.0	361.0	278.0	276.0	345.0	326.0	401.0	236.0	192.0	168.0	237.0	311.0	203.0	12218.0	6455.0	763.0	404.0	665.0	368.0	484.0
11	20160615 02:21:46.315	736.0	983.0	144.0	240.0	197.0	219.0	217.0	251.0	197.0	237.0	231.0	245.0	212.0	195.0	161.0	257.0	247.0	120.0	188.0	189.0	172.0	158.0	163.0	248.0	101.0	161.0	87.0	123.0	195.0	167.0	141.0	214.0	187.0	205.0	178.0	189.0	182.0	125.0	188.0	217.0	108.0	119.0	156.0	211.0	186.0	175.0	195.0	190.0	168.0	183.0	228.0	153.0	181.0	225.0	209.0	145.0	181.0	159.0	179.0	157.0	2014.0	789.0	239.0	200.0	220.0	217.0	182.0
12	20160615 02:21:46.315	991.0	980.0	196.0	232.0	179.0	158.0	196.0	142.0	250.0	208.0	203.0	154.0	156.0	159.0	225.0	233.0	219.0	235.0	186.0	257.0	149.0	200.0	117.0	215.0	144.0	173.0	248.0	139.0	135.0	183.0	175.0	154.0	163.0	129.0	178.0	187.0	210.0	188.0	231.0	198.0	218.0	189.0	167.0	202.0	142.0	158.0	199.0	264.0	165.0	186.0	213.0	185.0	219.0	211.0	186.0	186.0	213.0	199.0	147.0	228.0	1282.0	882.0	214.0	192.0	340.0	174.0	176.0
13	20160615 02:21:46.315	732.0	978.0	245.0	213.0	180.0	226.0	192.0	284.0	307.0	347.0	250.0	309.0	378.0	202.0	257.0	195.0	164.0	201.0	240.0	206.0	171.0	144.0	168.0	159.0	185.0	197.0	155.0	137.0	223.0	168.0	193.0	200.0	200.0	201.0	134.0	141.0	263.0	202.0	112.0	212.0	200.0	109.0	224.0	225.0	143.0	173.0	139.0	155.0	142.0	223.0	138.0	184.0	148.0	140.0	155.0	165.0	223.0	103.0	229.0	171.0	1602.0	707.0	243.0	293.0	256.0	155.0	201.0
14	20160615 02:21:46.315	958.0	974.0	168.0	165.0	214.0	219.0	237.0	223.0	121.0	232.0	203.0	201.0	195.0	175.0	229.0	162.0	247.0	184.0	246.0	170.0	178.0	255.0	203.0	225.0	171.0	167.0	185.0	163.0	200.0	247.0	143.0	134.0	195.0	204.0	161.0	161.0	209.0	183.0	177.0	169.0	151.0	199.0	192.0	214.0	146.0	161.0	272.0	170.0	188.0	182.0	256.0	191.0	176.0	179.0	192.0	167.0	201.0	165.0	149.0	142.0	997.0	613.0	194.0	209.0	191.0	227.0	187.0
15	20160615 02:21:46.315	987.0	968.0	136.0	212.0	145.0	188.0	197.0	264.0	191.0	231.0	242.0	273.0	140.0	159.0	226.0	226.0	155.0	213.0	164.0	214.0	195.0	173.0	151.0	131.0	201.0	184.0	211.0	138.0	167.0	145.0	130.0	131.0	182.0	160.0	245.0	199.0	200.0	183.0	222.0	151.0	150.0	126.0	147.0	199.0	170.0	185.0	134.0	182.0	196.0	245.0	198.0	254.0	240.0	211.0	232.0	169.0	245.0	210.0	141.0	249.0	1063.0	580.0	177.0	233.0	216.0	231.0	242.0
16	20160613 18:22:14.879	847.0	931.0	183.0	203.0	207.0	173.0	254.0	330.0	203.0	153.0	181.0	244.0	223.0	176.0	241.0	135.0	223.0	201.0	144.0	207.0	149.0	191.0	174.0	201.0	133.0	183.0	159.0	132.0	208.0	160.0	127.0	178.0	210.0	376.0	248.0	517.0	784.0	10840.0	200.0	197.0	169.0	174.0	229.0	179.0	139.0	166.0	184.0	155.0	170.0	197.0	174.0	179.0	187.0	201.0	246.0	133.0	161.0	142.0	168.0	166.0	265.0	303.0	182.0	166.0	207.0	165.0	173.0
17	20160611 21:33:44.102	679.0	889.0	204.0	177.0	203.0	177.0	182.0	209.0	131.0	256.0	7036.0	337.0	183.0	232.0	139.0	204.0	181.0	216.0	95.0	230.0	143.0	207.0	147.0	233.0	141.0	132.0	151.0	172.0	199.0	173.0	131.0	135.0	264.0	172.0	210.0	93.0	196.0	158.0	191.0	144.0	225.0	187.0	146.0	146.0	188.0	224.0	126.0	198.0	181.0	263.0	153.0	246.0	199.0	226.0	148.0	159.0	164.0	120.0	144.0	249.0	265.0	195.0	154.0	195.0	168.0	226.0	224.0
18	20160615 02:21:46.315	941.0	886.0	220.0	201.0	184.0	153.0	205.0	248.0	146.0	212.0	175.0	212.0	199.0	255.0	191.0	202.0	206.0	180.0	155.0	165.0	203.0	177.0	232.0	194.0	216.0	239.0	192.0	174.0	182.0	215.0	155.0	231.0	184.0	187.0	229.0	157.0	227.0	298.0	187.0	266.0	181.0	146.0	227.0	221.0	208.0	213.0	182.0	235.0	198.0	169.0	119.0	215.0	171.0	268.0	233.0	183.0	209.0	200.0	226.0	210.0	1467.0	1001.0	248.0	319.0	233.0	245.0	201.0
19	20160615 02:21:46.315	936.0	885.0	221.0	219.0	221.0	194.0	206.0	186.0	207.0	240.0	216.0	157.0	213.0	199.0	188.0	225.0	187.0	227.0	175.0	242.0	206.0	187.0	112.0	220.0	170.0	173.0	243.0	238.0	295.0	231.0	182.0	136.0	186.0	164.0	209.0	185.0	224.0	189.0	169.0	205.0	186.0	178.0	313.0	187.0	215.0	217.0	182.0	229.0	121.0	149.0	195.0	128.0	158.0	211.0	251.0	175.0	208.0	152.0	268.0	250.0	1343.0	866.0	255.0	206.0	244.0	267.0	182.0
20	20160614 17:23:03.764	1073.0	874.0	179.0	156.0	197.0	215.0	298.0	249.0	247.0	156.0	257.0	246.0	162.0	209.0	209.0	221.0	269.0	215.0	137.0	226.0	213.0	172.0	230.0	235.0	176.0	179.0	214.0	202.0	180.0	224.0	172.0	237.0	202.0	202.0	268.0	200.0	234.0	211.0	329.0	182.0	131.0	183.0	274.0	215.0	159.0	176.0	180.0	217.0	370.0	212.0	353.0	264.0	270.0	260.0	4062.0	3662.0	285.0	145.0	211.0	243.0	277.0	372.0	274.0	282.0	323.0	293.0	176.0
21	20160611 21:33:44.102	669.0	876.0	166.0	256.0	208.0	128.0	132.0	282.0	157.0	222.0	7654.0	234.0	253.0	173.0	237.0	165.0	267.0	203.0	189.0	213.0	143.0	138.0	194.0	116.0	313.0	130.0	158.0	233.0	94.0	177.0	136.0	210.0	121.0	192.0	129.0	191.0	179.0	125.0	222.0	226.0	138.0	110.0	189.0	182.0	147.0	176.0	221.0	268.0	186.0	186.0	233.0	207.0	156.0	183.0	166.0	135.0	144.0	141.0	199.0	226.0	99.0	287.0	114.0	192.0	204.0	226.0	157.0
22	20160614 13:32:31.752	1036.0	872.0	173.0	208.0	298.0	253.0	237.0	226.0	266.0	287.0	236.0	214.0	242.0	352.0	233.0	258.0	197.0	189.0	235.0	265.0	194.0	236.0	294.0	296.0	256.0	275.0	239.0	206.0	252.0	304.0	174.0	387.0	209.0	201.0	235.0	280.0	330.0	282.0	194.0	246.0	280.0	301.0	274.0	229.0	229.0	222.0	199.0	266.0	342.0	280.0	659.0	3936.0	442.0	1027.0	3222.0	3354.0	294.0	250.0	267.0	253.0	5502.0	3501.0	1186.0	357.0	612.0	413.0	581.0
23	20160615 02:21:46.315	992.0	860.0	188.0	233.0	261.0	261.0	335.0	205.0	210.0	222.0	275.0	309.0	254.0	327.0	235.0	209.0	258.0	264.0	271.0	307.0	233.0	219.0	253.0	252.0	373.0	363.0	295.0	184.0	266.0	276.0	267.0	342.0	257.0	229.0	224.0	301.0	296.0	199.0	261.0	221.0	251.0	289.0	374.0	185.0	223.0	268.0	250.0	273.0	341.0	228.0	323.0	243.0	293.0	309.0	263.0	146.0	217.0	304.0	206.0	234.0	845.0	422.0	397.0	328.0	305.0	275.0	227.0
24	20160615 02:21:46.315	958.0	846.0	154.0	191.0	213.0	172.0	298.0	231.0	112.0	170.0	84.0	164.0	163.0	198.0	201.0	140.0	169.0	215.0	150.0	228.0	173.0	208.0	162.0	155.0	169.0	201.0	129.0	178.0	231.0	209.0	238.0	109.0	207.0	181.0	153.0	134.0	173.0	166.0	110.0	235.0	229.0	157.0	182.0	133.0	177.0	223.0	138.0	199.0	223.0	202.0	189.0	150.0	159.0	182.0	226.0	214.0	167.0	111.0	166.0	200.0	951.0	382.0	234.0	135.0	153.0	181.0	154.0
25	20160615 02:21:46.315	559.0	825.0	145.0	398.0	361.0	256.0	251.0	496.0	333.0	205.0	208.0	259.0	223.0	229.0	319.0	210.0	266.0	276.0	298.0	226.0	187.0	292.0	366.0	320.0	265.0	348.0	302.0	302.0	281.0	237.0	218.0	261.0	253.0	240.0	277.0	311.0	347.0	152.0	284.0	274.0	328.0	228.0	252.0	234.0	261.0	247.0	260.0	316.0	322.0	356.0	258.0	365.0	274.0	369.0	405.0	254.0	308.0	367.0	328.0	285.0	1304.0	1016.0	494.0	396.0	403.0	416.0	475.0
26	20160615 02:21:46.315	768.0	820.0	143.0	192.0	207.0	199.0	158.0	244.0	211.0	162.0	168.0	225.0	177.0	201.0	176.0	190.0	199.0	177.0	124.0	225.0	114.0	198.0	125.0	171.0	175.0	153.0	181.0	139.0	189.0	291.0	207.0	173.0	211.0	142.0	169.0	204.0	199.0	222.0	173.0	145.0	178.0	172.0	188.0	159.0	240.0	222.0	163.0	137.0	223.0	191.0	188.0	150.0	100.0	249.0	160.0	205.0	170.0	240.0	252.0	202.0	1089.0	687.0	205.0	201.0	213.0	258.0	195.0
27	20160615 02:21:46.315	756.0	805.0	184.0	177.0	203.0	209.0	230.0	211.0	183.0	143.0	211.0	169.0	243.0	186.0	189.0	209.0	145.0	189.0	152.0	219.0	186.0	113.0	163.0	112.0	108.0	190.0	151.0	144.0	132.0	210.0	244.0	187.0	244.0	145.0	217.0	183.0	171.0	155.0	195.0	155.0	154.0	180.0	235.0	193.0	213.0	217.0	223.0	142.0	192.0	180.0	155.0	164.0	198.0	183.0	220.0	163.0	199.0	230.0	154.0	241.0	1634.0	930.0	172.0	163.0	194.0	245.0	205.0
28	20160615 02:21:46.315	751.0	801.0	140.0	225.0	193.0	155.0	208.0	191.0	159.0	260.0	155.0	145.0	142.0	220.0	232.0	214.0	98.0	182.0	183.0	204.0	258.0	126.0	199.0	171.0	183.0	205.0	170.0	157.0	184.0	166.0	183.0	166.0	162.0	215.0	192.0	170.0	168.0	168.0	192.0	242.0	128.0	165.0	202.0	126.0	160.0	155.0	179.0	154.0	220.0	160.0	197.0	147.0	163.0	258.0	163.0	188.0	219.0	173.0	194.0	204.0	1847.0	1137.0	105.0	140.0	240.0	199.0	137.0
29	20160615 02:21:46.315	759.0	795.0	197.0	205.0	238.0	176.0	190.0	111.0	165.0	225.0	142.0	223.0	157.0	183.0	214.0	175.0	173.0	161.0	163.0	195.0	170.0	155.0	152.0	271.0	207.0	256.0	159.0	193.0	192.0	198.0	156.0	135.0	208.0	173.0	178.0	224.0	159.0	160.0	177.0	196.0	147.0	205.0	192.0	175.0	167.0	289.0	168.0	142.0	169.0	156.0	155.0	213.0	220.0	226.0	203.0	152.0	211.0	153.0	151.0	203.0	1723.0	968.0	295.0	222.0	246.0	208.0	207.0
30	20160615 02:21:46.315	801.0	792.0	231.0	264.0	245.0	239.0	206.0	189.0	180.0	284.0	276.0	280.0	307.0	184.0	129.0	204.0	194.0	190.0	115.0	153.0	206.0	188.0	213.0	237.0	205.0	203.0	156.0	192.0	153.0	225.0	211.0	195.0	195.0	210.0	156.0	164.0	253.0	139.0	212.0	189.0	201.0	125.0	250.0	321.0	195.0	218.0	191.0	208.0	170.0	162.0	147.0	129.0	184.0	170.0	222.0	117.0	105.0	181.0	256.0	207.0	1617.0	819.0	164.0	213.0	203.0	217.0	237.0
31	20160615 02:21:46.315	752.0	792.0	223.0	222.0	174.0	142.0	167.0	230.0	166.0	143.0	269.0	194.0	137.0	200.0	155.0	189.0	218.0	220.0	148.0	161.0	184.0	220.0	241.0	205.0	162.0	196.0	238.0	144.0	195.0	184.0	144.0	144.0	156.0	224.0	155.0	197.0	136.0	190.0	185.0	186.0	160.0	148.0	212.0	163.0	137.0	261.0	126.0	162.0	164.0	187.0	147.0	219.0	162.0	130.0	192.0	193.0	145.0	122.0	147.0	197.0	1899.0	1091.0	280.0	221.0	247.0	172.0	163.0
32	20160615 03:38:34.229	791.0	790.0	203.0	254.0	208.0	154.0	200.0	152.0	165.0	231.0	174.0	193.0	170.0	179.0	151.0	168.0	241.0	174.0	123.0	213.0	114.0	188.0	154.0	173.0	216.0	154.0	152.0	159.0	128.0	181.0	226.0	179.0	176.0	208.0	149.0	218.0	165.0	171.0	198.0	264.0	242.0	159.0	226.0	164.0	146.0	113.0	163.0	161.0	210.0	224.0	204.0	163.0	188.0	306.0	144.0	175.0	198.0	191.0	197.0	223.0	659.0	1308.0	170.0	131.0	189.0	214.0	197.0
33	20160615 02:21:46.315	677.0	788.0	136.0	214.0	154.0	282.0	124.0	253.0	214.0	183.0	166.0	260.0	220.0	276.0	252.0	191.0	211.0	199.0	157.0	247.0	176.0	220.0	227.0	216.0	197.0	130.0	224.0	186.0	210.0	186.0	184.0	201.0	137.0	161.0	216.0	117.0	189.0	150.0	197.0	205.0	185.0	158.0	226.0	244.0	214.0	146.0	144.0	154.0	193.0	171.0	220.0	138.0	140.0	193.0	186.0	177.0	181.0	108.0	151.0	190.0	1497.0	816.0	147.0	160.0	220.0	137.0	167.0
34	20160615 15:09:14.328	1211.0	782.0	247.0	170.0	269.0	310.0	298.0	239.0	257.0	258.0	211.0	267.0	275.0	338.0	263.0	260.0	230.0	253.0	175.0	291.0	195.0	189.0	293.0	250.0	171.0	225.0	219.0	194.0	258.0	233.0	240.0	250.0	261.0	232.0	271.0	244.0	252.0	227.0	259.0	261.0	167.0	219.0	265.0	168.0	223.0	256.0	213.0	244.0	319.0	229.0	242.0	313.0	227.0	294.0	316.0	185.0	226.0	218.0	200.0	261.0	279.0	313.0	1800.0	410.0	569.0	332.0	688.0
35	20160615 02:21:46.315	686.0	783.0	225.0	148.0	222.0	287.0	181.0	148.0	199.0	164.0	173.0	261.0	212.0	216.0	185.0	195.0	167.0	111.0	176.0	170.0	193.0	164.0	205.0	185.0	203.0	182.0	230.0	187.0	208.0	186.0	143.0	161.0	276.0	168.0	141.0	187.0	168.0	225.0	178.0	215.0	171.0	145.0	242.0	153.0	194.0	171.0	208.0	205.0	131.0	191.0	152.0	178.0	143.0	197.0	264.0	117.0	189.0	151.0	141.0	143.0	2132.0	798.0	184.0	255.0	241.0	183.0	139.0
36	20160615 02:21:46.315	680.0	781.0	173.0	134.0	167.0	297.0	171.0	230.0	130.0	227.0	185.0	230.0	251.0	245.0	183.0	183.0	138.0	179.0	192.0	224.0	175.0	151.0	232.0	154.0	144.0	183.0	135.0	138.0	223.0	197.0	187.0	150.0	177.0	153.0	214.0	200.0	217.0	179.0	215.0	195.0	137.0	133.0	210.0	166.0	134.0	178.0	138.0	189.0	208.0	285.0	193.0	237.0	203.0	172.0	164.0	155.0	164.0	137.0	172.0	152.0	2725.0	1339.0	259.0	223.0	308.0	169.0	158.0
37	20160615 02:21:46.315	481.0	781.0	240.0	277.0	262.0	220.0	253.0	213.0	194.0	258.0	180.0	191.0	259.0	287.0	263.0	234.0	371.0	297.0	249.0	329.0	223.0	206.0	269.0	306.0	146.0	279.0	245.0	213.0	260.0	279.0	379.0	361.0	338.0	188.0	295.0	279.0	262.0	259.0	301.0	280.0	277.0	244.0	361.0	193.0	327.0	261.0	259.0	297.0	289.0	227.0	209.0	257.0	307.0	212.0	213.0	145.0	256.0	171.0	262.0	267.0	2079.0	1240.0	353.0	207.0	252.0	231.0	290.0
38	20160615 02:21:46.315	802.0	780.0	210.0	216.0	161.0	174.0	157.0	174.0	232.0	148.0	195.0	222.0	174.0	201.0	217.0	226.0	152.0	224.0	330.0	180.0	189.0	195.0	182.0	218.0	235.0	247.0	160.0	191.0	210.0	229.0	280.0	140.0	189.0	197.0	252.0	233.0	228.0	181.0	204.0	186.0	206.0	198.0	235.0	121.0	191.0	206.0	182.0	157.0	191.0	192.0	198.0	150.0	152.0	209.0	144.0	158.0	185.0	201.0	199.0	212.0	1318.0	708.0	138.0	177.0	211.0	228.0	159.0
39	20160615 15:09:14.328	1214.0	778.0	217.0	213.0	217.0	239.0	216.0	188.0	211.0	292.0	250.0	279.0	217.0	206.0	182.0	245.0	236.0	222.0	206.0	130.0	268.0	216.0	208.0	244.0	235.0	200.0	205.0	147.0	186.0	197.0	190.0	206.0	170.0	229.0	197.0	156.0	133.0	138.0	185.0	203.0	195.0	164.0	160.0	180.0	147.0	228.0	204.0	207.0	231.0	245.0	211.0	224.0	172.0	278.0	250.0	198.0	244.0	220.0	223.0	226.0	317.0	332.0	1293.0	468.0	569.0	394.0	634.0
40	20160615 02:21:46.315	486.0	775.0	207.0	217.0	283.0	230.0	246.0	207.0	128.0	252.0	126.0	187.0	177.0	362.0	268.0	277.0	331.0	243.0	237.0	311.0	282.0	318.0	365.0	319.0	303.0	355.0	329.0	301.0	245.0	315.0	229.0	515.0	266.0	172.0	301.0	290.0	258.0	206.0	256.0	276.0	254.0	218.0	344.0	245.0	269.0	213.0	245.0	246.0	284.0	332.0	252.0	348.0	294.0	310.0	361.0	183.0	233.0	365.0	362.0	359.0	2773.0	1631.0	585.0	314.0	411.0	275.0	606.0
41	20160615 02:21:46.315	693.0	777.0	263.0	131.0	215.0	252.0	132.0	236.0	143.0	164.0	221.0	204.0	257.0	218.0	165.0	243.0	268.0	171.0	183.0	125.0	169.0	189.0	207.0	219.0	172.0	163.0	149.0	140.0	168.0	206.0	174.0	183.0	193.0	153.0	164.0	149.0	201.0	142.0	144.0	219.0	216.0	189.0	160.0	274.0	196.0	235.0	186.0	161.0	141.0	295.0	224.0	196.0	196.0	224.0	187.0	219.0	177.0	137.0	226.0	189.0	2344.0	927.0	286.0	266.0	302.0	152.0	189.0
42	20160615 02:21:46.315	683.0	772.0	164.0	191.0	184.0	180.0	234.0	161.0	171.0	163.0	224.0	236.0	171.0	180.0	190.0	223.0	176.0	191.0	224.0	275.0	153.0	247.0	221.0	167.0	247.0	168.0	268.0	148.0	212.0	208.0	164.0	165.0	233.0	125.0	249.0	137.0	233.0	156.0	188.0	211.0	168.0	151.0	229.0	258.0	187.0	230.0	188.0	169.0	134.0	166.0	135.0	268.0	161.0	168.0	210.0	159.0	125.0	172.0	175.0	136.0	4343.0	2169.0	436.0	310.0	331.0	308.0	324.0
43	20160615 02:21:46.315	675.0	767.0	177.0	224.0	231.0	188.0	153.0	175.0	179.0	188.0	185.0	193.0	291.0	184.0	160.0	150.0	165.0	129.0	152.0	274.0	174.0	211.0	148.0	180.0	204.0	151.0	177.0	212.0	136.0	189.0	161.0	213.0	232.0	164.0	127.0	152.0	267.0	141.0	156.0	139.0	197.0	192.0	263.0	140.0	136.0	200.0	192.0	161.0	110.0	223.0	214.0	146.0	228.0	159.0	204.0	227.0	109.0	146.0	128.0	195.0	1757.0	2441.0	294.0	217.0	302.0	162.0	164.0
44	20160615 02:21:46.315	689.0	766.0	224.0	152.0	145.0	256.0	211.0	155.0	164.0	183.0	134.0	161.0	195.0	218.0	177.0	178.0	120.0	196.0	214.0	201.0	176.0	203.0	284.0	205.0	171.0	113.0	196.0	125.0	165.0	189.0	146.0	176.0	213.0	183.0	178.0	114.0	187.0	205.0	196.0	180.0	123.0	184.0	166.0	161.0	176.0	173.0	148.0	178.0	250.0	194.0	183.0	169.0	149.0	265.0	173.0	183.0	169.0	156.0	117.0	159.0	2654.0	1360.0	400.0	265.0	305.0	219.0	293.0
45	20160615 02:21:46.315	1260.0	757.0	225.0	206.0	324.0	342.0	355.0	306.0	361.0	292.0	188.0	283.0	245.0	337.0	275.0	260.0	315.0	238.0	270.0	315.0	234.0	233.0	302.0	280.0	192.0	274.0	309.0	183.0	167.0	224.0	223.0	228.0	289.0	202.0	215.0	222.0	277.0	222.0	299.0	268.0	165.0	244.0	245.0	139.0	198.0	321.0	241.0	189.0	192.0	228.0	217.0	252.0	245.0	309.0	252.0	221.0	259.0	186.0	197.0	226.0	1415.0	864.0	535.0	329.0	375.0	303.0	401.0
46	20160615 02:21:46.315	1249.0	752.0	245.0	211.0	269.0	204.0	292.0	313.0	201.0	245.0	183.0	178.0	250.0	284.0	190.0	234.0	251.0	205.0	203.0	229.0	171.0	152.0	292.0	233.0	188.0	286.0	250.0	201.0	228.0	187.0	165.0	303.0	263.0	276.0	239.0	255.0	261.0	189.0	314.0	288.0	267.0	289.0	251.0	216.0	197.0	202.0	219.0	202.0	210.0	244.0	232.0	198.0	220.0	216.0	284.0	195.0	251.0	167.0	209.0	238.0	1245.0	775.0	488.0	218.0	310.0	311.0	309.0
47	20160614 23:47:47.626	278.0	749.0	224.0	230.0	201.0	180.0	204.0	211.0	171.0	210.0	126.0	149.0	109.0	150.0	199.0	253.0	173.0	176.0	182.0	207.0	240.0	188.0	138.0	167.0	137.0	135.0	231.0	144.0	310.0	232.0	200.0	167.0	153.0	173.0	172.0	280.0	224.0	155.0	179.0	214.0	211.0	159.0	344.0	197.0	260.0	187.0	192.0	198.0	199.0	245.0	185.0	210.0	212.0	293.0	244.0	226.0	159.0	193.0	189.0	727.0	172.0	162.0	247.0	219.0	167.0	188.0	163.0
48	20160615 02:21:46.315	1257.0	745.0	222.0	170.0	154.0	219.0	230.0	279.0	203.0	207.0	174.0	190.0	187.0	262.0	207.0	169.0	165.0	196.0	150.0	227.0	118.0	130.0	230.0	189.0	174.0	206.0	222.0	118.0	176.0	209.0	201.0	211.0	185.0	141.0	191.0	198.0	244.0	154.0	208.0	216.0	185.0	161.0	217.0	195.0	219.0	261.0	175.0	164.0	275.0	231.0	238.0	293.0	205.0	269.0	293.0	147.0	219.0	238.0	203.0	208.0	1408.0	856.0	539.0	403.0	367.0	229.0	340.0
49	20160614 23:47:47.626	269.0	742.0	200.0	266.0	202.0	177.0	169.0	253.0	204.0	146.0	184.0	181.0	205.0	204.0	176.0	164.0	181.0	239.0	151.0	215.0	144.0	203.0	205.0	158.0	190.0	177.0	181.0	164.0	154.0	132.0	156.0	221.0	163.0	160.0	176.0	280.0	166.0	155.0	199.0	161.0	106.0	144.0	129.0	184.0	148.0	165.0	190.0	153.0	192.0	233.0	133.0	144.0	220.0	232.0	259.0	234.0	138.0	168.0	191.0	1092.0	235.0	213.0	151.0	152.0	173.0	156.0	167.0
50	20160614 23:47:47.626	252.0	691.0	272.0	214.0	181.0	267.0	160.0	260.0	236.0	131.0	242.0	168.0	227.0	189.0	167.0	162.0	259.0	272.0	134.0	215.0	188.0	450.0	414.0	261.0	302.0	237.0	259.0	236.0	206.0	270.0	291.0	286.0	319.0	317.0	306.0	351.0	366.0	387.0	304.0	255.0	357.0	333.0	258.0	255.0	232.0	231.0	193.0	167.0	238.0	255.0	215.0	364.0	248.0	369.0	283.0	233.0	281.0	260.0	257.0	1185.0	310.0	332.0	245.0	258.0	254.0	228.0	218.0
51	20160615 02:21:46.315	1152.0	689.0	197.0	200.0	157.0	255.0	242.0	305.0	217.0	206.0	234.0	225.0	173.0	180.0	194.0	259.0	210.0	182.0	151.0	257.0	127.0	186.0	178.0	275.0	267.0	191.0	227.0	215.0	168.0	168.0	168.0	183.0	144.0	208.0	150.0	156.0	250.0	201.0	200.0	213.0	153.0	185.0	211.0	164.0	149.0	177.0	235.0	204.0	200.0	190.0	197.0	255.0	193.0	222.0	271.0	169.0	204.0	240.0	182.0	206.0	1171.0	854.0	685.0	332.0	446.0	439.0	472.0
52	20160614 23:47:47.626	243.0	687.0	196.0	131.0	187.0	245.0	213.0	160.0	195.0	189.0	172.0	323.0	172.0	191.0	216.0	178.0	179.0	244.0	203.0	183.0	119.0	178.0	167.0	146.0	178.0	244.0	203.0	127.0	200.0	194.0	205.0	148.0	291.0	236.0	155.0	199.0	234.0	218.0	200.0	229.0	275.0	230.0	177.0	134.0	126.0	142.0	172.0	145.0	146.0	204.0	211.0	149.0	191.0	180.0	171.0	203.0	163.0	206.0	173.0	1153.0	146.0	246.0	160.0	254.0	152.0	180.0	222.0
53	20160615 02:21:46.315	617.0	680.0	156.0	227.0	147.0	181.0	251.0	269.0	154.0	149.0	146.0	188.0	215.0	191.0	199.0	197.0	195.0	215.0	200.0	238.0	132.0	163.0	166.0	165.0	188.0	184.0	173.0	167.0	151.0	201.0	317.0	189.0	149.0	185.0	243.0	224.0	183.0	198.0	145.0	195.0	181.0	154.0	191.0	128.0	149.0	180.0	206.0	191.0	153.0	210.0	218.0	172.0	162.0	186.0	264.0	151.0	172.0	234.0	163.0	237.0	2754.0	1696.0	693.0	417.0	375.0	330.0	477.0
54	20160615 02:21:46.315	613.0	673.0	217.0	189.0	254.0	184.0	183.0	207.0	254.0	142.0	148.0	172.0	253.0	141.0	184.0	100.0	222.0	162.0	228.0	221.0	152.0	203.0	153.0	231.0	193.0	195.0	188.0	136.0	152.0	176.0	172.0	125.0	177.0	165.0	140.0	133.0	177.0	245.0	240.0	184.0	188.0	212.0	235.0	202.0	156.0	185.0	185.0	170.0	189.0	282.0	109.0	122.0	146.0	194.0	229.0	182.0	249.0	188.0	169.0	241.0	1564.0	1079.0	466.0	276.0	218.0	209.0	188.0
55	20160614 07:08:54.172	84.0	667.0	259.0	170.0	161.0	183.0	290.0	180.0	213.0	133.0	153.0	169.0	183.0	232.0	242.0	158.0	263.0	171.0	148.0	270.0	158.0	291.0	195.0	289.0	183.0	143.0	136.0	162.0	151.0	217.0	221.0	238.0	184.0	270.0	150.0	179.0	248.0	257.0	224.0	320.0	190.0	172.0	276.0	180.0	197.0	245.0	161.0	2262.0	424.0	345.0	118.0	829.0	304.0	481.0	214.0	259.0	1084.0	185.0	227.0	188.0	125.0	167.0	136.0	188.0	246.0	129.0	193.0
56	20160615 02:21:46.315	617.0	668.0	192.0	241.0	172.0	191.0	192.0	205.0	253.0	262.0	199.0	125.0	157.0	200.0	205.0	161.0	190.0	128.0	226.0	209.0	134.0	108.0	164.0	178.0	152.0	220.0	160.0	139.0	173.0	187.0	280.0	219.0	150.0	243.0	167.0	194.0	238.0	174.0	183.0	141.0	204.0	159.0	216.0	208.0	275.0	218.0	195.0	223.0	164.0	231.0	141.0	159.0	131.0	170.0	207.0	175.0	170.0	225.0	150.0	237.0	1218.0	862.0	386.0	249.0	238.0	175.0	316.0
57	20160614 07:08:54.172	63.0	660.0	232.0	252.0	279.0	313.0	301.0	113.0	185.0	220.0	175.0	220.0	178.0	215.0	184.0	192.0	225.0	229.0	261.0	221.0	221.0	362.0	324.0	239.0	229.0	189.0	258.0	150.0	203.0	300.0	207.0	351.0	354.0	240.0	256.0	236.0	269.0	234.0	192.0	268.0	292.0	241.0	235.0	183.0	291.0	264.0	265.0	2082.0	561.0	376.0	173.0	506.0	380.0	404.0	439.0	255.0	943.0	281.0	192.0	294.0	284.0	311.0	261.0	241.0	213.0	314.0	235.0
58	20160615 02:21:46.315	953.0	662.0	236.0	268.0	217.0	326.0	352.0	202.0	263.0	214.0	280.0	266.0	323.0	304.0	213.0	303.0	209.0	212.0	220.0	279.0	300.0	226.0	286.0	229.0	195.0	214.0	224.0	172.0	155.0	194.0	183.0	192.0	207.0	170.0	146.0	173.0	239.0	215.0	184.0	177.0	169.0	144.0	260.0	144.0	302.0	219.0	196.0	218.0	187.0	158.0	202.0	229.0	209.0	183.0	296.0	187.0	176.0	210.0	268.0	253.0	910.0	582.0	475.0	328.0	262.0	345.0	310.0
59	20160614 07:08:54.172	72.0	657.0	309.0	169.0	206.0	229.0	203.0	182.0	101.0	230.0	174.0	146.0	113.0	109.0	216.0	122.0	154.0	216.0	126.0	161.0	173.0	179.0	226.0	223.0	156.0	183.0	184.0	154.0	170.0	205.0	231.0	215.0	263.0	194.0	132.0	169.0	177.0	203.0	166.0	177.0	188.0	139.0	240.0	119.0	149.0	261.0	128.0	1823.0	494.0	369.0	172.0	821.0	429.0	361.0	217.0	252.0	1187.0	197.0	215.0	268.0	214.0	114.0	169.0	110.0	140.0	212.0	189.0
60	20160615 02:21:46.315	665.0	649.0	143.0	157.0	155.0	257.0	210.0	251.0	199.0	204.0	130.0	221.0	202.0	177.0	289.0	97.0	226.0	213.0	186.0	247.0	265.0	195.0	180.0	195.0	130.0	157.0	222.0	173.0	191.0	188.0	188.0	170.0	187.0	174.0	266.0	172.0	235.0	274.0	265.0	188.0	227.0	237.0	190.0	248.0	162.0	155.0	240.0	177.0	198.0	165.0	180.0	284.0	159.0	214.0	211.0	233.0	164.0	166.0	219.0	197.0	2788.0	2067.0	1458.0	668.0	709.0	460.0	790.0
61	20160614 07:08:54.172	62.0	651.0	224.0	238.0	231.0	204.0	243.0	264.0	216.0	202.0	165.0	217.0	210.0	144.0	176.0	154.0	128.0	189.0	223.0	195.0	181.0	267.0	310.0	243.0	225.0	211.0	195.0	210.0	181.0	249.0	229.0	300.0	253.0	215.0	253.0	204.0	236.0	231.0	124.0	219.0	191.0	168.0	221.0	215.0	174.0	192.0	231.0	1755.0	442.0	384.0	307.0	820.0	328.0	347.0	347.0	224.0	1473.0	312.0	355.0	293.0	281.0	204.0	252.0	240.0	225.0	249.0	198.0
62	20160615 02:21:46.315	675.0	643.0	164.0	217.0	158.0	171.0	250.0	141.0	196.0	262.0	249.0	127.0	164.0	188.0	224.0	255.0	153.0	147.0	190.0	218.0	199.0	198.0	152.0	246.0	177.0	166.0	224.0	157.0	204.0	241.0	198.0	178.0	258.0	216.0	197.0	134.0	251.0	179.0	215.0	258.0	257.0	149.0	202.0	226.0	181.0	208.0	154.0	144.0	228.0	200.0	174.0	160.0	159.0	158.0	172.0	139.0	129.0	167.0	171.0	214.0	1953.0	1483.0	971.0	396.0	559.0	387.0	602.0
63	20160615 15:09:14.328	1033.0	629.0	291.0	292.0	295.0	272.0	319.0	266.0	287.0	240.0	333.0	220.0	322.0	314.0	297.0	315.0	275.0	225.0	352.0	266.0	246.0	220.0	303.0	297.0	262.0	259.0	244.0	217.0	204.0	296.0	208.0	346.0	269.0	207.0	243.0	358.0	321.0	273.0	318.0	360.0	253.0	220.0	407.0	143.0	292.0	302.0	277.0	289.0	313.0	247.0	204.0	250.0	221.0	293.0	266.0	173.0	269.0	244.0	228.0	247.0	414.0	400.0	2003.0	427.0	852.0	465.0	987.0
64	20160615 02:21:46.315	1005.0	626.0	137.0	217.0	175.0	230.0	221.0	284.0	213.0	269.0	250.0	220.0	250.0	227.0	161.0	188.0	178.0	189.0	165.0	185.0	193.0	158.0	142.0	219.0	204.0	183.0	209.0	178.0	183.0	236.0	196.0	168.0	221.0	184.0	152.0	149.0	245.0	204.0	193.0	190.0	181.0	156.0	227.0	152.0	146.0	260.0	237.0	194.0	169.0	220.0	130.0	187.0	137.0	194.0	219.0	200.0	153.0	159.0	140.0	194.0	1593.0	1688.0	458.0	202.0	291.0	241.0	315.0
65	20160615 02:21:46.315	998.0	621.0	222.0	257.0	268.0	224.0	389.0	173.0	212.0	221.0	181.0	242.0	291.0	253.0	288.0	253.0	279.0	222.0	231.0	273.0	175.0	245.0	280.0	209.0	292.0	226.0	220.0	211.0	298.0	261.0	235.0	190.0	194.0	221.0	204.0	224.0	265.0	223.0	191.0	218.0	213.0	142.0	225.0	171.0	242.0	241.0	209.0	191.0	306.0	283.0	307.0	287.0	236.0	278.0	310.0	227.0	260.0	302.0	207.0	283.0	2442.0	2182.0	724.0	317.0	429.0	418.0	612.0
66	20160615 02:21:46.315	592.0	622.0	185.0	222.0	233.0	331.0	205.0	177.0	223.0	217.0	172.0	166.0	210.0	145.0	175.0	160.0	147.0	134.0	306.0	240.0	155.0	175.0	245.0	132.0	197.0	202.0	141.0	178.0	196.0	162.0	208.0	121.0	246.0	206.0	115.0	260.0	135.0	167.0	243.0	180.0	210.0	143.0	184.0	162.0	188.0	192.0	181.0	217.0	266.0	151.0	255.0	148.0	221.0	184.0	250.0	166.0	161.0	141.0	173.0	237.0	1205.0	996.0	689.0	402.0	368.0	323.0	470.0
67	20160615 02:21:46.315	590.0	619.0	230.0	251.0	184.0	147.0	151.0	277.0	184.0	118.0	197.0	250.0	209.0	125.0	209.0	177.0	259.0	200.0	157.0	233.0	243.0	147.0	176.0	152.0	175.0	203.0	172.0	194.0	166.0	225.0	113.0	192.0	246.0	162.0	108.0	148.0	178.0	282.0	181.0	144.0	168.0	147.0	226.0	239.0	133.0	155.0	153.0	215.0	157.0	162.0	208.0	244.0	116.0	159.0	250.0	161.0	161.0	110.0	185.0	149.0	1244.0	891.0	539.0	354.0	358.0	323.0	322.0
68	20160615 02:21:46.315	1010.0	618.0	143.0	248.0	158.0	282.0	195.0	212.0	260.0	169.0	216.0	197.0	186.0	167.0	210.0	164.0	260.0	218.0	197.0	209.0	220.0	179.0	203.0	145.0	166.0	113.0	201.0	136.0	138.0	160.0	167.0	156.0	162.0	157.0	205.0	148.0	196.0	275.0	238.0	220.0	171.0	145.0	152.0	114.0	160.0	197.0	165.0	201.0	185.0	284.0	163.0	211.0	130.0	217.0	182.0	154.0	203.0	182.0	149.0	243.0	1696.0	1409.0	330.0	273.0	336.0	260.0	261.0
69	20160615 02:21:46.315	1001.0	615.0	237.0	229.0	141.0	208.0	238.0	267.0	230.0	298.0	227.0	233.0	215.0	187.0	189.0	175.0	218.0	196.0	204.0	128.0	206.0	181.0	182.0	188.0	154.0	157.0	225.0	206.0	233.0	189.0	164.0	201.0	194.0	123.0	231.0	132.0	176.0	223.0	275.0	307.0	173.0	139.0	218.0	143.0	203.0	149.0	198.0	264.0	195.0	210.0	286.0	191.0	165.0	140.0	177.0	228.0	212.0	195.0	126.0	169.0	1865.0	1567.0	392.0	283.0	302.0	299.0	363.0
70	20160615 03:38:34.229	269.0	614.0	230.0	333.0	394.0	323.0	286.0	189.0	261.0	118.0	99.0	185.0	143.0	358.0	316.0	253.0	302.0	276.0	293.0	241.0	223.0	243.0	381.0	175.0	279.0	341.0	366.0	389.0	230.0	302.0	254.0	335.0	352.0	258.0	257.0	294.0	413.0	238.0	256.0	300.0	327.0	269.0	352.0	186.0	333.0	315.0	234.0	275.0	362.0	338.0	216.0	325.0	236.0	302.0	245.0	193.0	235.0	233.0	204.0	226.0	908.0	3227.0	3145.0	527.0	1184.0	427.0	1304.0
71	20160614 19:57:05.534	1183.0	597.0	123.0	207.0	147.0	215.0	167.0	234.0	250.0	213.0	225.0	138.0	193.0	141.0	241.0	224.0	132.0	222.0	183.0	196.0	209.0	262.0	122.0	186.0	189.0	171.0	172.0	136.0	161.0	174.0	263.0	156.0	165.0	157.0	224.0	144.0	202.0	152.0	160.0	210.0	209.0	141.0	188.0	223.0	190.0	190.0	186.0	121.0	234.0	202.0	195.0	216.0	176.0	195.0	201.0	182.0	908.0	269.0	242.0	221.0	199.0	240.0	286.0	267.0	223.0	243.0	245.0
72	20160614 19:57:05.534	1122.0	588.0	199.0	136.0	206.0	165.0	120.0	223.0	148.0	144.0	215.0	247.0	228.0	167.0	169.0	176.0	235.0	245.0	200.0	277.0	158.0	202.0	241.0	170.0	190.0	217.0	211.0	217.0	161.0	178.0	167.0	96.0	284.0	175.0	112.0	160.0	186.0	192.0	186.0	247.0	211.0	166.0	181.0	158.0	231.0	160.0	166.0	221.0	169.0	207.0	260.0	135.0	153.0	136.0	140.0	222.0	1408.0	269.0	515.0	207.0	187.0	238.0	175.0	232.0	199.0	234.0	264.0
73	20160614 19:57:05.534	704.0	581.0	204.0	257.0	203.0	169.0	200.0	153.0	155.0	221.0	139.0	176.0	169.0	171.0	261.0	202.0	151.0	165.0	199.0	146.0	178.0	194.0	179.0	200.0	173.0	204.0	137.0	154.0	205.0	188.0	196.0	180.0	120.0	113.0	184.0	166.0	267.0	177.0	234.0	189.0	159.0	150.0	108.0	196.0	158.0	134.0	125.0	137.0	250.0	239.0	150.0	181.0	155.0	280.0	153.0	215.0	3668.0	684.0	446.0	203.0	198.0	213.0	319.0	190.0	228.0	197.0	239.0
74	20160614 19:57:05.534	1111.0	581.0	210.0	258.0	185.0	261.0	230.0	259.0	206.0	211.0	248.0	170.0	206.0	164.0	223.0	195.0	192.0	217.0	142.0	163.0	189.0	131.0	300.0	248.0	170.0	140.0	261.0	155.0	180.0	199.0	181.0	170.0	204.0	170.0	210.0	224.0	296.0	209.0	163.0	188.0	195.0	169.0	165.0	207.0	192.0	170.0	199.0	231.0	176.0	161.0	177.0	198.0	187.0	169.0	169.0	141.0	1365.0	437.0	1326.0	213.0	393.0	326.0	165.0	180.0	223.0	275.0	155.0
75	20160614 19:57:05.534	1106.0	570.0	179.0	171.0	234.0	216.0	287.0	241.0	182.0	148.0	141.0	251.0	168.0	125.0	258.0	170.0	278.0	240.0	285.0	231.0	244.0	154.0	254.0	182.0	209.0	180.0	198.0	203.0	211.0	189.0	198.0	198.0	196.0	203.0	191.0	162.0	263.0	184.0	227.0	219.0	184.0	239.0	213.0	180.0	130.0	141.0	156.0	186.0	185.0	253.0	142.0	159.0	172.0	183.0	158.0	245.0	1356.0	373.0	1248.0	157.0	405.0	257.0	195.0	173.0	177.0	221.0	178.0
76	20160615 15:09:14.328	723.0	570.0	172.0	206.0	221.0	232.0	249.0	154.0	225.0	175.0	176.0	221.0	236.0	111.0	249.0	176.0	257.0	225.0	151.0	240.0	110.0	279.0	212.0	186.0	183.0	183.0	152.0	230.0	213.0	233.0	182.0	164.0	147.0	165.0	164.0	185.0	255.0	197.0	242.0	211.0	150.0	203.0	178.0	249.0	239.0	249.0	157.0	151.0	153.0	194.0	168.0	185.0	130.0	261.0	237.0	178.0	302.0	234.0	153.0	144.0	213.0	209.0	927.0	361.0	516.0	395.0	513.0
77	20160615 02:21:46.315	1124.0	565.0	222.0	215.0	329.0	385.0	380.0	306.0	295.0	332.0	355.0	327.0	315.0	343.0	242.0	210.0	283.0	266.0	262.0	289.0	260.0	279.0	339.0	291.0	264.0	304.0	259.0	187.0	288.0	234.0	244.0	315.0	353.0	220.0	313.0	288.0	284.0	252.0	332.0	235.0	302.0	206.0	348.0	247.0	254.0	339.0	226.0	252.0	259.0	229.0	274.0	279.0	254.0	356.0	314.0	211.0	355.0	325.0	783.0	193.0	1462.0	991.0	368.0	289.0	342.0	331.0	323.0
78	20160615 02:21:46.315	1132.0	556.0	192.0	229.0	201.0	185.0	163.0	242.0	140.0	234.0	188.0	238.0	174.0	147.0	118.0	172.0	230.0	192.0	183.0	212.0	181.0	169.0	231.0	220.0	217.0	147.0	199.0	160.0	156.0	131.0	180.0	172.0	160.0	177.0	216.0	150.0	206.0	250.0	214.0	247.0	141.0	143.0	163.0	174.0	152.0	179.0	187.0	224.0	184.0	176.0	176.0	234.0	170.0	230.0	187.0	167.0	253.0	192.0	221.0	252.0	1354.0	991.0	230.0	304.0	298.0	222.0	255.0
79	20160615 15:09:14.328	1006.0	540.0	130.0	202.0	235.0	152.0	272.0	185.0	300.0	145.0	162.0	231.0	253.0	314.0	212.0	223.0	251.0	186.0	209.0	293.0	259.0	197.0	250.0	328.0	313.0	232.0	140.0	172.0	216.0	376.0	219.0	294.0	243.0	215.0	343.0	219.0	316.0	179.0	240.0	192.0	190.0	180.0	219.0	163.0	287.0	291.0	206.0	251.0	264.0	224.0	184.0	337.0	281.0	321.0	367.0	212.0	224.0	211.0	266.0	233.0	281.0	254.0	736.0	263.0	315.0	229.0	352.0
80	20160614 13:32:31.752	486.0	529.0	173.0	215.0	253.0	139.0	231.0	255.0	224.0	182.0	158.0	149.0	173.0	205.0	201.0	273.0	140.0	143.0	135.0	144.0	207.0	233.0	189.0	153.0	164.0	156.0	203.0	128.0	197.0	308.0	142.0	166.0	196.0	136.0	196.0	251.0	199.0	178.0	104.0	244.0	150.0	149.0	161.0	195.0	183.0	224.0	187.0	172.0	151.0	88.0	107.0	3040.0	948.0	852.0	3092.0	3116.0	2933.0	608.0	588.0	2671.0	453.0	423.0	380.0	250.0	290.0	246.0	275.0
81	20160615 02:21:46.315	78.0	532.0	156.0	160.0	253.0	166.0	220.0	190.0	224.0	190.0	132.0	173.0	236.0	143.0	181.0	189.0	182.0	194.0	147.0	224.0	182.0	279.0	237.0	151.0	220.0	169.0	179.0	208.0	206.0	164.0	250.0	164.0	217.0	171.0	198.0	202.0	241.0	205.0	143.0	191.0	200.0	116.0	184.0	249.0	411.0	291.0	238.0	213.0	209.0	283.0	160.0	195.0	145.0	236.0	220.0	168.0	247.0	140.0	133.0	209.0	1526.0	775.0	311.0	166.0	367.0	246.0	338.0
82	20160611 21:33:44.102	657.0	522.0	156.0	137.0	185.0	211.0	173.0	1285.0	1079.0	1048.0	4364.0	3744.0	3200.0	1180.0	789.0	2688.0	502.0	610.0	611.0	1983.0	2033.0	1927.0	1468.0	1323.0	1290.0	855.0	1169.0	1071.0	313.0	764.0	366.0	385.0	320.0	304.0	336.0	660.0	844.0	945.0	332.0	323.0	753.0	362.0	623.0	879.0	576.0	560.0	320.0	546.0	295.0	312.0	179.0	483.0	211.0	375.0	412.0	688.0	545.0	240.0	210.0	736.0	290.0	200.0	325.0	392.0	395.0	299.0	328.0
83	20160615 15:09:14.328	892.0	520.0	248.0	253.0	305.0	372.0	313.0	240.0	230.0	213.0	200.0	341.0	324.0	390.0	209.0	338.0	287.0	303.0	174.0	319.0	347.0	236.0	276.0	277.0	262.0	348.0	176.0	238.0	229.0	314.0	271.0	248.0	182.0	215.0	279.0	333.0	249.0	256.0	241.0	222.0	308.0	190.0	283.0	199.0	223.0	377.0	155.0	206.0	371.0	227.0	246.0	353.0	214.0	279.0	325.0	215.0	315.0	279.0	267.0	394.0	251.0	313.0	752.0	334.0	499.0	309.0	650.0
84	20160614 02:01:53.727	103.0	514.0	87.0	246.0	287.0	207.0	566.0	335.0	171.0	196.0	185.0	299.0	123.0	232.0	208.0	172.0	208.0	185.0	146.0	165.0	264.0	173.0	155.0	232.0	218.0	187.0	241.0	291.0	74.0	176.0	161.0	244.0	167.0	116.0	203.0	165.0	217.0	251.0	208.0	272.0	191.0	182.0	1118.0	7124.0	6642.0	5299.0	1199.0	129.0	153.0	167.0	156.0	123.0	168.0	222.0	190.0	166.0	86.0	129.0	129.0	275.0	331.0	545.0	202.0	156.0	228.0	306.0	203.0
85	20160615 21:01:19.564	291.0	498.0	287.0	314.0	299.0	327.0	454.0	413.0	303.0	223.0	559.0	520.0	500.0	356.0	307.0	251.0	303.0	276.0	282.0	349.0	269.0	361.0	484.0	310.0	377.0	291.0	337.0	313.0	221.0	332.0	226.0	347.0	272.0	224.0	276.0	376.0	267.0	385.0	296.0	327.0	319.0	201.0	288.0	166.0	313.0	315.0	228.0	218.0	314.0	291.0	264.0	279.0	272.0	316.0	201.0	204.0	196.0	252.0	270.0	255.0	404.0	321.0	784.0	797.0	2404.0	727.0	1992.0
86	20160615 15:09:14.328	775.0	494.0	222.0	223.0	199.0	173.0	173.0	148.0	183.0	211.0	171.0	235.0	275.0	223.0	195.0	183.0	266.0	203.0	194.0	202.0	277.0	235.0	209.0	227.0	229.0	221.0	199.0	168.0	148.0	242.0	184.0	177.0	236.0	238.0	171.0	223.0	173.0	245.0	203.0	253.0	168.0	155.0	174.0	173.0	161.0	207.0	170.0	286.0	190.0	190.0	182.0	256.0	205.0	261.0	225.0	222.0	278.0	185.0	264.0	244.0	275.0	255.0	917.0	245.0	320.0	327.0	427.0
87	20160614 23:47:47.626	732.0	493.0	162.0	176.0	217.0	175.0	276.0	156.0	249.0	222.0	204.0	328.0	179.0	141.0	153.0	173.0	206.0	256.0	149.0	179.0	200.0	335.0	121.0	163.0	273.0	215.0	195.0	158.0	185.0	201.0	203.0	131.0	126.0	158.0	163.0	187.0	229.0	182.0	223.0	132.0	224.0	123.0	199.0	221.0	134.0	174.0	165.0	158.0	201.0	216.0	139.0	167.0	183.0	198.0	133.0	168.0	112.0	176.0	260.0	1222.0	237.0	227.0	298.0	262.0	249.0	238.0	209.0
88	20160610 23:02:55.654	452.0	489.0	665.0	960.0	1681.0	15457.0	15188.0	2984.0	5742.0	4503.0	3913.0	5726.0	5315.0	5490.0	1947.0	3826.0	3480.0	1580.0	1888.0	3176.0	2712.0	2787.0	3101.0	2087.0	1905.0	2312.0	1799.0	1810.0	927.0	1902.0	1122.0	2068.0	1640.0	901.0	1632.0	1722.0	1509.0	1293.0	1256.0	1116.0	1411.0	1154.0	1598.0	1030.0	1325.0	1311.0	954.0	869.0	990.0	827.0	633.0	1274.0	734.0	1130.0	1131.0	624.0	909.0	667.0	635.0	788.0	1154.0	786.0	1059.0	763.0	1366.0	719.0	1114.0
89	20160615 15:09:14.328	206.0	486.0	328.0	374.0	373.0	403.0	506.0	384.0	274.0	341.0	360.0	379.0	440.0	445.0	255.0	324.0	279.0	322.0	259.0	340.0	307.0	424.0	556.0	356.0	286.0	305.0	309.0	299.0	213.0	310.0	254.0	389.0	279.0	284.0	322.0	354.0	314.0	219.0	283.0	326.0	328.0	266.0	428.0	245.0	375.0	409.0	204.0	275.0	220.0	255.0	211.0	261.0	190.0	285.0	255.0	243.0	259.0	174.0	216.0	283.0	249.0	236.0	1248.0	964.0	974.0	905.0	772.0
90	20160615 15:09:14.328	210.0	480.0	268.0	263.0	321.0	362.0	438.0	396.0	326.0	326.0	303.0	540.0	533.0	419.0	187.0	400.0	265.0	217.0	315.0	400.0	292.0	357.0	476.0	310.0	234.0	339.0	281.0	298.0	249.0	315.0	287.0	378.0	297.0	268.0	253.0	432.0	378.0	295.0	263.0	236.0	280.0	282.0	404.0	258.0	323.0	306.0	193.0	240.0	254.0	271.0	218.0	345.0	196.0	375.0	268.0	203.0	246.0	241.0	232.0	264.0	386.0	276.0	2103.0	639.0	1042.0	585.0	1569.0
91	20160610 21:43:46.422	1019.0	470.0	609.0	766.0	15504.0	15469.0	15569.0	2282.0	4310.0	3166.0	2832.0	4456.0	4168.0	4241.0	1473.0	3291.0	2962.0	1226.0	1531.0	2618.0	2111.0	2195.0	2345.0	1531.0	1761.0	1812.0	1584.0	1567.0	732.0	1506.0	914.0	1691.0	1433.0	747.0	1337.0	1360.0	1215.0	976.0	842.0	838.0	1037.0	867.0	1346.0	802.0	1114.0	1133.0	698.0	582.0	718.0	491.0	499.0	801.0	576.0	654.0	999.0	442.0	606.0	329.0	423.0	544.0	618.0	624.0	671.0	771.0	1034.0	630.0	918.0
92	20160614 19:57:05.534	792.0	436.0	170.0	170.0	176.0	157.0	142.0	246.0	216.0	264.0	191.0	236.0	145.0	157.0	189.0	157.0	198.0	163.0	112.0	273.0	162.0	180.0	102.0	159.0	173.0	212.0	251.0	129.0	110.0	205.0	163.0	209.0	148.0	102.0	145.0	121.0	142.0	151.0	184.0	196.0	139.0	152.0	205.0	162.0	183.0	143.0	223.0	445.0	321.0	183.0	156.0	206.0	194.0	140.0	161.0	190.0	1841.0	891.0	2529.0	265.0	270.0	185.0	163.0	197.0	146.0	133.0	216.0
93	20160615 21:01:19.564	865.0	436.0	208.0	286.0	340.0	333.0	341.0	240.0	265.0	224.0	307.0	343.0	305.0	377.0	206.0	356.0	306.0	277.0	244.0	407.0	307.0	336.0	362.0	318.0	315.0	386.0	407.0	313.0	195.0	393.0	270.0	301.0	341.0	236.0	293.0	317.0	294.0	194.0	367.0	242.0	267.0	288.0	296.0	249.0	401.0	287.0	297.0	246.0	277.0	246.0	245.0	334.0	181.0	302.0	340.0	233.0	274.0	289.0	236.0	268.0	335.0	416.0	439.0	373.0	681.0	311.0	952.0
94	20160614 07:08:54.172	781.0	429.0	225.0	211.0	249.0	241.0	271.0	245.0	214.0	193.0	208.0	228.0	206.0	201.0	212.0	139.0	160.0	137.0	148.0	166.0	221.0	121.0	133.0	187.0	226.0	205.0	251.0	186.0	141.0	132.0	230.0	207.0	198.0	190.0	136.0	210.0	207.0	177.0	174.0	282.0	140.0	113.0	200.0	153.0	137.0	229.0	143.0	1749.0	476.0	343.0	131.0	192.0	157.0	201.0	202.0	159.0	1693.0	836.0	2483.0	221.0	243.0	183.0	209.0	242.0	194.0	222.0	184.0
95	20160614 07:08:54.172	764.0	422.0	247.0	125.0	195.0	143.0	184.0	284.0	183.0	188.0	200.0	234.0	196.0	176.0	168.0	139.0	187.0	183.0	189.0	223.0	172.0	217.0	192.0	151.0	146.0	161.0	243.0	140.0	168.0	249.0	154.0	117.0	162.0	128.0	178.0	112.0	207.0	142.0	175.0	142.0	243.0	150.0	200.0	150.0	156.0	230.0	140.0	14461.0	2107.0	1426.0	175.0	191.0	164.0	256.0	234.0	153.0	336.0	266.0	468.0	205.0	248.0	165.0	234.0	263.0	210.0	137.0	211.0
96	20160614 19:57:05.534	1184.0	419.0	205.0	239.0	272.0	297.0	340.0	223.0	281.0	265.0	229.0	290.0	293.0	332.0	204.0	210.0	305.0	224.0	207.0	217.0	289.0	269.0	320.0	292.0	215.0	234.0	275.0	227.0	233.0	437.0	272.0	344.0	229.0	161.0	250.0	325.0	286.0	262.0	286.0	215.0	321.0	201.0	357.0	211.0	273.0	249.0	200.0	172.0	242.0	208.0	179.0	230.0	140.0	235.0	175.0	214.0	1126.0	421.0	1812.0	1136.0	315.0	310.0	1271.0	620.0	627.0	394.0	397.0
97	20160614 19:57:05.534	1175.0	413.0	188.0	267.0	298.0	300.0	185.0	171.0	242.0	156.0	149.0	206.0	198.0	149.0	250.0	163.0	186.0	167.0	226.0	130.0	162.0	164.0	192.0	145.0	197.0	169.0	209.0	201.0	203.0	221.0	160.0	143.0	141.0	228.0	97.0	129.0	211.0	237.0	234.0	214.0	130.0	182.0	174.0	201.0	149.0	153.0	154.0	135.0	201.0	170.0	199.0	191.0	157.0	182.0	210.0	158.0	1473.0	371.0	1616.0	886.0	345.0	295.0	539.0	321.0	318.0	240.0	297.0
98	20160614 23:47:47.626	1188.0	407.0	186.0	180.0	157.0	211.0	211.0	229.0	179.0	221.0	211.0	173.0	194.0	164.0	192.0	202.0	190.0	197.0	191.0	172.0	153.0	224.0	207.0	204.0	181.0	186.0	274.0	145.0	166.0	161.0	180.0	206.0	226.0	158.0	248.0	181.0	319.0	195.0	302.0	255.0	274.0	217.0	184.0	181.0	167.0	208.0	198.0	240.0	232.0	153.0	217.0	196.0	235.0	223.0	188.0	258.0	331.0	374.0	1099.0	5817.0	299.0	202.0	1558.0	533.0	836.0	335.0	394.0
99	20160614 07:08:54.172	769.0	410.0	153.0	192.0	183.0	159.0	215.0	247.0	161.0	162.0	150.0	155.0	214.0	131.0	213.0	241.0	157.0	129.0	158.0	176.0	195.0	148.0	160.0	241.0	187.0	173.0	139.0	119.0	223.0	172.0	126.0	142.0	235.0	186.0	148.0	124.0	229.0	150.0	168.0	219.0	261.0	158.0	197.0	172.0	159.0	155.0	131.0	2409.0	673.0	544.0	160.0	263.0	234.0	192.0	183.0	160.0	244.0	204.0	238.0	209.0	212.0	331.0	281.0	198.0	235.0	210.0	236.0
100	20160615 21:01:19.564	222.0	409.0	208.0	280.0	317.0	358.0	463.0	461.0	358.0	324.0	481.0	460.0	439.0	382.0	226.0	283.0	301.0	189.0	209.0	309.0	308.0	350.0	398.0	325.0	359.0	291.0	351.0	255.0	213.0	272.0	211.0	288.0	261.0	273.0	270.0	228.0	381.0	272.0	249.0	272.0	304.0	257.0	273.0	252.0	308.0	277.0	235.0	226.0	343.0	213.0	182.0	254.0	264.0	249.0	292.0	266.0	266.0	201.0	184.0	255.0	313.0	185.0	331.0	634.0	1619.0	847.0	630.0
101	20160614 23:47:47.626	1152.0	404.0	138.0	272.0	280.0	163.0	225.0	269.0	261.0	219.0	229.0	283.0	253.0	332.0	235.0	241.0	238.0	201.0	157.0	301.0	227.0	236.0	309.0	237.0	284.0	295.0	184.0	256.0	225.0	267.0	183.0	313.0	255.0	273.0	312.0	368.0	259.0	261.0	386.0	196.0	181.0	256.0	254.0	152.0	319.0	228.0	188.0	265.0	328.0	302.0	286.0	335.0	256.0	299.0	302.0	244.0	1439.0	307.0	1233.0	6297.0	793.0	696.0	713.0	381.0	643.0	310.0	572.0
102	20160614 07:08:54.172	762.0	407.0	186.0	178.0	287.0	155.0	180.0	216.0	230.0	211.0	145.0	226.0	223.0	189.0	174.0	142.0	103.0	149.0	210.0	190.0	140.0	193.0	142.0	202.0	211.0	174.0	207.0	165.0	196.0	157.0	193.0	181.0	198.0	110.0	90.0	189.0	192.0	168.0	192.0	144.0	116.0	202.0	128.0	162.0	158.0	175.0	180.0	2083.0	590.0	517.0	162.0	211.0	157.0	261.0	231.0	173.0	281.0	171.0	396.0	136.0	165.0	172.0	108.0	166.0	152.0	187.0	145.0
103	20160615 21:01:19.564	232.0	403.0	214.0	196.0	212.0	204.0	200.0	271.0	236.0	353.0	474.0	331.0	354.0	245.0	278.0	248.0	170.0	120.0	151.0	212.0	232.0	197.0	237.0	240.0	241.0	202.0	243.0	220.0	203.0	238.0	122.0	205.0	178.0	176.0	161.0	178.0	159.0	173.0	203.0	165.0	270.0	193.0	224.0	180.0	223.0	247.0	126.0	124.0	166.0	204.0	237.0	208.0	134.0	211.0	261.0	221.0	160.0	189.0	179.0	213.0	211.0	199.0	183.0	341.0	1150.0	348.0	481.0
104	20160615 21:01:19.564	224.0	397.0	295.0	206.0	238.0	221.0	175.0	366.0	192.0	213.0	552.0	248.0	245.0	196.0	221.0	233.0	215.0	215.0	230.0	237.0	186.0	173.0	149.0	147.0	271.0	276.0	215.0	142.0	161.0	146.0	195.0	182.0	201.0	183.0	143.0	157.0	328.0	237.0	233.0	195.0	157.0	175.0	213.0	151.0	224.0	198.0	202.0	263.0	204.0	211.0	231.0	230.0	204.0	210.0	254.0	197.0	175.0	201.0	183.0	332.0	222.0	186.0	223.0	405.0	1335.0	397.0	534.0
105	20160614 23:47:47.626	1153.0	390.0	213.0	282.0	187.0	217.0	173.0	389.0	283.0	235.0	426.0	240.0	278.0	278.0	276.0	258.0	184.0	228.0	208.0	243.0	248.0	262.0	236.0	251.0	201.0	222.0	215.0	192.0	170.0	279.0	275.0	214.0	154.0	146.0	227.0	219.0	238.0	208.0	210.0	220.0	169.0	177.0	161.0	197.0	229.0	146.0	227.0	199.0	163.0	158.0	140.0	174.0	181.0	172.0	235.0	180.0	1922.0	611.0	2321.0	8388.0	628.0	526.0	293.0	355.0	343.0	322.0	320.0
106	20160615 21:01:19.564	997.0	375.0	173.0	189.0	254.0	253.0	256.0	175.0	259.0	257.0	248.0	219.0	283.0	233.0	206.0	281.0	193.0	179.0	207.0	278.0	229.0	247.0	205.0	225.0	300.0	325.0	213.0	201.0	190.0	243.0	226.0	270.0	247.0	166.0	237.0	228.0	273.0	222.0	315.0	227.0	189.0	168.0	263.0	216.0	237.0	268.0	189.0	317.0	224.0	254.0	182.0	339.0	223.0	260.0	337.0	179.0	203.0	211.0	265.0	318.0	274.0	245.0	360.0	536.0	1056.0	300.0	275.0
107	20160615 19:44:55.951	988.0	374.0	194.0	215.0	221.0	215.0	224.0	223.0	171.0	235.0	222.0	246.0	214.0	186.0	122.0	197.0	273.0	232.0	189.0	241.0	170.0	204.0	198.0	198.0	179.0	248.0	226.0	201.0	142.0	201.0	239.0	273.0	219.0	186.0	185.0	245.0	237.0	171.0	219.0	189.0	219.0	171.0	208.0	205.0	202.0	248.0	246.0	194.0	181.0	256.0	157.0	199.0	183.0	182.0	237.0	179.0	203.0	194.0	207.0	237.0	285.0	262.0	218.0	1176.0	516.0	303.0	185.0
108	20160615 15:09:14.328	1322.0	355.0	245.0	271.0	296.0	341.0	349.0	286.0	324.0	203.0	286.0	328.0	317.0	326.0	241.0	306.0	254.0	191.0	229.0	294.0	320.0	344.0	313.0	291.0	288.0	345.0	238.0	308.0	226.0	323.0	260.0	258.0	326.0	239.0	251.0	251.0	290.0	288.0	197.0	264.0	287.0	246.0	357.0	216.0	321.0	238.0	223.0	298.0	285.0	246.0	201.0	317.0	215.0	310.0	323.0	202.0	268.0	234.0	185.0	341.0	205.0	237.0	3351.0	722.0	2223.0	579.0	1525.0
109	20160611 00:23:25.83	151.0	354.0	626.0	847.0	1951.0	2320.0	14658.0	2712.0	4725.0	3789.0	2777.0	3805.0	3621.0	2877.0	1474.0	1486.0	2793.0	1265.0	1546.0	1488.0	1228.0	2560.0	2390.0	1276.0	1312.0	1533.0	1141.0	1182.0	892.0	1264.0	1087.0	1243.0	1215.0	678.0	1279.0	1155.0	967.0	850.0	1108.0	951.0	896.0	1056.0	1270.0	726.0	943.0	922.0	712.0	596.0	604.0	372.0	381.0	669.0	456.0	636.0	608.0	541.0	477.0	439.0	362.0	494.0	500.0	567.0	630.0	572.0	802.0	639.0	825.0
110	20160615 15:09:14.328	1087.0	313.0	248.0	219.0	301.0	268.0	366.0	174.0	182.0	185.0	196.0	245.0	422.0	347.0	201.0	323.0	296.0	194.0	220.0	269.0	178.0	324.0	326.0	279.0	324.0	303.0	328.0	189.0	167.0	259.0	206.0	293.0	229.0	272.0	337.0	255.0	253.0	213.0	290.0	286.0	330.0	174.0	221.0	261.0	343.0	311.0	186.0	288.0	289.0	264.0	221.0	364.0	238.0	265.0	352.0	169.0	260.0	170.0	221.0	261.0	312.0	233.0	987.0	250.0	616.0	293.0	637.0
111	20160615 19:44:55.951	987.0	307.0	180.0	135.0	167.0	194.0	184.0	324.0	143.0	198.0	241.0	196.0	121.0	125.0	135.0	175.0	165.0	153.0	132.0	219.0	154.0	153.0	156.0	161.0	237.0	194.0	246.0	236.0	199.0	221.0	171.0	211.0	186.0	168.0	162.0	187.0	180.0	173.0	163.0	202.0	196.0	168.0	329.0	159.0	161.0	148.0	151.0	157.0	214.0	172.0	140.0	184.0	152.0	172.0	182.0	213.0	110.0	198.0	135.0	235.0	181.0	189.0	260.0	650.0	934.0	510.0	380.0
112	20160614 19:57:05.534	360.0	306.0	249.0	346.0	314.0	496.0	414.0	293.0	269.0	241.0	243.0	408.0	380.0	448.0	195.0	386.0	238.0	262.0	239.0	386.0	313.0	241.0	325.0	348.0	314.0	313.0	399.0	242.0	204.0	353.0	259.0	337.0	240.0	174.0	303.0	333.0	343.0	251.0	321.0	322.0	329.0	265.0	338.0	250.0	309.0	369.0	198.0	263.0	308.0	236.0	232.0	352.0	189.0	289.0	319.0	218.0	831.0	195.0	279.0	907.0	511.0	976.0	221.0	351.0	350.0	305.0	365.0
113	20160610 23:02:55.654	80.0	300.0	535.0	709.0	1208.0	9272.0	15041.0	3158.0	6790.0	5069.0	9104.0	9300.0	8172.0	6152.0	1700.0	5003.0	3956.0	1552.0	1844.0	4333.0	3325.0	4344.0	5207.0	2829.0	2905.0	3274.0	2500.0	2428.0	979.0	2683.0	1301.0	2630.0	2267.0	1244.0	2237.0	2396.0	2056.0	1897.0	1399.0	1285.0	2050.0	1346.0	2112.0	1306.0	1803.0	1747.0	807.0	1362.0	1306.0	970.0	691.0	1527.0	678.0	1029.0	1401.0	951.0	1047.0	853.0	747.0	1032.0	1103.0	889.0	1069.0	905.0	1052.0	880.0	2184.0
114	20160615 21:01:19.564	970.0	293.0	261.0	245.0	303.0	228.0	368.0	330.0	312.0	233.0	217.0	322.0	265.0	369.0	208.0	281.0	264.0	196.0	289.0	342.0	243.0	274.0	327.0	302.0	241.0	350.0	259.0	275.0	212.0	288.0	271.0	274.0	266.0	243.0	308.0	321.0	310.0	291.0	243.0	266.0	264.0	229.0	487.0	237.0	273.0	309.0	193.0	229.0	264.0	255.0	259.0	311.0	261.0	301.0	335.0	234.0	177.0	234.0	174.0	236.0	256.0	256.0	629.0	636.0	4055.0	464.0	1938.0
115	20160615 19:44:55.951	488.0	286.0	165.0	215.0	198.0	218.0	241.0	218.0	180.0	165.0	188.0	256.0	210.0	151.0	150.0	159.0	153.0	189.0	143.0	298.0	200.0	229.0	206.0	265.0	171.0	200.0	253.0	191.0	231.0	220.0	162.0	183.0	273.0	172.0	104.0	138.0	170.0	243.0	161.0	222.0	160.0	208.0	157.0	161.0	153.0	202.0	178.0	195.0	169.0	159.0	216.0	231.0	148.0	145.0	254.0	208.0	287.0	167.0	128.0	212.0	215.0	176.0	311.0	981.0	366.0	242.0	283.0
116	20160615 15:09:14.328	204.0	278.0	256.0	213.0	329.0	415.0	411.0	274.0	374.0	305.0	316.0	477.0	473.0	459.0	212.0	345.0	423.0	310.0	222.0	373.0	331.0	337.0	367.0	303.0	342.0	445.0	282.0	300.0	210.0	315.0	280.0	334.0	299.0	218.0	308.0	335.0	300.0	249.0	305.0	205.0	397.0	210.0	342.0	278.0	294.0	336.0	176.0	258.0	282.0	208.0	210.0	345.0	196.0	315.0	399.0	264.0	250.0	236.0	300.0	341.0	259.0	241.0	10154.0	856.0	3981.0	703.0	2610.0
117	20160615 21:01:19.564	529.0	277.0	220.0	152.0	238.0	180.0	170.0	209.0	193.0	171.0	169.0	299.0	203.0	202.0	172.0	104.0	192.0	172.0	146.0	200.0	171.0	209.0	184.0	199.0	186.0	194.0	151.0	235.0	210.0	218.0	170.0	170.0	224.0	152.0	128.0	185.0	218.0	257.0	283.0	253.0	236.0	221.0	213.0	181.0	141.0	177.0	215.0	156.0	194.0	193.0	165.0	139.0	210.0	278.0	206.0	148.0	165.0	169.0	211.0	246.0	262.0	220.0	147.0	209.0	999.0	153.0	128.0
118	20160615 15:09:14.328	206.0	268.0	231.0	196.0	218.0	190.0	189.0	277.0	219.0	233.0	260.0	351.0	270.0	317.0	172.0	192.0	203.0	278.0	162.0	280.0	270.0	323.0	190.0	211.0	248.0	205.0	275.0	239.0	182.0	305.0	201.0	170.0	255.0	205.0	191.0	226.0	311.0	190.0	215.0	230.0	249.0	126.0	255.0	163.0	203.0	259.0	185.0	228.0	213.0	162.0	160.0	210.0	203.0	297.0	236.0	169.0	284.0	175.0	218.0	236.0	215.0	226.0	1627.0	313.0	1006.0	408.0	616.0
119	20160611 00:23:25.83	327.0	263.0	775.0	960.0	1198.0	5175.0	15386.0	1972.0	4225.0	3218.0	2159.0	3497.0	3322.0	3102.0	1271.0	2168.0	3015.0	1088.0	1449.0	2128.0	1428.0	1338.0	2333.0	1282.0	1317.0	1783.0	1128.0	1157.0	828.0	1447.0	926.0	1816.0	1684.0	706.0	1781.0	1321.0	1101.0	1003.0	1249.0	1110.0	1213.0	1037.0	1173.0	565.0	1064.0	1011.0	753.0	641.0	953.0	742.0	536.0	997.0	709.0	800.0	818.0	473.0	475.0	600.0	559.0	632.0	995.0	981.0	1355.0	978.0	1461.0	878.0	1186.0
120	20160615 15:09:14.328	207.0	262.0	254.0	278.0	184.0	176.0	215.0	354.0	237.0	220.0	238.0	477.0	295.0	316.0	213.0	278.0	239.0	218.0	194.0	285.0	212.0	185.0	280.0	237.0	234.0	205.0	184.0	177.0	147.0	152.0	139.0	167.0	249.0	218.0	217.0	192.0	292.0	207.0	211.0	249.0	177.0	276.0	191.0	267.0	150.0	218.0	111.0	260.0	202.0	150.0	172.0	169.0	163.0	159.0	233.0	172.0	163.0	164.0	179.0	246.0	233.0	206.0	1572.0	576.0	855.0	544.0	517.0
121	20160615 22:17:51.338	232.0	247.0	176.0	210.0	189.0	123.0	176.0	321.0	292.0	314.0	182.0	178.0	177.0	181.0	232.0	190.0	323.0	212.0	182.0	125.0	127.0	174.0	200.0	182.0	166.0	154.0	200.0	141.0	199.0	120.0	222.0	124.0	169.0	197.0	220.0	153.0	183.0	146.0	182.0	189.0	185.0	160.0	184.0	124.0	157.0	126.0	138.0	141.0	175.0	195.0	235.0	162.0	176.0	195.0	168.0	118.0	228.0	137.0	159.0	203.0	260.0	223.0	218.0	255.0	226.0	756.0	205.0
122	20160611 00:23:25.83	92.0	222.0	524.0	897.0	940.0	3880.0	15365.0	2396.0	5203.0	4127.0	5499.0	7009.0	6455.0	5816.0	1484.0	4428.0	3779.0	1198.0	1658.0	3717.0	3289.0	3933.0	3886.0	2816.0	2671.0	2791.0	2365.0	2448.0	831.0	2403.0	1022.0	2548.0	2183.0	1404.0	2166.0	2098.0	1997.0	2017.0	1388.0	1049.0	1643.0	1160.0	2116.0	1380.0	1685.0	1564.0	812.0	847.0	895.0	608.0	487.0	1380.0	604.0	777.0	1109.0	636.0	763.0	468.0	505.0	800.0	959.0	841.0	1170.0	814.0	1117.0	767.0	937.0
123	20160614 19:57:05.534	576.0	220.0	153.0	232.0	235.0	144.0	237.0	236.0	203.0	180.0	247.0	182.0	272.0	189.0	155.0	194.0	189.0	192.0	171.0	153.0	141.0	243.0	167.0	226.0	236.0	192.0	195.0	195.0	188.0	161.0	195.0	156.0	103.0	199.0	152.0	174.0	177.0	172.0	191.0	224.0	180.0	139.0	166.0	235.0	232.0	215.0	141.0	130.0	128.0	152.0	121.0	189.0	169.0	232.0	175.0	209.0	1563.0	378.0	396.0	123.0	196.0	185.0	173.0	217.0	248.0	230.0	146.0
124	20160614 19:57:05.534	564.0	219.0	159.0	167.0	231.0	166.0	172.0	235.0	131.0	124.0	163.0	155.0	156.0	182.0	170.0	197.0	283.0	195.0	244.0	195.0	189.0	301.0	141.0	159.0	190.0	173.0	178.0	172.0	159.0	174.0	219.0	205.0	146.0	145.0	175.0	190.0	174.0	152.0	174.0	167.0	184.0	145.0	210.0	172.0	180.0	211.0	182.0	155.0	229.0	188.0	187.0	224.0	123.0	241.0	191.0	215.0	2250.0	408.0	321.0	169.0	229.0	193.0	188.0	204.0	219.0	190.0	169.0
125	20160610 23:02:55.654	739.0	215.0	539.0	1015.0	1004.0	9531.0	15464.0	1229.0	3009.0	2271.0	1724.0	3671.0	3333.0	2826.0	951.0	2528.0	2297.0	770.0	1088.0	2147.0	1389.0	1332.0	2085.0	1231.0	1251.0	1461.0	1278.0	1261.0	726.0	1406.0	790.0	1390.0	1413.0	683.0	1313.0	1100.0	995.0	841.0	980.0	822.0	969.0	830.0	1252.0	575.0	990.0	949.0	617.0	524.0	923.0	644.0	480.0	746.0	560.0	782.0	714.0	379.0	528.0	652.0	499.0	568.0	743.0	655.0	716.0	515.0	656.0	414.0	775.0
126	20160616 08:29:53.326	942.0	206.0	148.0	231.0	306.0	284.0	322.0	255.0	232.0	269.0	282.0	348.0	357.0	391.0	234.0	291.0	305.0	179.0	326.0	327.0	291.0	322.0	301.0	281.0	264.0	366.0	362.0	309.0	214.0	369.0	220.0	295.0	326.0	246.0	347.0	376.0	299.0	301.0	233.0	215.0	325.0	228.0	294.0	269.0	258.0	317.0	207.0	257.0	286.0	222.0	211.0	298.0	306.0	320.0	279.0	291.0	231.0	270.0	195.0	271.0	262.0	317.0	373.0	263.0	340.0	303.0	925.0
127	20160614 19:57:05.534	1080.0	167.0	179.0	249.0	207.0	153.0	209.0	234.0	216.0	157.0	182.0	219.0	171.0	168.0	245.0	215.0	153.0	153.0	147.0	208.0	173.0	197.0	199.0	199.0	157.0	198.0	146.0	150.0	160.0	197.0	174.0	248.0	196.0	170.0	211.0	183.0	305.0	176.0	250.0	226.0	203.0	228.0	282.0	177.0	170.0	182.0	159.0	190.0	199.0	210.0	236.0	166.0	124.0	187.0	196.0	214.0	1348.0	407.0	365.0	291.0	232.0	259.0	212.0	202.0	269.0	216.0	140.0
128	20160615 15:09:14.328	1000.0	138.0	217.0	314.0	228.0	349.0	333.0	368.0	212.0	202.0	237.0	505.0	265.0	269.0	195.0	232.0	228.0	217.0	175.0	423.0	235.0	306.0	253.0	250.0	237.0	309.0	225.0	267.0	238.0	323.0	158.0	317.0	239.0	118.0	181.0	267.0	271.0	331.0	202.0	262.0	200.0	180.0	284.0	316.0	255.0	320.0	150.0	203.0	233.0	192.0	147.0	316.0	219.0	195.0	308.0	271.0	314.0	244.0	152.0	299.0	281.0	248.0	1316.0	454.0	716.0	343.0	502.0
129	20160615 15:09:14.328	990.0	137.0	214.0	298.0	330.0	399.0	367.0	249.0	263.0	306.0	294.0	388.0	418.0	351.0	225.0	309.0	263.0	328.0	280.0	353.0	296.0	421.0	443.0	340.0	378.0	393.0	307.0	326.0	206.0	475.0	254.0	331.0	312.0	278.0	342.0	412.0	342.0	256.0	199.0	230.0	332.0	270.0	362.0	303.0	363.0	357.0	219.0	256.0	207.0	251.0	161.0	275.0	143.0	222.0	237.0	202.0	304.0	155.0	173.0	215.0	195.0	179.0	1347.0	395.0	698.0	372.0	443.0
130	20160615 15:09:14.328	996.0	134.0	199.0	385.0	285.0	309.0	367.0	229.0	216.0	278.0	273.0	403.0	336.0	302.0	282.0	342.0	253.0	227.0	230.0	330.0	295.0	386.0	429.0	342.0	327.0	288.0	306.0	259.0	205.0	354.0	227.0	263.0	202.0	246.0	306.0	328.0	338.0	281.0	298.0	231.0	342.0	197.0	323.0	257.0	302.0	439.0	145.0	299.0	237.0	303.0	212.0	305.0	306.0	329.0	276.0	231.0	277.0	212.0	194.0	322.0	247.0	267.0	2136.0	490.0	849.0	350.0	783.0
131	20160615 15:09:14.328	67.0	131.0	263.0	374.0	358.0	300.0	498.0	237.0	246.0	254.0	307.0	385.0	421.0	332.0	252.0	334.0	251.0	146.0	189.0	389.0	254.0	233.0	319.0	297.0	268.0	301.0	318.0	244.0	174.0	319.0	204.0	293.0	248.0	234.0	236.0	328.0	336.0	284.0	231.0	180.0	306.0	204.0	319.0	241.0	308.0	242.0	207.0	267.0	200.0	257.0	185.0	265.0	206.0	227.0	328.0	252.0	205.0	190.0	239.0	364.0	237.0	238.0	1808.0	410.0	1052.0	265.0	1134.0
132	20160615 15:09:14.328	997.0	127.0	143.0	231.0	308.0	229.0	196.0	268.0	268.0	189.0	134.0	335.0	227.0	184.0	172.0	248.0	187.0	205.0	154.0	320.0	228.0	208.0	235.0	330.0	233.0	244.0	235.0	176.0	268.0	309.0	148.0	181.0	186.0	154.0	135.0	229.0	225.0	253.0	198.0	231.0	182.0	182.0	323.0	229.0	194.0	214.0	199.0	272.0	280.0	186.0	231.0	312.0	210.0	212.0	232.0	175.0	287.0	206.0	250.0	287.0	253.0	191.0	1116.0	480.0	632.0	360.0	372.0
133	20160615 15:09:14.328	1015.0	126.0	163.0	155.0	117.0	197.0	230.0	240.0	137.0	177.0	166.0	187.0	143.0	206.0	125.0	282.0	194.0	234.0	221.0	195.0	149.0	167.0	212.0	196.0	130.0	211.0	174.0	149.0	124.0	230.0	183.0	134.0	181.0	119.0	118.0	226.0	239.0	161.0	221.0	198.0	138.0	197.0	150.0	188.0	131.0	213.0	181.0	141.0	153.0	249.0	173.0	183.0	178.0	210.0	123.0	256.0	160.0	175.0	173.0	199.0	174.0	162.0	695.0	259.0	329.0	246.0	356.0
134	20160611 00:23:25.83	33.0	89.0	408.0	411.0	1015.0	2281.0	15176.0	2058.0	4511.0	3437.0	6923.0	7903.0	7691.0	6142.0	1488.0	5547.0	3508.0	1111.0	1361.0	4569.0	4372.0	3887.0	4379.0	2757.0	2531.0	3039.0	2463.0	2249.0	785.0	2774.0	955.0	2412.0	1891.0	1251.0	2025.0	2465.0	1832.0	1858.0	1110.0	853.0	1987.0	947.0	2056.0	1607.0	1852.0	1803.0	627.0	1098.0	866.0	554.0	550.0	1160.0	523.0	729.0	1395.0	752.0	1124.0	458.0	461.0	988.0	736.0	738.0	603.0	529.0	660.0	391.0	713.0
135	20160615 15:09:14.328	277.0	87.0	220.0	268.0	320.0	354.0	392.0	212.0	256.0	287.0	237.0	279.0	320.0	339.0	218.0	431.0	315.0	226.0	207.0	382.0	288.0	330.0	321.0	305.0	305.0	370.0	315.0	400.0	212.0	307.0	291.0	260.0	234.0	298.0	245.0	352.0	327.0	293.0	211.0	248.0	358.0	214.0	318.0	228.0	294.0	332.0	183.0	243.0	238.0	190.0	228.0	426.0	182.0	240.0	336.0	249.0	272.0	185.0	225.0	342.0	224.0	255.0	1786.0	381.0	1141.0	323.0	1120.0
136	20160615 15:09:14.328	41.0	44.0	0.0	233.0	356.0	343.0	310.0	0.0	279.0	238.0	328.0	0.0	0.0	0.0	0.0	0.0	0.0	0.0	0.0	0.0	0.0	293.0	296.0	242.0	289.0	370.0	293.0	320.0	169.0	364.0	216.0	317.0	267.0	213.0	269.0	343.0	360.0	282.0	221.0	268.0	334.0	0.0	0.0	0.0	0.0	343.0	174.0	263.0	189.0	239.0	259.0	358.0	231.0	233.0	321.0	186.0	211.0	248.0	258.0	265.0	269.0	288.0	2020.0	454.0	1172.0	308.0	1009.0
137	20160615 15:09:14.328	3.0	38.0	0.0	0.0	0.0	0.0	0.0	0.0	0.0	0.0	0.0	0.0	0.0	0.0	0.0	0.0	0.0	0.0	0.0	0.0	0.0	0.0	0.0	0.0	0.0	0.0	0.0	0.0	0.0	0.0	159.0	195.0	202.0	244.0	174.0	359.0	237.0	124.0	0.0	0.0	0.0	0.0	0.0	0.0	0.0	0.0	0.0	0.0	185.0	226.0	205.0	311.0	209.0	265.0	323.0	205.0	205.0	170.0	183.0	217.0	212.0	227.0	7220.0	1913.0	4609.0	1548.0	2552.0
