index	mortality	x	y	20141206 19:49:11.188	20141210 02:26:30.949	20141210 03:26:31.136	20141210 04:26:29.770	20141210 05:26:32.174	20141210 06:26:33.858	20141210 07:26:32.18	20141210 08:26:31.790	20141210 09:26:29.401	20141210 10:26:31.784	20141210 11:26:31.715	20141210 12:26:34.261	20141210 13:26:32.577	20141210 14:26:34.679	20141210 15:26:32.631	20141210 16:26:34.107	20141210 17:26:27.83	20141210 18:26:34.178	20141210 19:26:32.112	20141210 20:26:29.514	20141210 21:26:34.343	20141210 22:26:31.388	20141210 23:26:32.259	20141211 00:26:32.74	20141211 01:26:32.956	20141211 02:26:35.529	20141211 03:26:33.09	20141211 04:26:33.404	20141211 05:26:35.173	20141211 06:26:29.836	20141211 07:26:33.874	20141211 08:26:35.275	20141211 09:26:34.47	20141211 10:26:32.719	20141211 11:26:31.580	20141211 12:26:30.252	20141211 13:26:33.454	20141211 14:26:32.685	20141211 15:26:33.474	20141211 16:26:30.637	20141211 17:26:31.138	20141211 18:26:25.351	20141211 19:26:34.875	20141211 20:26:33.404	20141211 21:26:33.816	20141211 22:26:29.742	20141211 23:26:35.582	20141212 00:26:30.637	20141212 01:26:33.918	20141212 02:26:35.698	20141212 03:26:33.871	20141212 04:26:33.969	20141212 05:26:34.85
1	20141211 22:26:29.742	1195.0	729.0	140.0	250.0	257.0	206.0	202.0	170.0	179.0	176.0	152.0	244.0	204.0	199.0	155.0	159.0	185.0	182.0	246.0	210.0	206.0	164.0	200.0	244.0	210.0	290.0	283.0	184.0	196.0	186.0	162.0	313.0	147.0	190.0	158.0	236.0	175.0	161.0	185.0	216.0	123.0	190.0	218.0	216.0	222.0	230.0	290.0	548.0	306.0	190.0	251.0	283.0	162.0	219.0	167.0
2	20141211 22:26:29.742	1192.0	728.0	174.0	195.0	191.0	287.0	202.0	203.0	223.0	151.0	202.0	176.0	204.0	197.0	169.0	137.0	172.0	180.0	143.0	244.0	183.0	219.0	211.0	209.0	153.0	193.0	165.0	184.0	249.0	138.0	176.0	172.0	179.0	190.0	192.0	226.0	220.0	135.0	155.0	199.0	168.0	252.0	225.0	216.0	213.0	254.0	169.0	548.0	473.0	232.0	145.0	212.0	212.0	183.0	191.0
3	20141211 22:26:29.742	1189.0	728.0	170.0	243.0	293.0	271.0	191.0	176.0	223.0	306.0	202.0	176.0	151.0	202.0	220.0	228.0	278.0	184.0	226.0	244.0	248.0	202.0	290.0	262.0	127.0	259.0	190.0	239.0	249.0	138.0	171.0	232.0	166.0	156.0	225.0	226.0	294.0	142.0	298.0	219.0	235.0	252.0	212.0	236.0	242.0	206.0	155.0	355.0	531.0	238.0	307.0	212.0	121.0	190.0	191.0
4	20141211 23:26:35.582	1186.0	728.0	128.0	292.0	239.0	277.0	264.0	272.0	192.0	306.0	255.0	256.0	288.0	216.0	255.0	258.0	276.0	221.0	219.0	289.0	194.0	209.0	224.0	238.0	170.0	192.0	237.0	211.0	187.0	230.0	157.0	255.0	201.0	302.0	219.0	257.0	180.0	158.0	139.0	140.0	283.0	316.0	193.0	172.0	242.0	206.0	249.0	291.0	531.0	238.0	307.0	209.0	120.0	194.0	175.0
5	20141211 21:26:33.816	534.0	725.0	162.0	281.0	168.0	188.0	168.0	238.0	184.0	310.0	215.0	210.0	360.0	215.0	244.0	251.0	219.0	198.0	307.0	196.0	220.0	276.0	302.0	191.0	176.0	359.0	380.0	199.0	188.0	310.0	202.0	214.0	233.0	216.0	248.0	219.0	152.0	234.0	274.0	157.0	237.0	290.0	248.0	243.0	286.0	271.0	472.0	461.0	479.0	258.0	724.0	602.0	193.0	682.0	625.0
6	20141210 04:26:29.770	1188.0	725.0	106.0	189.0	293.0	357.0	157.0	200.0	158.0	190.0	255.0	311.0	244.0	237.0	203.0	228.0	278.0	184.0	211.0	220.0	236.0	186.0	290.0	262.0	149.0	259.0	198.0	278.0	188.0	170.0	190.0	194.0	181.0	256.0	217.0	257.0	294.0	142.0	298.0	141.0	283.0	234.0	163.0	236.0	242.0	297.0	171.0	291.0	507.0	205.0	231.0	203.0	159.0	190.0	140.0
7	20141211 23:26:35.582	1186.0	725.0	156.0	189.0	183.0	357.0	222.0	198.0	240.0	266.0	255.0	192.0	231.0	237.0	162.0	228.0	253.0	178.0	210.0	176.0	181.0	184.0	223.0	221.0	159.0	183.0	232.0	278.0	188.0	221.0	190.0	255.0	197.0	258.0	217.0	257.0	179.0	131.0	222.0	140.0	283.0	181.0	243.0	213.0	242.0	297.0	249.0	291.0	504.0	205.0	206.0	235.0	159.0	194.0	140.0
8	20141210 11:26:31.715	532.0	721.0	201.0	172.0	207.0	256.0	249.0	202.0	132.0	270.0	153.0	232.0	425.0	230.0	195.0	208.0	190.0	253.0	231.0	207.0	184.0	226.0	246.0	277.0	175.0	222.0	190.0	189.0	244.0	287.0	283.0	216.0	156.0	303.0	199.0	300.0	201.0	195.0	232.0	195.0	133.0	307.0	315.0	261.0	197.0	249.0	487.0	408.0	466.0	260.0	501.0	633.0	294.0	710.0	586.0
9	20141211 20:26:33.404	1236.0	721.0	144.0	234.0	162.0	250.0	166.0	243.0	236.0	212.0	162.0	264.0	285.0	214.0	184.0	226.0	198.0	259.0	278.0	194.0	208.0	213.0	200.0	267.0	166.0	262.0	171.0	239.0	172.0	247.0	271.0	220.0	157.0	247.0	212.0	209.0	209.0	140.0	185.0	218.0	202.0	168.0	253.0	208.0	207.0	356.0	468.0	239.0	154.0	161.0	153.0	177.0	195.0	233.0	273.0
10	20141211 21:26:33.816	1237.0	718.0	178.0	211.0	218.0	208.0	190.0	227.0	279.0	274.0	160.0	225.0	224.0	234.0	171.0	242.0	280.0	229.0	229.0	163.0	275.0	180.0	200.0	267.0	149.0	262.0	200.0	195.0	188.0	247.0	184.0	160.0	112.0	296.0	182.0	201.0	175.0	141.0	185.0	236.0	277.0	244.0	254.0	140.0	266.0	320.0	546.0	187.0	221.0	100.0	246.0	130.0	142.0	152.0	273.0
11	20141211 21:26:33.816	1234.0	718.0	155.0	266.0	161.0	202.0	162.0	215.0	254.0	226.0	156.0	241.0	232.0	214.0	163.0	251.0	280.0	184.0	186.0	265.0	275.0	174.0	200.0	205.0	190.0	211.0	182.0	220.0	188.0	195.0	219.0	317.0	168.0	205.0	147.0	184.0	192.0	204.0	182.0	174.0	277.0	162.0	153.0	182.0	207.0	269.0	521.0	236.0	221.0	205.0	246.0	211.0	164.0	196.0	192.0
12	20141212 01:26:33.918	1183.0	700.0	138.0	275.0	115.0	230.0	159.0	230.0	243.0	239.0	235.0	217.0	271.0	216.0	153.0	205.0	250.0	201.0	218.0	104.0	175.0	203.0	228.0	304.0	178.0	149.0	199.0	159.0	251.0	332.0	171.0	306.0	183.0	147.0	127.0	230.0	146.0	168.0	176.0	137.0	155.0	237.0	135.0	223.0	208.0	181.0	242.0	189.0	153.0	323.0	582.0	162.0	158.0	159.0	138.0
13	20141212 01:26:33.918	1179.0	698.0	145.0	205.0	194.0	225.0	199.0	178.0	291.0	212.0	207.0	141.0	118.0	260.0	240.0	256.0	101.0	186.0	226.0	174.0	271.0	212.0	139.0	202.0	147.0	140.0	144.0	247.0	171.0	167.0	165.0	292.0	188.0	274.0	166.0	210.0	163.0	188.0	294.0	192.0	189.0	214.0	197.0	144.0	190.0	181.0	170.0	216.0	270.0	223.0	553.0	159.0	164.0	202.0	158.0
14	20141210 10:26:31.784	100.0	697.0	208.0	239.0	101.0	212.0	271.0	200.0	189.0	257.0	189.0	305.0	244.0	343.0	110.0	198.0	195.0	256.0	235.0	213.0	252.0	249.0	205.0	189.0	333.0	211.0	400.0	239.0	283.0	172.0	121.0	197.0	215.0	158.0	362.0	203.0	168.0	140.0	181.0	240.0	208.0	284.0	302.0	115.0	235.0	258.0	470.0	424.0	414.0	289.0	398.0	495.0	250.0	446.0	348.0
15	20141212 01:26:33.918	1183.0	697.0	113.0	204.0	163.0	268.0	189.0	203.0	202.0	239.0	104.0	250.0	180.0	208.0	187.0	205.0	210.0	274.0	234.0	113.0	241.0	181.0	228.0	304.0	190.0	178.0	176.0	174.0	200.0	225.0	250.0	306.0	183.0	161.0	209.0	230.0	240.0	154.0	250.0	197.0	179.0	237.0	180.0	148.0	159.0	145.0	243.0	179.0	184.0	275.0	583.0	173.0	175.0	207.0	209.0
16	20141211 21:26:33.816	1250.0	692.0	123.0	240.0	192.0	274.0	279.0	287.0	264.0	256.0	211.0	239.0	320.0	227.0	126.0	216.0	287.0	209.0	164.0	181.0	301.0	240.0	186.0	279.0	181.0	217.0	249.0	171.0	259.0	172.0	125.0	290.0	205.0	198.0	307.0	247.0	148.0	344.0	263.0	200.0	311.0	211.0	222.0	337.0	264.0	342.0	582.0	301.0	207.0	173.0	240.0	196.0	182.0	209.0	235.0
17	20141212 01:26:33.918	1061.0	690.0	162.0	253.0	151.0	173.0	227.0	247.0	256.0	183.0	226.0	278.0	248.0	277.0	195.0	261.0	176.0	193.0	234.0	242.0	124.0	247.0	157.0	240.0	184.0	213.0	172.0	191.0	172.0	197.0	178.0	214.0	161.0	248.0	155.0	226.0	201.0	174.0	200.0	149.0	207.0	180.0	288.0	193.0	191.0	185.0	195.0	148.0	199.0	221.0	513.0	256.0	213.0	221.0	228.0
18	20141211 17:26:31.138	1059.0	689.0	143.0	172.0	179.0	213.0	227.0	328.0	162.0	311.0	226.0	278.0	248.0	273.0	162.0	214.0	266.0	193.0	234.0	242.0	201.0	247.0	215.0	240.0	236.0	196.0	261.0	137.0	288.0	188.0	168.0	214.0	134.0	248.0	262.0	219.0	125.0	212.0	200.0	258.0	217.0	177.0	288.0	173.0	224.0	185.0	195.0	219.0	243.0	145.0	445.0	256.0	213.0	187.0	311.0
19	20141212 02:26:35.698	1179.0	684.0	133.0	184.0	273.0	232.0	213.0	258.0	256.0	194.0	232.0	284.0	339.0	200.0	257.0	206.0	187.0	202.0	203.0	142.0	171.0	209.0	173.0	209.0	96.0	222.0	336.0	143.0	328.0	240.0	187.0	268.0	215.0	211.0	203.0	159.0	178.0	226.0	167.0	143.0	196.0	190.0	275.0	248.0	206.0	116.0	184.0	250.0	164.0	161.0	196.0	641.0	215.0	199.0	202.0
20	20141210 06:26:33.858	1061.0	687.0	143.0	253.0	207.0	307.0	227.0	328.0	365.0	298.0	226.0	278.0	239.0	277.0	162.0	226.0	225.0	244.0	234.0	216.0	171.0	225.0	215.0	213.0	236.0	255.0	210.0	255.0	288.0	257.0	168.0	220.0	161.0	215.0	243.0	234.0	172.0	155.0	200.0	149.0	217.0	239.0	213.0	233.0	205.0	185.0	195.0	173.0	244.0	227.0	484.0	258.0	202.0	261.0	311.0
21	20141211 10:26:32.719	1003.0	597.0	143.0	188.0	186.0	247.0	167.0	275.0	255.0	150.0	206.0	190.0	179.0	136.0	240.0	174.0	237.0	181.0	224.0	214.0	192.0	183.0	197.0	262.0	247.0	199.0	204.0	249.0	222.0	317.0	198.0	175.0	203.0	209.0	240.0	334.0	197.0	181.0	174.0	193.0	179.0	236.0	289.0	163.0	237.0	190.0	503.0	388.0	300.0	260.0	203.0	217.0	185.0	306.0	165.0
22	20141211 21:26:33.816	1001.0	597.0	142.0	159.0	186.0	247.0	200.0	270.0	282.0	267.0	206.0	200.0	257.0	157.0	240.0	174.0	237.0	181.0	234.0	225.0	142.0	198.0	197.0	262.0	247.0	199.0	204.0	249.0	184.0	317.0	216.0	227.0	203.0	188.0	218.0	247.0	220.0	229.0	187.0	141.0	151.0	236.0	230.0	189.0	168.0	232.0	503.0	379.0	378.0	218.0	203.0	217.0	177.0	306.0	126.0
23	20141211 04:26:33.404	1003.0	595.0	130.0	191.0	186.0	192.0	295.0	232.0	242.0	150.0	183.0	190.0	270.0	190.0	240.0	144.0	217.0	204.0	224.0	214.0	192.0	175.0	197.0	262.0	247.0	169.0	204.0	205.0	272.0	317.0	157.0	303.0	214.0	236.0	240.0	334.0	197.0	158.0	151.0	193.0	179.0	236.0	289.0	168.0	237.0	159.0	503.0	388.0	270.0	298.0	201.0	153.0	249.0	306.0	165.0
24	20141211 04:26:33.404	1001.0	595.0	128.0	191.0	222.0	191.0	295.0	270.0	282.0	267.0	174.0	200.0	180.0	217.0	240.0	151.0	213.0	204.0	185.0	225.0	169.0	194.0	197.0	262.0	247.0	131.0	204.0	168.0	272.0	317.0	234.0	229.0	203.0	236.0	212.0	214.0	197.0	229.0	317.0	170.0	155.0	236.0	184.0	168.0	177.0	232.0	503.0	379.0	270.0	185.0	201.0	162.0	249.0	306.0	155.0
25	20141211 23:26:35.582	449.0	570.0	176.0	212.0	255.0	320.0	244.0	187.0	312.0	297.0	260.0	236.0	208.0	264.0	191.0	285.0	198.0	156.0	360.0	184.0	330.0	235.0	173.0	226.0	183.0	421.0	167.0	274.0	198.0	311.0	335.0	254.0	188.0	225.0	233.0	301.0	213.0	97.0	259.0	166.0	227.0	208.0	301.0	279.0	349.0	228.0	269.0	303.0	521.0	217.0	651.0	256.0	217.0	432.0	225.0
26	20141211 23:26:35.582	452.0	569.0	176.0	198.0	194.0	385.0	178.0	181.0	293.0	167.0	212.0	179.0	226.0	203.0	162.0	285.0	191.0	278.0	177.0	228.0	243.0	235.0	155.0	262.0	199.0	247.0	229.0	220.0	160.0	351.0	332.0	254.0	224.0	383.0	161.0	330.0	169.0	274.0	366.0	198.0	257.0	168.0	279.0	224.0	258.0	309.0	272.0	360.0	679.0	242.0	447.0	268.0	206.0	265.0	225.0
27	20141211 23:26:35.582	446.0	569.0	170.0	262.0	160.0	285.0	244.0	199.0	431.0	128.0	212.0	197.0	244.0	230.0	112.0	262.0	198.0	185.0	160.0	242.0	182.0	224.0	230.0	328.0	162.0	202.0	220.0	218.0	198.0	155.0	225.0	325.0	196.0	227.0	246.0	252.0	181.0	163.0	298.0	306.0	227.0	220.0	186.0	226.0	273.0	191.0	234.0	303.0	346.0	217.0	453.0	555.0	234.0	535.0	213.0
28	20141210 22:26:31.388	444.0	568.0	145.0	262.0	223.0	218.0	144.0	124.0	431.0	146.0	212.0	172.0	182.0	267.0	248.0	262.0	192.0	198.0	195.0	242.0	280.0	123.0	271.0	328.0	177.0	223.0	230.0	203.0	198.0	281.0	181.0	325.0	324.0	187.0	321.0	187.0	170.0	267.0	221.0	306.0	197.0	235.0	212.0	226.0	355.0	250.0	362.0	285.0	303.0	217.0	361.0	496.0	249.0	493.0	213.0
29	20141211 16:26:30.637	1086.0	567.0	140.0	262.0	268.0	273.0	192.0	237.0	282.0	188.0	209.0	246.0	234.0	262.0	195.0	174.0	226.0	194.0	232.0	161.0	216.0	175.0	334.0	179.0	260.0	231.0	245.0	295.0	247.0	236.0	235.0	257.0	166.0	303.0	215.0	221.0	262.0	190.0	149.0	131.0	181.0	315.0	222.0	197.0	284.0	282.0	252.0	188.0	343.0	238.0	234.0	487.0	261.0	173.0	216.0
30	20141211 23:26:35.582	1084.0	567.0	169.0	262.0	268.0	273.0	235.0	245.0	282.0	188.0	209.0	261.0	212.0	321.0	247.0	174.0	161.0	173.0	252.0	188.0	199.0	231.0	227.0	307.0	260.0	185.0	261.0	283.0	223.0	310.0	290.0	257.0	204.0	303.0	169.0	257.0	201.0	198.0	152.0	196.0	148.0	261.0	222.0	211.0	208.0	182.0	154.0	188.0	343.0	238.0	234.0	487.0	218.0	130.0	227.0
31	20141211 22:26:29.742	452.0	567.0	147.0	208.0	178.0	385.0	244.0	181.0	293.0	203.0	212.0	194.0	188.0	351.0	218.0	285.0	265.0	278.0	183.0	187.0	299.0	167.0	237.0	286.0	175.0	234.0	227.0	212.0	160.0	282.0	332.0	193.0	254.0	170.0	156.0	349.0	162.0	274.0	366.0	267.0	257.0	168.0	279.0	224.0	273.0	255.0	272.0	692.0	679.0	257.0	318.0	224.0	206.0	165.0	284.0
32	20141211 22:26:29.742	450.0	566.0	122.0	287.0	264.0	385.0	265.0	175.0	258.0	271.0	195.0	194.0	335.0	325.0	156.0	280.0	315.0	278.0	183.0	229.0	285.0	187.0	241.0	286.0	224.0	254.0	187.0	227.0	254.0	203.0	189.0	186.0	254.0	246.0	213.0	349.0	126.0	274.0	243.0	267.0	225.0	203.0	279.0	290.0	236.0	210.0	250.0	713.0	679.0	238.0	501.0	421.0	197.0	440.0	181.0
33	20141211 22:26:29.742	448.0	566.0	187.0	287.0	264.0	229.0	265.0	254.0	258.0	232.0	247.0	188.0	335.0	265.0	178.0	184.0	315.0	185.0	156.0	229.0	285.0	251.0	241.0	187.0	224.0	254.0	251.0	227.0	254.0	155.0	279.0	260.0	290.0	246.0	213.0	206.0	126.0	167.0	185.0	200.0	132.0	203.0	154.0	290.0	286.0	203.0	212.0	528.0	449.0	212.0	501.0	555.0	209.0	483.0	183.0
34	20141211 22:26:29.742	446.0	566.0	187.0	246.0	217.0	253.0	144.0	255.0	255.0	232.0	247.0	188.0	244.0	247.0	181.0	184.0	303.0	198.0	156.0	256.0	182.0	251.0	271.0	328.0	182.0	201.0	251.0	178.0	181.0	200.0	279.0	260.0	290.0	195.0	132.0	338.0	114.0	204.0	182.0	210.0	164.0	220.0	212.0	287.0	286.0	203.0	212.0	445.0	316.0	212.0	320.0	555.0	209.0	493.0	213.0
35	20141211 19:26:34.875	444.0	566.0	145.0	311.0	223.0	253.0	270.0	255.0	255.0	226.0	212.0	158.0	302.0	247.0	215.0	175.0	265.0	198.0	195.0	256.0	280.0	206.0	274.0	328.0	207.0	237.0	230.0	287.0	181.0	281.0	210.0	242.0	242.0	171.0	143.0	338.0	114.0	267.0	212.0	270.0	197.0	235.0	212.0	287.0	337.0	250.0	410.0	265.0	316.0	228.0	320.0	496.0	201.0	493.0	235.0
36	20141212 02:26:35.698	1086.0	565.0	248.0	262.0	207.0	273.0	260.0	237.0	241.0	188.0	225.0	180.0	286.0	262.0	195.0	315.0	183.0	194.0	232.0	174.0	216.0	221.0	334.0	179.0	260.0	240.0	245.0	295.0	247.0	377.0	235.0	193.0	166.0	303.0	188.0	208.0	262.0	161.0	179.0	175.0	202.0	261.0	234.0	197.0	182.0	282.0	189.0	180.0	220.0	238.0	234.0	487.0	190.0	183.0	302.0
37	20141212 02:26:35.698	1084.0	565.0	248.0	262.0	207.0	273.0	235.0	169.0	214.0	188.0	209.0	261.0	286.0	321.0	195.0	315.0	231.0	186.0	293.0	188.0	165.0	393.0	214.0	307.0	260.0	240.0	224.0	242.0	166.0	377.0	290.0	183.0	166.0	303.0	150.0	257.0	172.0	179.0	149.0	196.0	198.0	261.0	289.0	200.0	161.0	226.0	196.0	134.0	133.0	238.0	234.0	487.0	218.0	151.0	302.0
38	20141211 21:26:33.816	452.0	564.0	194.0	212.0	262.0	299.0	244.0	196.0	336.0	271.0	200.0	271.0	287.0	351.0	218.0	224.0	265.0	185.0	256.0	313.0	233.0	181.0	237.0	286.0	175.0	234.0	255.0	212.0	154.0	297.0	197.0	308.0	91.0	265.0	232.0	211.0	372.0	291.0	344.0	159.0	225.0	173.0	280.0	220.0	301.0	367.0	432.0	713.0	343.0	257.0	236.0	215.0	197.0	145.0	284.0
39	20141211 22:26:29.742	450.0	564.0	177.0	287.0	264.0	247.0	164.0	155.0	258.0	271.0	195.0	204.0	335.0	265.0	171.0	187.0	315.0	185.0	218.0	250.0	171.0	301.0	237.0	323.0	140.0	173.0	255.0	227.0	153.0	278.0	189.0	231.0	166.0	246.0	199.0	211.0	372.0	291.0	168.0	178.0	225.0	203.0	280.0	211.0	374.0	235.0	285.0	713.0	401.0	201.0	236.0	327.0	197.0	249.0	178.0
40	20141212 05:26:34.85	1059.0	462.0	119.0	270.0	251.0	284.0	139.0	165.0	320.0	172.0	207.0	255.0	237.0	182.0	128.0	184.0	226.0	247.0	222.0	182.0	149.0	195.0	134.0	232.0	233.0	189.0	220.0	200.0	150.0	340.0	279.0	231.0	213.0	190.0	183.0	240.0	215.0	189.0	188.0	226.0	159.0	234.0	204.0	278.0	237.0	262.0	196.0	256.0	310.0	168.0	295.0	301.0	177.0	248.0	609.0
41	20141212 05:26:34.85	1062.0	463.0	162.0	256.0	251.0	204.0	286.0	149.0	333.0	225.0	211.0	244.0	172.0	387.0	263.0	264.0	193.0	140.0	206.0	255.0	215.0	112.0	205.0	302.0	233.0	226.0	220.0	158.0	242.0	309.0	244.0	213.0	126.0	290.0	131.0	235.0	194.0	272.0	206.0	207.0	221.0	277.0	237.0	150.0	237.0	233.0	196.0	191.0	310.0	129.0	189.0	222.0	242.0	304.0	691.0
42	20141210 17:26:27.83	1064.0	461.0	151.0	250.0	245.0	216.0	268.0	133.0	322.0	246.0	255.0	244.0	250.0	265.0	198.0	124.0	270.0	201.0	485.0	293.0	195.0	231.0	253.0	210.0	179.0	161.0	200.0	170.0	157.0	261.0	181.0	249.0	161.0	204.0	175.0	204.0	227.0	163.0	274.0	182.0	221.0	240.0	131.0	203.0	231.0	233.0	219.0	236.0	193.0	164.0	170.0	222.0	250.0	304.0	539.0
43	20141212 05:26:34.85	1063.0	459.0	151.0	250.0	222.0	216.0	234.0	140.0	322.0	246.0	255.0	202.0	190.0	180.0	144.0	139.0	270.0	302.0	485.0	293.0	353.0	368.0	253.0	210.0	179.0	146.0	234.0	170.0	157.0	214.0	128.0	251.0	120.0	191.0	248.0	139.0	190.0	208.0	238.0	130.0	203.0	167.0	133.0	203.0	226.0	286.0	219.0	266.0	168.0	190.0	178.0	157.0	259.0	235.0	531.0
44	20141211 18:26:25.351	1310.0	454.0	149.0	256.0	316.0	267.0	189.0	186.0	289.0	231.0	191.0	294.0	125.0	203.0	260.0	279.0	220.0	220.0	272.0	187.0	124.0	244.0	177.0	229.0	171.0	209.0	207.0	167.0	179.0	293.0	275.0	205.0	158.0	204.0	181.0	258.0	128.0	144.0	241.0	209.0	234.0	415.0	335.0	606.0	729.0	595.0	805.0	640.0	879.0	358.0	238.0	125.0	165.0	177.0	154.0
45	20141211 18:26:25.351	1308.0	449.0	192.0	254.0	235.0	222.0	211.0	242.0	286.0	358.0	341.0	264.0	287.0	210.0	149.0	204.0	234.0	283.0	165.0	240.0	201.0	186.0	199.0	314.0	174.0	226.0	210.0	171.0	216.0	281.0	229.0	195.0	128.0	189.0	214.0	405.0	174.0	236.0	197.0	217.0	211.0	348.0	328.0	563.0	384.0	488.0	857.0	529.0	408.0	216.0	256.0	182.0	159.0	321.0	248.0
46	20141211 02:26:35.529	536.0	445.0	144.0	183.0	333.0	240.0	425.0	293.0	313.0	281.0	182.0	257.0	271.0	307.0	247.0	279.0	239.0	278.0	199.0	268.0	231.0	313.0	267.0	324.0	228.0	230.0	270.0	496.0	380.0	173.0	451.0	392.0	267.0	356.0	382.0	466.0	400.0	340.0	781.0	361.0	336.0	364.0	613.0	431.0	409.0	398.0	382.0	276.0	243.0	508.0	268.0	297.0	578.0	515.0	467.0
47	20141210 11:26:31.715	538.0	442.0	125.0	267.0	161.0	331.0	355.0	255.0	307.0	214.0	387.0	313.0	456.0	307.0	228.0	338.0	252.0	368.0	258.0	217.0	253.0	335.0	260.0	194.0	286.0	266.0	351.0	260.0	258.0	329.0	397.0	477.0	454.0	355.0	298.0	505.0	400.0	565.0	767.0	458.0	386.0	472.0	458.0	478.0	358.0	452.0	334.0	325.0	354.0	456.0	601.0	628.0	455.0	664.0	631.0
48	20141210 11:26:31.715	536.0	440.0	106.0	296.0	204.0	332.0	294.0	348.0	308.0	155.0	239.0	219.0	456.0	388.0	190.0	341.0	229.0	290.0	283.0	329.0	332.0	249.0	330.0	212.0	299.0	314.0	349.0	311.0	178.0	308.0	475.0	353.0	454.0	447.0	408.0	419.0	425.0	565.0	644.0	421.0	396.0	520.0	524.0	424.0	426.0	427.0	403.0	368.0	393.0	456.0	495.0	715.0	510.0	595.0	542.0
49	20141211 15:26:33.474	1267.0	421.0	234.0	310.0	158.0	223.0	207.0	192.0	330.0	170.0	164.0	254.0	232.0	307.0	230.0	225.0	258.0	209.0	283.0	206.0	336.0	229.0	178.0	366.0	222.0	161.0	274.0	338.0	318.0	234.0	159.0	316.0	176.0	215.0	224.0	95.0	164.0	101.0	165.0	156.0	631.0	188.0	290.0	342.0	309.0	174.0	189.0	217.0	177.0	169.0	185.0	206.0	181.0	348.0	234.0
50	20141211 15:26:33.474	1267.0	419.0	234.0	310.0	132.0	255.0	286.0	192.0	265.0	185.0	164.0	274.0	232.0	163.0	230.0	225.0	258.0	210.0	229.0	187.0	336.0	162.0	169.0	256.0	179.0	233.0	228.0	224.0	318.0	234.0	214.0	256.0	194.0	215.0	245.0	222.0	232.0	162.0	250.0	227.0	631.0	188.0	290.0	432.0	335.0	146.0	160.0	217.0	164.0	169.0	229.0	212.0	193.0	283.0	234.0
51	20141211 18:26:25.351	1298.0	416.0	128.0	350.0	166.0	311.0	236.0	224.0	294.0	308.0	217.0	238.0	266.0	231.0	202.0	295.0	196.0	281.0	258.0	172.0	313.0	287.0	302.0	198.0	214.0	336.0	422.0	237.0	212.0	253.0	250.0	242.0	207.0	179.0	259.0	258.0	278.0	222.0	249.0	282.0	178.0	232.0	231.0	774.0	377.0	338.0	311.0	239.0	187.0	255.0	410.0	223.0	159.0	257.0	274.0
52	20141211 18:26:25.351	1295.0	416.0	161.0	280.0	172.0	311.0	236.0	270.0	231.0	313.0	175.0	238.0	412.0	192.0	105.0	388.0	354.0	243.0	221.0	322.0	221.0	330.0	235.0	198.0	288.0	271.0	308.0	272.0	182.0	265.0	253.0	360.0	189.0	243.0	169.0	280.0	278.0	292.0	240.0	289.0	178.0	175.0	245.0	774.0	551.0	363.0	255.0	207.0	215.0	153.0	264.0	358.0	192.0	222.0	324.0
53	20141211 18:26:25.351	1293.0	416.0	161.0	335.0	184.0	232.0	177.0	270.0	231.0	304.0	165.0	256.0	412.0	314.0	186.0	388.0	354.0	313.0	134.0	322.0	143.0	330.0	235.0	181.0	288.0	258.0	308.0	272.0	247.0	142.0	253.0	360.0	138.0	243.0	114.0	280.0	260.0	292.0	260.0	289.0	147.0	188.0	265.0	753.0	551.0	363.0	216.0	225.0	231.0	131.0	255.0	358.0	185.0	220.0	324.0
54	20141211 18:26:25.351	1291.0	416.0	144.0	335.0	249.0	232.0	251.0	181.0	188.0	304.0	193.0	256.0	237.0	314.0	186.0	276.0	133.0	313.0	199.0	200.0	143.0	218.0	245.0	185.0	337.0	264.0	253.0	321.0	413.0	344.0	193.0	297.0	193.0	226.0	200.0	157.0	229.0	232.0	321.0	206.0	161.0	224.0	265.0	696.0	441.0	252.0	216.0	247.0	231.0	132.0	304.0	206.0	185.0	228.0	193.0
55	20141211 18:26:25.351	1289.0	415.0	175.0	224.0	249.0	277.0	251.0	177.0	175.0	155.0	249.0	173.0	216.0	213.0	138.0	139.0	133.0	195.0	270.0	223.0	221.0	323.0	245.0	241.0	337.0	264.0	239.0	273.0	358.0	257.0	217.0	297.0	241.0	258.0	206.0	239.0	229.0	212.0	321.0	174.0	162.0	212.0	222.0	878.0	441.0	309.0	215.0	328.0	190.0	166.0	304.0	203.0	152.0	256.0	193.0
56	20141211 18:26:25.351	1297.0	413.0	158.0	434.0	261.0	348.0	213.0	231.0	208.0	293.0	276.0	238.0	233.0	254.0	162.0	297.0	189.0	400.0	274.0	298.0	166.0	290.0	303.0	233.0	167.0	191.0	214.0	225.0	291.0	223.0	217.0	339.0	185.0	260.0	231.0	316.0	284.0	260.0	231.0	226.0	206.0	313.0	277.0	774.0	461.0	478.0	215.0	231.0	133.0	255.0	231.0	189.0	255.0	116.0	255.0
57	20141211 18:26:25.351	1295.0	413.0	161.0	185.0	212.0	273.0	292.0	163.0	231.0	293.0	276.0	238.0	214.0	254.0	164.0	297.0	354.0	400.0	309.0	298.0	166.0	330.0	303.0	233.0	212.0	251.0	308.0	272.0	283.0	318.0	191.0	367.0	184.0	192.0	231.0	280.0	278.0	260.0	211.0	226.0	206.0	203.0	277.0	1021.0	469.0	478.0	215.0	207.0	204.0	225.0	197.0	257.0	255.0	116.0	255.0
58	20141211 18:26:25.351	1293.0	413.0	161.0	169.0	207.0	222.0	292.0	229.0	231.0	218.0	205.0	202.0	327.0	327.0	166.0	348.0	354.0	243.0	309.0	222.0	288.0	330.0	179.0	195.0	233.0	251.0	308.0	272.0	338.0	318.0	245.0	367.0	184.0	218.0	135.0	280.0	301.0	140.0	127.0	218.0	173.0	245.0	265.0	1021.0	469.0	379.0	253.0	231.0	214.0	147.0	197.0	279.0	166.0	228.0	204.0
59	20141211 18:26:25.351	1281.0	414.0	185.0	146.0	214.0	274.0	215.0	235.0	210.0	295.0	217.0	214.0	326.0	249.0	268.0	185.0	157.0	271.0	198.0	207.0	279.0	145.0	135.0	181.0	239.0	216.0	253.0	233.0	253.0	366.0	242.0	317.0	169.0	241.0	180.0	196.0	155.0	262.0	191.0	247.0	209.0	274.0	249.0	685.0	515.0	442.0	287.0	304.0	239.0	158.0	160.0	219.0	212.0	228.0	205.0
60	20141211 18:26:25.351	1279.0	414.0	185.0	364.0	257.0	274.0	266.0	194.0	219.0	155.0	217.0	214.0	239.0	269.0	268.0	185.0	171.0	271.0	283.0	207.0	279.0	171.0	144.0	264.0	251.0	217.0	261.0	273.0	238.0	341.0	300.0	317.0	169.0	241.0	200.0	275.0	155.0	136.0	143.0	247.0	209.0	274.0	138.0	685.0	515.0	442.0	200.0	304.0	239.0	184.0	211.0	219.0	203.0	223.0	185.0
61	20141211 18:26:25.351	1277.0	414.0	164.0	364.0	257.0	251.0	266.0	194.0	219.0	184.0	191.0	214.0	239.0	269.0	236.0	169.0	171.0	182.0	283.0	236.0	262.0	301.0	307.0	264.0	251.0	233.0	261.0	303.0	234.0	223.0	316.0	427.0	200.0	223.0	200.0	275.0	160.0	192.0	161.0	227.0	191.0	275.0	234.0	606.0	354.0	474.0	235.0	222.0	174.0	184.0	261.0	214.0	198.0	193.0	150.0
62	20141211 18:26:25.351	1274.0	413.0	169.0	260.0	163.0	207.0	207.0	247.0	280.0	295.0	167.0	214.0	224.0	252.0	177.0	298.0	387.0	314.0	295.0	226.0	130.0	301.0	271.0	276.0	255.0	289.0	231.0	228.0	210.0	276.0	206.0	375.0	193.0	280.0	288.0	248.0	186.0	181.0	277.0	200.0	194.0	282.0	215.0	767.0	358.0	317.0	235.0	161.0	174.0	183.0	292.0	279.0	214.0	269.0	150.0
63	20141211 18:26:25.351	1291.0	413.0	175.0	223.0	184.0	277.0	270.0	290.0	223.0	239.0	205.0	146.0	327.0	327.0	199.0	348.0	273.0	203.0	210.0	223.0	288.0	179.0	209.0	165.0	295.0	131.0	253.0	242.0	342.0	177.0	245.0	276.0	138.0	258.0	215.0	168.0	301.0	212.0	118.0	250.0	94.0	245.0	292.0	890.0	441.0	349.0	253.0	301.0	214.0	132.0	197.0	279.0	166.0	228.0	302.0
64	20141211 18:26:25.351	1281.0	412.0	142.0	232.0	178.0	259.0	253.0	251.0	155.0	295.0	217.0	214.0	238.0	258.0	259.0	195.0	157.0	271.0	210.0	207.0	201.0	141.0	164.0	275.0	245.0	216.0	253.0	213.0	238.0	366.0	167.0	326.0	149.0	319.0	180.0	287.0	177.0	181.0	237.0	247.0	209.0	247.0	138.0	685.0	515.0	442.0	287.0	218.0	239.0	219.0	179.0	219.0	212.0	223.0	205.0
65	20141211 18:26:25.351	1279.0	412.0	164.0	371.0	257.0	251.0	335.0	251.0	208.0	239.0	217.0	343.0	505.0	241.0	259.0	254.0	161.0	271.0	210.0	207.0	152.0	215.0	144.0	275.0	251.0	220.0	261.0	273.0	265.0	206.0	324.0	326.0	179.0	319.0	276.0	287.0	155.0	244.0	150.0	247.0	209.0	247.0	271.0	685.0	515.0	442.0	204.0	160.0	239.0	184.0	200.0	219.0	203.0	223.0	185.0
66	20141211 06:26:29.836	1277.0	412.0	164.0	371.0	257.0	280.0	335.0	200.0	280.0	239.0	193.0	343.0	505.0	252.0	218.0	254.0	161.0	277.0	175.0	206.0	107.0	301.0	226.0	246.0	251.0	233.0	261.0	273.0	265.0	258.0	324.0	427.0	200.0	203.0	276.0	115.0	282.0	244.0	150.0	200.0	259.0	275.0	271.0	590.0	354.0	474.0	235.0	223.0	174.0	184.0	316.0	217.0	156.0	193.0	165.0
67	20141211 19:26:34.875	1298.0	402.0	188.0	235.0	178.0	289.0	320.0	281.0	290.0	230.0	175.0	321.0	201.0	319.0	170.0	361.0	284.0	274.0	215.0	160.0	299.0	193.0	165.0	142.0	160.0	312.0	247.0	311.0	164.0	271.0	198.0	165.0	152.0	211.0	134.0	207.0	199.0	160.0	212.0	157.0	181.0	260.0	252.0	276.0	1090.0	334.0	529.0	180.0	233.0	145.0	300.0	225.0	281.0	231.0	262.0
68	20141211 19:26:34.875	1296.0	402.0	135.0	235.0	178.0	289.0	320.0	168.0	290.0	242.0	171.0	321.0	171.0	289.0	181.0	329.0	284.0	274.0	216.0	136.0	155.0	244.0	162.0	301.0	186.0	234.0	144.0	311.0	116.0	340.0	194.0	184.0	114.0	325.0	244.0	207.0	231.0	156.0	212.0	171.0	153.0	150.0	313.0	276.0	946.0	337.0	409.0	235.0	209.0	162.0	300.0	200.0	281.0	248.0	319.0
69	20141211 19:26:34.875	1294.0	402.0	135.0	302.0	276.0	249.0	322.0	168.0	336.0	319.0	443.0	279.0	231.0	289.0	181.0	329.0	163.0	175.0	331.0	156.0	169.0	244.0	174.0	301.0	186.0	234.0	335.0	143.0	221.0	489.0	291.0	198.0	164.0	325.0	244.0	205.0	231.0	253.0	281.0	171.0	226.0	196.0	313.0	263.0	941.0	337.0	409.0	235.0	254.0	185.0	144.0	200.0	163.0	248.0	319.0
70	20141211 04:26:33.404	1291.0	402.0	121.0	319.0	276.0	249.0	322.0	343.0	294.0	326.0	443.0	315.0	214.0	221.0	310.0	233.0	339.0	260.0	331.0	190.0	209.0	240.0	210.0	186.0	164.0	180.0	335.0	165.0	261.0	605.0	291.0	318.0	386.0	287.0	196.0	207.0	291.0	271.0	254.0	310.0	226.0	199.0	322.0	319.0	800.0	418.0	510.0	207.0	260.0	185.0	308.0	176.0	163.0	200.0	197.0
71	20141211 04:26:33.404	1288.0	402.0	102.0	218.0	169.0	237.0	222.0	343.0	233.0	199.0	228.0	221.0	260.0	264.0	310.0	263.0	339.0	251.0	248.0	182.0	333.0	245.0	228.0	147.0	153.0	187.0	199.0	156.0	291.0	605.0	468.0	260.0	468.0	207.0	215.0	172.0	183.0	211.0	231.0	310.0	111.0	191.0	343.0	294.0	779.0	349.0	997.0	199.0	235.0	226.0	256.0	239.0	253.0	240.0	218.0
72	20141211 19:26:34.875	1283.0	401.0	173.0	206.0	203.0	380.0	260.0	287.0	250.0	283.0	139.0	289.0	337.0	331.0	204.0	232.0	207.0	218.0	281.0	197.0	190.0	177.0	167.0	280.0	180.0	213.0	191.0	290.0	209.0	307.0	452.0	360.0	321.0	224.0	196.0	249.0	185.0	212.0	252.0	232.0	217.0	281.0	331.0	307.0	868.0	290.0	1116.0	230.0	304.0	263.0	212.0	217.0	205.0	272.0	217.0
73	20141211 19:26:34.875	1298.0	399.0	152.0	336.0	252.0	209.0	175.0	229.0	256.0	161.0	153.0	292.0	195.0	299.0	178.0	361.0	200.0	166.0	243.0	215.0	299.0	193.0	266.0	149.0	159.0	195.0	229.0	311.0	263.0	261.0	266.0	259.0	264.0	165.0	190.0	267.0	159.0	231.0	222.0	216.0	185.0	344.0	385.0	356.0	1106.0	414.0	616.0	387.0	282.0	158.0	188.0	291.0	289.0	231.0	262.0
74	20141211 19:26:34.875	1296.0	399.0	135.0	262.0	252.0	186.0	315.0	252.0	270.0	240.0	355.0	297.0	195.0	300.0	170.0	358.0	256.0	166.0	147.0	215.0	212.0	247.0	200.0	184.0	149.0	306.0	221.0	311.0	263.0	306.0	245.0	273.0	222.0	248.0	190.0	186.0	159.0	222.0	222.0	214.0	185.0	344.0	299.0	356.0	1106.0	368.0	499.0	387.0	280.0	170.0	267.0	291.0	289.0	231.0	319.0
75	20141211 19:26:34.875	1294.0	400.0	178.0	262.0	276.0	249.0	322.0	317.0	270.0	319.0	443.0	279.0	231.0	300.0	130.0	358.0	178.0	200.0	331.0	211.0	155.0	247.0	216.0	184.0	186.0	234.0	221.0	131.0	221.0	489.0	291.0	273.0	278.0	248.0	196.0	182.0	205.0	253.0	180.0	214.0	226.0	218.0	299.0	263.0	980.0	353.0	409.0	235.0	297.0	223.0	267.0	226.0	227.0	248.0	319.0
76	20141211 04:26:33.404	1291.0	400.0	121.0	323.0	276.0	249.0	322.0	343.0	366.0	326.0	443.0	237.0	214.0	204.0	310.0	225.0	339.0	260.0	331.0	194.0	217.0	191.0	216.0	186.0	139.0	184.0	253.0	197.0	188.0	605.0	291.0	224.0	386.0	287.0	196.0	371.0	291.0	253.0	188.0	310.0	226.0	272.0	222.0	352.0	980.0	371.0	510.0	377.0	272.0	194.0	308.0	298.0	140.0	243.0	197.0
77	20141211 04:26:33.404	1289.0	400.0	121.0	323.0	143.0	203.0	180.0	343.0	218.0	192.0	228.0	221.0	219.0	202.0	310.0	263.0	339.0	272.0	248.0	253.0	217.0	267.0	250.0	147.0	190.0	154.0	199.0	214.0	192.0	605.0	468.0	224.0	386.0	287.0	137.0	371.0	227.0	190.0	231.0	310.0	167.0	335.0	252.0	283.0	872.0	371.0	997.0	377.0	272.0	172.0	141.0	200.0	253.0	214.0	163.0
78	20141211 19:26:34.875	1286.0	398.0	130.0	263.0	148.0	216.0	165.0	192.0	293.0	395.0	217.0	234.0	273.0	212.0	249.0	255.0	216.0	205.0	197.0	253.0	242.0	329.0	330.0	306.0	190.0	218.0	188.0	243.0	222.0	337.0	366.0	323.0	291.0	321.0	225.0	220.0	196.0	222.0	217.0	268.0	184.0	381.0	262.0	345.0	868.0	596.0	1116.0	784.0	183.0	251.0	187.0	228.0	243.0	169.0	185.0
79	20141211 19:26:34.875	1283.0	399.0	173.0	177.0	242.0	380.0	236.0	287.0	250.0	268.0	169.0	234.0	337.0	331.0	151.0	232.0	259.0	214.0	281.0	197.0	242.0	198.0	276.0	280.0	175.0	214.0	191.0	246.0	209.0	307.0	388.0	316.0	260.0	224.0	196.0	323.0	141.0	139.0	214.0	232.0	217.0	381.0	333.0	307.0	868.0	281.0	1116.0	230.0	207.0	263.0	297.0	140.0	243.0	272.0	217.0
80	20141211 19:26:34.875	1281.0	398.0	173.0	147.0	242.0	380.0	180.0	312.0	174.0	175.0	169.0	224.0	337.0	304.0	240.0	199.0	259.0	214.0	168.0	246.0	235.0	198.0	192.0	276.0	175.0	147.0	238.0	189.0	252.0	187.0	388.0	239.0	212.0	226.0	196.0	323.0	156.0	227.0	226.0	192.0	217.0	268.0	345.0	248.0	701.0	423.0	717.0	269.0	143.0	263.0	297.0	294.0	213.0	281.0	157.0
81	20141211 19:26:34.875	1287.0	395.0	190.0	231.0	254.0	354.0	329.0	244.0	293.0	395.0	294.0	234.0	272.0	322.0	249.0	235.0	222.0	222.0	198.0	165.0	253.0	266.0	313.0	306.0	203.0	182.0	206.0	243.0	336.0	291.0	320.0	231.0	233.0	231.0	253.0	262.0	276.0	191.0	217.0	208.0	271.0	287.0	304.0	312.0	732.0	738.0	559.0	1089.0	562.0	210.0	209.0	341.0	204.0	159.0	185.0
82	20141211 20:26:33.404	1304.0	392.0	129.0	184.0	175.0	297.0	274.0	201.0	257.0	314.0	311.0	344.0	338.0	287.0	232.0	256.0	217.0	294.0	327.0	182.0	202.0	255.0	264.0	303.0	229.0	411.0	241.0	182.0	236.0	218.0	231.0	293.0	288.0	240.0	207.0	283.0	192.0	248.0	202.0	333.0	97.0	287.0	208.0	227.0	331.0	765.0	491.0	919.0	942.0	236.0	223.0	278.0	195.0	219.0	233.0
83	20141211 20:26:33.404	1302.0	392.0	112.0	281.0	263.0	191.0	304.0	312.0	311.0	246.0	311.0	311.0	338.0	287.0	205.0	256.0	269.0	294.0	342.0	201.0	202.0	247.0	274.0	386.0	148.0	411.0	273.0	206.0	241.0	279.0	204.0	278.0	288.0	240.0	207.0	283.0	218.0	248.0	206.0	215.0	177.0	213.0	264.0	276.0	331.0	775.0	426.0	871.0	578.0	298.0	223.0	275.0	195.0	219.0	255.0
84	20141211 19:26:34.875	1289.0	392.0	135.0	317.0	320.0	253.0	322.0	241.0	264.0	311.0	233.0	292.0	264.0	422.0	381.0	280.0	238.0	211.0	222.0	205.0	283.0	322.0	367.0	203.0	214.0	266.0	278.0	175.0	217.0	358.0	320.0	228.0	278.0	312.0	248.0	276.0	276.0	260.0	303.0	394.0	154.0	259.0	291.0	318.0	643.0	762.0	451.0	1089.0	896.0	225.0	200.0	179.0	172.0	246.0	187.0
85	20141211 20:26:33.404	1285.0	391.0	179.0	237.0	255.0	274.0	367.0	230.0	355.0	414.0	234.0	250.0	327.0	431.0	246.0	261.0	262.0	206.0	341.0	314.0	301.0	283.0	202.0	379.0	299.0	218.0	331.0	143.0	244.0	303.0	265.0	310.0	231.0	200.0	268.0	328.0	174.0	181.0	248.0	151.0	245.0	364.0	365.0	406.0	496.0	714.0	434.0	862.0	828.0	231.0	180.0	222.0	197.0	233.0	196.0
86	20141211 20:26:33.404	1307.0	391.0	191.0	288.0	138.0	327.0	253.0	200.0	192.0	246.0	275.0	286.0	204.0	214.0	380.0	272.0	204.0	277.0	287.0	273.0	363.0	133.0	266.0	298.0	142.0	346.0	286.0	199.0	236.0	346.0	241.0	295.0	210.0	178.0	264.0	265.0	225.0	232.0	202.0	276.0	185.0	285.0	263.0	356.0	290.0	829.0	326.0	693.0	942.0	215.0	138.0	278.0	139.0	299.0	358.0
87	20141211 20:26:33.404	1310.0	390.0	212.0	221.0	233.0	320.0	311.0	284.0	338.0	303.0	255.0	198.0	262.0	283.0	380.0	251.0	195.0	358.0	372.0	284.0	177.0	356.0	410.0	215.0	256.0	221.0	354.0	224.0	271.0	269.0	311.0	243.0	281.0	246.0	201.0	344.0	295.0	233.0	152.0	237.0	185.0	242.0	304.0	356.0	287.0	837.0	416.0	502.0	475.0	301.0	273.0	364.0	197.0	232.0	190.0
88	20141211 21:26:33.816	1151.0	375.0	219.0	187.0	263.0	317.0	415.0	208.0	286.0	341.0	362.0	209.0	286.0	204.0	346.0	336.0	282.0	328.0	324.0	273.0	290.0	212.0	394.0	343.0	239.0	290.0	391.0	295.0	329.0	336.0	267.0	228.0	296.0	281.0	269.0	266.0	292.0	350.0	254.0	305.0	247.0	406.0	366.0	306.0	303.0	420.0	848.0	795.0	813.0	232.0	265.0	235.0	250.0	332.0	306.0
89	20141210 18:26:34.178	1147.0	374.0	272.0	175.0	183.0	275.0	213.0	238.0	228.0	201.0	266.0	190.0	268.0	267.0	218.0	303.0	226.0	190.0	259.0	456.0	305.0	223.0	255.0	280.0	345.0	284.0	390.0	269.0	259.0	340.0	337.0	384.0	295.0	269.0	237.0	298.0	256.0	303.0	231.0	254.0	231.0	309.0	243.0	212.0	309.0	333.0	628.0	581.0	691.0	283.0	220.0	106.0	188.0	317.0	231.0
90	20141211 21:26:33.816	1150.0	372.0	181.0	284.0	233.0	316.0	233.0	351.0	245.0	159.0	168.0	322.0	251.0	279.0	330.0	205.0	360.0	243.0	373.0	273.0	326.0	237.0	375.0	233.0	239.0	260.0	390.0	285.0	329.0	207.0	332.0	340.0	351.0	281.0	231.0	268.0	292.0	363.0	323.0	305.0	266.0	406.0	285.0	193.0	307.0	364.0	719.0	607.0	596.0	198.0	320.0	235.0	282.0	232.0	198.0
91	20141210 04:26:29.770	1193.0	365.0	125.0	346.0	317.0	386.0	202.0	307.0	328.0	215.0	264.0	358.0	251.0	192.0	238.0	174.0	254.0	340.0	240.0	297.0	394.0	255.0	260.0	146.0	288.0	306.0	133.0	212.0	341.0	398.0	306.0	365.0	278.0	216.0	298.0	348.0	273.0	302.0	329.0	199.0	255.0	221.0	260.0	243.0	147.0	162.0	627.0	424.0	221.0	207.0	264.0	203.0	241.0	358.0	225.0
92	20141210 10:26:31.784	1191.0	364.0	120.0	355.0	279.0	329.0	278.0	285.0	286.0	253.0	248.0	421.0	257.0	269.0	199.0	174.0	198.0	169.0	287.0	300.0	244.0	264.0	216.0	268.0	197.0	178.0	364.0	205.0	262.0	423.0	250.0	317.0	210.0	279.0	182.0	394.0	407.0	300.0	349.0	324.0	224.0	353.0	400.0	243.0	193.0	316.0	592.0	708.0	248.0	204.0	313.0	203.0	305.0	358.0	248.0
93	20141210 10:26:31.784	1189.0	361.0	159.0	355.0	286.0	329.0	306.0	238.0	337.0	280.0	287.0	421.0	439.0	339.0	283.0	263.0	253.0	211.0	256.0	242.0	215.0	305.0	220.0	254.0	240.0	165.0	289.0	160.0	197.0	328.0	231.0	280.0	215.0	246.0	294.0	441.0	407.0	309.0	562.0	347.0	255.0	353.0	400.0	219.0	296.0	246.0	403.0	485.0	278.0	209.0	313.0	174.0	305.0	243.0	210.0
94	20141211 22:26:29.742	1193.0	361.0	221.0	252.0	297.0	385.0	230.0	263.0	262.0	290.0	399.0	238.0	354.0	232.0	219.0	205.0	361.0	274.0	359.0	216.0	223.0	273.0	247.0	268.0	295.0	237.0	275.0	240.0	283.0	200.0	295.0	272.0	183.0	279.0	362.0	322.0	291.0	275.0	389.0	271.0	198.0	258.0	218.0	228.0	379.0	306.0	314.0	708.0	248.0	263.0	257.0	157.0	232.0	254.0	259.0
95	20141211 10:26:32.719	1191.0	360.0	221.0	293.0	297.0	243.0	306.0	251.0	337.0	280.0	399.0	281.0	354.0	287.0	283.0	216.0	166.0	245.0	359.0	231.0	200.0	305.0	221.0	190.0	295.0	224.0	252.0	240.0	229.0	200.0	223.0	280.0	215.0	143.0	159.0	501.0	321.0	316.0	439.0	347.0	255.0	242.0	246.0	228.0	256.0	242.0	313.0	485.0	278.0	263.0	257.0	223.0	282.0	183.0	209.0
96	20141211 13:26:33.454	1185.0	359.0	112.0	227.0	326.0	353.0	347.0	138.0	190.0	241.0	324.0	278.0	250.0	223.0	228.0	292.0	221.0	225.0	177.0	331.0	261.0	299.0	152.0	233.0	245.0	199.0	282.0	293.0	281.0	294.0	366.0	259.0	275.0	313.0	221.0	365.0	315.0	236.0	667.0	295.0	232.0	356.0	451.0	123.0	182.0	321.0	199.0	252.0	299.0	263.0	284.0	254.0	202.0	146.0	172.0
97	20141211 04:26:33.404	1189.0	359.0	154.0	260.0	286.0	289.0	271.0	238.0	290.0	280.0	159.0	281.0	439.0	287.0	143.0	322.0	228.0	245.0	207.0	213.0	215.0	305.0	139.0	214.0	240.0	165.0	275.0	141.0	248.0	394.0	231.0	186.0	215.0	211.0	294.0	441.0	273.0	316.0	562.0	347.0	255.0	325.0	326.0	219.0	214.0	321.0	313.0	485.0	230.0	189.0	249.0	193.0	182.0	243.0	168.0
98	20141211 23:26:35.582	1192.0	352.0	157.0	262.0	246.0	276.0	216.0	207.0	251.0	239.0	191.0	160.0	360.0	306.0	170.0	238.0	190.0	236.0	237.0	223.0	170.0	276.0	298.0	235.0	195.0	231.0	146.0	292.0	183.0	304.0	245.0	299.0	275.0	219.0	134.0	183.0	316.0	266.0	294.0	321.0	253.0	315.0	287.0	213.0	207.0	173.0	246.0	152.0	679.0	226.0	203.0	311.0	158.0	323.0	234.0
99	20141211 23:26:35.582	1190.0	352.0	167.0	262.0	246.0	332.0	294.0	160.0	251.0	249.0	203.0	216.0	360.0	401.0	170.0	245.0	260.0	236.0	237.0	224.0	216.0	231.0	208.0	157.0	237.0	247.0	320.0	274.0	261.0	172.0	252.0	187.0	275.0	250.0	158.0	232.0	309.0	255.0	294.0	408.0	247.0	389.0	287.0	278.0	207.0	191.0	261.0	260.0	679.0	247.0	203.0	311.0	158.0	265.0	234.0
100	20141211 14:26:32.685	1192.0	349.0	173.0	304.0	258.0	207.0	193.0	212.0	251.0	239.0	215.0	338.0	301.0	306.0	205.0	430.0	193.0	264.0	237.0	284.0	164.0	247.0	264.0	235.0	189.0	239.0	129.0	200.0	202.0	212.0	194.0	183.0	275.0	181.0	133.0	243.0	281.0	266.0	225.0	321.0	248.0	454.0	287.0	281.0	207.0	204.0	187.0	152.0	503.0	151.0	249.0	278.0	184.0	323.0	234.0
101	20141211 16:26:30.637	1190.0	349.0	179.0	227.0	211.0	239.0	235.0	218.0	341.0	249.0	173.0	338.0	247.0	348.0	205.0	430.0	198.0	264.0	237.0	284.0	265.0	217.0	220.0	241.0	134.0	239.0	247.0	200.0	234.0	179.0	199.0	232.0	275.0	175.0	140.0	220.0	281.0	205.0	290.0	131.0	228.0	403.0	345.0	278.0	207.0	204.0	132.0	238.0	484.0	164.0	249.0	278.0	180.0	265.0	234.0
102	20141211 16:26:30.637	1219.0	346.0	115.0	234.0	278.0	263.0	236.0	272.0	272.0	265.0	283.0	214.0	348.0	321.0	321.0	164.0	257.0	256.0	247.0	211.0	238.0	223.0	204.0	220.0	214.0	283.0	242.0	268.0	244.0	281.0	305.0	220.0	209.0	217.0	292.0	281.0	212.0	192.0	240.0	299.0	242.0	366.0	258.0	196.0	604.0	341.0	289.0	420.0	248.0	282.0	215.0	261.0	193.0	198.0	186.0
103	20141210 05:26:32.174	1217.0	346.0	142.0	246.0	257.0	316.0	409.0	257.0	281.0	243.0	213.0	214.0	348.0	218.0	233.0	294.0	247.0	172.0	238.0	211.0	241.0	357.0	180.0	220.0	176.0	381.0	278.0	282.0	244.0	219.0	355.0	218.0	209.0	217.0	292.0	281.0	238.0	166.0	158.0	299.0	175.0	366.0	287.0	289.0	604.0	253.0	256.0	420.0	280.0	215.0	215.0	216.0	184.0	198.0	220.0
104	20141211 19:26:34.875	1219.0	344.0	168.0	211.0	215.0	283.0	180.0	204.0	314.0	339.0	278.0	270.0	239.0	321.0	271.0	273.0	257.0	173.0	283.0	207.0	174.0	135.0	310.0	244.0	231.0	181.0	242.0	268.0	311.0	281.0	197.0	293.0	256.0	207.0	147.0	281.0	139.0	332.0	213.0	241.0	265.0	361.0	258.0	196.0	604.0	341.0	307.0	431.0	344.0	282.0	215.0	261.0	196.0	198.0	304.0
105	20141210 05:26:32.174	1217.0	344.0	115.0	203.0	257.0	273.0	409.0	240.0	184.0	339.0	278.0	270.0	266.0	296.0	227.0	294.0	247.0	246.0	203.0	227.0	241.0	225.0	198.0	244.0	231.0	296.0	242.0	268.0	311.0	171.0	355.0	197.0	410.0	207.0	305.0	281.0	203.0	332.0	221.0	241.0	265.0	361.0	260.0	229.0	604.0	253.0	307.0	420.0	344.0	215.0	215.0	216.0	128.0	198.0	220.0
106	20141211 20:26:33.404	1220.0	337.0	140.0	260.0	306.0	199.0	295.0	310.0	348.0	225.0	267.0	207.0	352.0	290.0	258.0	298.0	333.0	313.0	328.0	355.0	211.0	237.0	229.0	276.0	239.0	220.0	296.0	364.0	387.0	188.0	364.0	259.0	217.0	202.0	267.0	229.0	216.0	155.0	186.0	223.0	202.0	344.0	198.0	286.0	107.0	618.0	284.0	263.0	234.0	196.0	246.0	167.0	168.0	242.0	208.0
107	20141211 20:26:33.404	1218.0	337.0	175.0	260.0	200.0	193.0	242.0	268.0	348.0	395.0	303.0	307.0	352.0	341.0	258.0	166.0	338.0	313.0	236.0	198.0	211.0	414.0	275.0	219.0	173.0	285.0	296.0	364.0	387.0	286.0	209.0	233.0	217.0	202.0	208.0	293.0	216.0	209.0	186.0	223.0	202.0	403.0	173.0	230.0	153.0	618.0	284.0	257.0	245.0	196.0	246.0	178.0	160.0	130.0	238.0
108	20141211 16:26:30.637	1220.0	335.0	140.0	207.0	322.0	293.0	295.0	356.0	161.0	238.0	162.0	205.0	273.0	286.0	231.0	298.0	228.0	309.0	328.0	355.0	223.0	237.0	201.0	199.0	232.0	328.0	296.0	364.0	387.0	198.0	364.0	259.0	257.0	262.0	206.0	226.0	216.0	155.0	207.0	310.0	133.0	515.0	251.0	286.0	154.0	618.0	331.0	263.0	184.0	192.0	203.0	167.0	168.0	199.0	208.0
109	20141211 16:26:30.637	1218.0	335.0	141.0	207.0	322.0	293.0	242.0	356.0	288.0	263.0	303.0	307.0	241.0	341.0	211.0	186.0	228.0	287.0	260.0	279.0	266.0	414.0	229.0	219.0	232.0	358.0	296.0	364.0	387.0	286.0	258.0	248.0	257.0	262.0	206.0	279.0	216.0	232.0	207.0	310.0	97.0	515.0	265.0	256.0	165.0	618.0	269.0	197.0	245.0	113.0	203.0	203.0	160.0	152.0	208.0
110	20141212 01:26:33.918	1330.0	329.0	220.0	304.0	232.0	365.0	249.0	234.0	221.0	351.0	229.0	340.0	151.0	226.0	400.0	269.0	246.0	209.0	271.0	215.0	204.0	301.0	303.0	314.0	209.0	285.0	277.0	234.0	330.0	229.0	304.0	283.0	278.0	234.0	305.0	255.0	243.0	229.0	229.0	259.0	289.0	223.0	306.0	208.0	254.0	129.0	456.0	331.0	258.0	305.0	1226.0	382.0	232.0	252.0	275.0
111	20141212 01:26:33.918	1326.0	329.0	298.0	193.0	231.0	360.0	259.0	286.0	193.0	212.0	277.0	308.0	403.0	222.0	162.0	207.0	158.0	290.0	335.0	194.0	265.0	324.0	295.0	269.0	183.0	221.0	322.0	305.0	180.0	303.0	408.0	324.0	263.0	165.0	193.0	320.0	188.0	262.0	289.0	286.0	126.0	273.0	301.0	220.0	215.0	261.0	428.0	218.0	177.0	163.0	1241.0	562.0	212.0	229.0	149.0
112	20141211 21:26:33.816	1222.0	326.0	160.0	279.0	169.0	245.0	278.0	228.0	247.0	341.0	156.0	197.0	266.0	239.0	191.0	386.0	294.0	244.0	280.0	181.0	157.0	235.0	235.0	254.0	185.0	235.0	214.0	268.0	270.0	314.0	262.0	226.0	175.0	223.0	201.0	296.0	224.0	200.0	168.0	202.0	150.0	349.0	347.0	246.0	253.0	264.0	912.0	353.0	279.0	339.0	353.0	146.0	240.0	278.0	340.0
113	20141212 01:26:33.918	1335.0	328.0	152.0	286.0	275.0	216.0	278.0	274.0	281.0	253.0	217.0	217.0	277.0	223.0	161.0	215.0	245.0	191.0	287.0	151.0	286.0	316.0	316.0	250.0	130.0	222.0	357.0	202.0	202.0	202.0	173.0	315.0	231.0	140.0	184.0	289.0	200.0	241.0	110.0	202.0	166.0	277.0	338.0	171.0	330.0	196.0	227.0	195.0	212.0	402.0	834.0	302.0	246.0	263.0	187.0
114	20141212 01:26:33.918	1332.0	328.0	186.0	315.0	275.0	273.0	311.0	310.0	178.0	351.0	217.0	340.0	227.0	251.0	177.0	150.0	246.0	222.0	271.0	220.0	286.0	301.0	316.0	242.0	146.0	285.0	453.0	241.0	330.0	285.0	304.0	283.0	206.0	225.0	305.0	289.0	184.0	241.0	202.0	174.0	243.0	269.0	244.0	295.0	330.0	191.0	456.0	331.0	229.0	402.0	1015.0	382.0	252.0	242.0	275.0
115	20141212 01:26:33.918	1334.0	325.0	152.0	224.0	275.0	234.0	285.0	251.0	223.0	253.0	203.0	280.0	277.0	264.0	297.0	206.0	271.0	123.0	190.0	279.0	314.0	183.0	248.0	214.0	192.0	162.0	357.0	344.0	209.0	171.0	236.0	273.0	208.0	232.0	161.0	221.0	184.0	172.0	249.0	202.0	166.0	277.0	223.0	239.0	263.0	242.0	215.0	282.0	144.0	236.0	900.0	345.0	350.0	263.0	211.0
116	20141212 01:26:33.918	1330.0	325.0	186.0	298.0	212.0	211.0	311.0	206.0	192.0	333.0	229.0	218.0	314.0	213.0	174.0	280.0	266.0	158.0	268.0	252.0	278.0	213.0	187.0	286.0	195.0	256.0	286.0	429.0	144.0	285.0	215.0	218.0	204.0	240.0	218.0	217.0	181.0	146.0	188.0	171.0	276.0	219.0	265.0	196.0	207.0	232.0	270.0	312.0	200.0	262.0	1144.0	475.0	252.0	172.0	180.0
117	20141212 01:26:33.918	1326.0	326.0	209.0	217.0	207.0	360.0	229.0	235.0	187.0	266.0	244.0	236.0	403.0	182.0	211.0	238.0	141.0	229.0	189.0	205.0	169.0	324.0	262.0	217.0	254.0	259.0	300.0	404.0	232.0	304.0	349.0	324.0	271.0	252.0	169.0	223.0	170.0	262.0	168.0	183.0	178.0	183.0	210.0	224.0	214.0	227.0	228.0	167.0	239.0	270.0	1229.0	452.0	113.0	188.0	214.0
118	20141211 22:26:29.742	1224.0	323.0	120.0	257.0	193.0	242.0	192.0	274.0	210.0	287.0	143.0	209.0	298.0	368.0	250.0	258.0	294.0	275.0	228.0	220.0	174.0	173.0	341.0	215.0	266.0	161.0	141.0	235.0	237.0	371.0	233.0	178.0	170.0	177.0	250.0	284.0	241.0	276.0	233.0	264.0	211.0	333.0	279.0	157.0	340.0	261.0	326.0	685.0	388.0	339.0	294.0	279.0	205.0	278.0	173.0
119	20141211 22:26:29.742	1224.0	321.0	193.0	257.0	262.0	313.0	172.0	270.0	210.0	255.0	178.0	254.0	298.0	368.0	250.0	271.0	287.0	355.0	426.0	237.0	191.0	173.0	341.0	301.0	204.0	166.0	237.0	235.0	276.0	371.0	270.0	229.0	221.0	198.0	208.0	207.0	155.0	276.0	305.0	264.0	211.0	320.0	332.0	157.0	315.0	261.0	404.0	685.0	623.0	224.0	301.0	289.0	205.0	309.0	218.0
120	20141211 22:26:29.742	1222.0	321.0	125.0	257.0	262.0	275.0	208.0	252.0	245.0	255.0	197.0	254.0	160.0	304.0	187.0	271.0	287.0	221.0	268.0	195.0	203.0	243.0	341.0	362.0	167.0	166.0	317.0	235.0	276.0	301.0	208.0	194.0	221.0	305.0	208.0	207.0	147.0	246.0	197.0	178.0	244.0	287.0	332.0	194.0	315.0	220.0	404.0	685.0	326.0	176.0	322.0	381.0	287.0	225.0	189.0
121	20141210 17:26:27.83	1224.0	319.0	193.0	185.0	262.0	313.0	156.0	270.0	213.0	324.0	186.0	254.0	290.0	212.0	241.0	320.0	382.0	355.0	426.0	237.0	200.0	265.0	276.0	301.0	183.0	196.0	237.0	282.0	276.0	272.0	316.0	229.0	229.0	236.0	284.0	249.0	156.0	234.0	305.0	241.0	197.0	320.0	332.0	267.0	208.0	226.0	404.0	543.0	623.0	274.0	301.0	289.0	245.0	309.0	218.0
122	20141211 21:26:33.816	1222.0	319.0	137.0	176.0	262.0	275.0	208.0	220.0	278.0	236.0	165.0	254.0	245.0	234.0	241.0	320.0	328.0	249.0	268.0	259.0	219.0	265.0	276.0	362.0	164.0	196.0	317.0	184.0	276.0	301.0	296.0	214.0	245.0	305.0	284.0	249.0	147.0	234.0	219.0	210.0	244.0	207.0	332.0	267.0	264.0	209.0	404.0	543.0	592.0	220.0	322.0	217.0	217.0	204.0	236.0
123	20141212 02:26:35.698	1326.0	312.0	162.0	212.0	203.0	179.0	223.0	297.0	262.0	289.0	270.0	263.0	259.0	269.0	236.0	203.0	174.0	227.0	268.0	201.0	299.0	205.0	176.0	238.0	168.0	244.0	377.0	368.0	308.0	274.0	238.0	328.0	157.0	203.0	188.0	241.0	239.0	247.0	175.0	226.0	197.0	261.0	366.0	249.0	165.0	229.0	180.0	280.0	153.0	317.0	308.0	1128.0	339.0	251.0	209.0
124	20141212 02:26:35.698	1322.0	312.0	143.0	219.0	268.0	275.0	286.0	200.0	283.0	226.0	211.0	260.0	288.0	264.0	194.0	212.0	254.0	191.0	246.0	227.0	200.0	242.0	329.0	268.0	228.0	266.0	273.0	311.0	247.0	259.0	221.0	334.0	132.0	154.0	252.0	165.0	171.0	199.0	206.0	207.0	224.0	184.0	189.0	189.0	154.0	233.0	318.0	199.0	179.0	251.0	336.0	1058.0	399.0	146.0	248.0
125	20141212 02:26:35.698	1325.0	309.0	195.0	261.0	318.0	164.0	208.0	300.0	287.0	289.0	268.0	263.0	174.0	231.0	146.0	172.0	174.0	227.0	217.0	220.0	204.0	327.0	233.0	235.0	163.0	166.0	258.0	234.0	278.0	388.0	221.0	298.0	217.0	148.0	230.0	274.0	239.0	223.0	269.0	215.0	197.0	210.0	340.0	248.0	236.0	241.0	160.0	178.0	153.0	215.0	308.0	1128.0	369.0	294.0	229.0
126	20141212 02:26:35.698	1322.0	309.0	195.0	227.0	268.0	275.0	271.0	247.0	293.0	226.0	249.0	249.0	239.0	158.0	143.0	201.0	348.0	208.0	263.0	184.0	138.0	339.0	329.0	226.0	228.0	266.0	289.0	277.0	181.0	388.0	252.0	205.0	240.0	150.0	252.0	226.0	117.0	223.0	269.0	192.0	257.0	242.0	265.0	189.0	236.0	238.0	215.0	168.0	179.0	215.0	261.0	1095.0	399.0	294.0	223.0
127	20141212 01:26:33.918	1196.0	303.0	171.0	223.0	265.0	249.0	250.0	278.0	199.0	265.0	268.0	195.0	318.0	265.0	161.0	308.0	210.0	266.0	156.0	319.0	200.0	189.0	240.0	275.0	192.0	253.0	202.0	192.0	184.0	228.0	206.0	264.0	227.0	228.0	170.0	324.0	180.0	129.0	209.0	242.0	158.0	261.0	276.0	364.0	351.0	243.0	345.0	244.0	222.0	224.0	775.0	319.0	262.0	252.0	191.0
128	20141212 01:26:33.918	1194.0	300.0	165.0	164.0	316.0	332.0	250.0	278.0	234.0	265.0	234.0	232.0	266.0	298.0	202.0	256.0	226.0	177.0	307.0	254.0	203.0	274.0	200.0	278.0	212.0	253.0	289.0	319.0	211.0	246.0	243.0	263.0	248.0	296.0	194.0	190.0	266.0	217.0	241.0	204.0	212.0	247.0	225.0	364.0	297.0	257.0	276.0	209.0	253.0	217.0	646.0	319.0	194.0	190.0	252.0
129	20141211 20:26:33.404	1219.0	263.0	134.0	198.0	229.0	163.0	317.0	207.0	174.0	203.0	147.0	316.0	210.0	179.0	148.0	213.0	277.0	203.0	235.0	202.0	233.0	263.0	343.0	181.0	203.0	157.0	217.0	152.0	188.0	267.0	203.0	294.0	226.0	303.0	261.0	237.0	241.0	353.0	284.0	263.0	252.0	367.0	313.0	338.0	294.0	407.0	676.0	378.0	236.0	273.0	165.0	246.0	284.0	254.0	252.0
130	20141211 22:26:29.742	1286.0	262.0	188.0	258.0	199.0	354.0	418.0	301.0	268.0	394.0	362.0	356.0	357.0	376.0	310.0	288.0	265.0	228.0	257.0	324.0	418.0	311.0	280.0	303.0	300.0	237.0	222.0	281.0	233.0	322.0	294.0	427.0	329.0	363.0	250.0	257.0	248.0	320.0	312.0	195.0	228.0	313.0	306.0	580.0	204.0	247.0	411.0	1255.0	761.0	301.0	176.0	320.0	265.0	432.0	279.0
131	20141211 21:26:33.816	1217.0	261.0	174.0	258.0	229.0	340.0	231.0	267.0	347.0	114.0	186.0	214.0	376.0	326.0	235.0	197.0	277.0	182.0	213.0	193.0	116.0	267.0	274.0	274.0	188.0	202.0	217.0	157.0	233.0	293.0	212.0	294.0	214.0	350.0	261.0	278.0	250.0	353.0	284.0	271.0	247.0	215.0	387.0	282.0	324.0	368.0	729.0	473.0	450.0	297.0	153.0	301.0	208.0	158.0	207.0
132	20141211 21:26:33.816	1221.0	261.0	160.0	193.0	207.0	213.0	173.0	232.0	144.0	267.0	191.0	204.0	142.0	323.0	200.0	171.0	219.0	297.0	361.0	219.0	250.0	150.0	234.0	255.0	234.0	130.0	277.0	170.0	209.0	120.0	213.0	256.0	188.0	290.0	244.0	180.0	187.0	174.0	229.0	238.0	272.0	201.0	329.0	338.0	329.0	328.0	677.0	384.0	316.0	255.0	177.0	291.0	248.0	326.0	252.0
133	20141211 20:26:33.404	1214.0	261.0	177.0	284.0	159.0	307.0	262.0	191.0	347.0	242.0	174.0	217.0	274.0	236.0	246.0	250.0	304.0	237.0	220.0	213.0	107.0	158.0	274.0	219.0	259.0	260.0	216.0	198.0	202.0	293.0	293.0	414.0	254.0	256.0	249.0	278.0	186.0	315.0	283.0	271.0	247.0	271.0	244.0	287.0	324.0	424.0	739.0	482.0	325.0	231.0	266.0	257.0	202.0	189.0	207.0
134	20141211 22:26:29.742	1286.0	260.0	188.0	263.0	228.0	284.0	418.0	301.0	267.0	394.0	353.0	356.0	357.0	436.0	287.0	288.0	207.0	228.0	366.0	293.0	418.0	226.0	280.0	286.0	180.0	269.0	342.0	281.0	233.0	287.0	284.0	441.0	329.0	363.0	228.0	315.0	248.0	320.0	284.0	203.0	228.0	284.0	297.0	485.0	274.0	297.0	271.0	1255.0	743.0	301.0	138.0	320.0	285.0	432.0	316.0
135	20141211 21:26:33.816	1211.0	260.0	173.0	243.0	216.0	277.0	196.0	238.0	339.0	261.0	169.0	264.0	396.0	160.0	153.0	181.0	301.0	231.0	237.0	246.0	172.0	236.0	320.0	264.0	163.0	285.0	178.0	266.0	210.0	192.0	293.0	225.0	191.0	217.0	257.0	227.0	154.0	163.0	224.0	314.0	277.0	271.0	366.0	287.0	254.0	289.0	595.0	351.0	453.0	188.0	193.0	232.0	219.0	304.0	200.0
136	20141211 23:26:35.582	1286.0	254.0	195.0	315.0	279.0	276.0	279.0	263.0	285.0	275.0	265.0	380.0	344.0	246.0	386.0	251.0	309.0	258.0	185.0	322.0	328.0	285.0	174.0	316.0	337.0	240.0	316.0	358.0	354.0	311.0	306.0	654.0	325.0	493.0	260.0	421.0	215.0	224.0	357.0	262.0	198.0	229.0	262.0	383.0	224.0	355.0	320.0	417.0	1171.0	365.0	204.0	243.0	218.0	345.0	341.0
137	20141211 09:26:34.47	1256.0	232.0	150.0	234.0	291.0	260.0	265.0	210.0	247.0	273.0	230.0	408.0	330.0	245.0	358.0	289.0	229.0	384.0	244.0	244.0	429.0	237.0	189.0	298.0	250.0	287.0	344.0	274.0	296.0	393.0	332.0	217.0	231.0	271.0	808.0	366.0	284.0	178.0	228.0	143.0	212.0	391.0	250.0	127.0	197.0	303.0	281.0	287.0	337.0	263.0	292.0	184.0	181.0	371.0	291.0
138	20141210 22:26:31.388	1273.0	227.0	108.0	117.0	251.0	158.0	160.0	236.0	214.0	160.0	147.0	190.0	390.0	222.0	155.0	158.0	153.0	194.0	220.0	301.0	221.0	159.0	121.0	496.0	154.0	221.0	265.0	383.0	163.0	231.0	226.0	231.0	132.0	314.0	172.0	228.0	212.0	192.0	150.0	185.0	211.0	235.0	223.0	196.0	231.0	346.0	278.0	182.0	272.0	729.0	298.0	242.0	237.0	224.0	240.0
139	20141212 00:26:30.637	1272.0	224.0	246.0	184.0	203.0	314.0	133.0	236.0	187.0	185.0	155.0	228.0	246.0	239.0	281.0	208.0	223.0	284.0	256.0	232.0	206.0	183.0	202.0	334.0	190.0	197.0	214.0	219.0	280.0	249.0	348.0	218.0	217.0	220.0	222.0	214.0	134.0	250.0	228.0	312.0	88.0	171.0	378.0	188.0	244.0	240.0	294.0	216.0	262.0	702.0	452.0	215.0	329.0	260.0	224.0
140	20141211 23:26:35.582	1279.0	130.0	288.0	246.0	277.0	257.0	294.0	377.0	307.0	257.0	285.0	227.0	280.0	242.0	203.0	278.0	229.0	265.0	260.0	299.0	207.0	340.0	287.0	216.0	285.0	233.0	390.0	180.0	230.0	226.0	424.0	290.0	206.0	309.0	325.0	203.0	264.0	240.0	290.0	342.0	170.0	289.0	272.0	236.0	300.0	224.0	271.0	237.0	760.0	233.0	241.0	162.0	194.0	241.0	204.0
141	20141211 23:26:35.582	1278.0	133.0	224.0	294.0	233.0	309.0	294.0	162.0	200.0	299.0	212.0	332.0	280.0	205.0	213.0	239.0	267.0	200.0	205.0	299.0	227.0	268.0	234.0	236.0	186.0	278.0	296.0	269.0	219.0	281.0	157.0	167.0	206.0	230.0	162.0	341.0	188.0	179.0	201.0	192.0	250.0	289.0	272.0	344.0	206.0	267.0	190.0	391.0	760.0	200.0	177.0	366.0	204.0	224.0	217.0
142	20141211 05:26:35.173	1282.0	131.0	211.0	235.0	271.0	265.0	317.0	271.0	250.0	311.0	285.0	278.0	312.0	259.0	203.0	162.0	229.0	292.0	278.0	220.0	250.0	255.0	274.0	236.0	200.0	216.0	229.0	223.0	241.0	288.0	424.0	228.0	226.0	309.0	247.0	181.0	290.0	188.0	290.0	342.0	171.0	349.0	189.0	227.0	326.0	188.0	271.0	181.0	675.0	239.0	234.0	187.0	343.0	267.0	191.0
143	20141212 04:26:33.969	1249.0	120.0	150.0	325.0	179.0	214.0	206.0	115.0	233.0	381.0	248.0	236.0	286.0	218.0	217.0	325.0	279.0	255.0	215.0	331.0	201.0	207.0	205.0	287.0	160.0	259.0	208.0	154.0	200.0	261.0	303.0	233.0	176.0	206.0	153.0	265.0	205.0	227.0	272.0	225.0	178.0	269.0	356.0	258.0	288.0	141.0	321.0	299.0	284.0	277.0	269.0	327.0	196.0	707.0	412.0
144	20141212 04:26:33.969	1252.0	120.0	174.0	328.0	178.0	214.0	195.0	244.0	219.0	300.0	216.0	207.0	433.0	218.0	217.0	248.0	246.0	206.0	207.0	381.0	235.0	206.0	205.0	261.0	152.0	217.0	215.0	249.0	250.0	266.0	303.0	282.0	237.0	226.0	163.0	253.0	205.0	176.0	271.0	195.0	173.0	183.0	272.0	276.0	288.0	175.0	397.0	299.0	313.0	221.0	195.0	327.0	202.0	694.0	539.0
145	20141212 04:26:33.969	1252.0	116.0	205.0	153.0	256.0	200.0	342.0	235.0	181.0	234.0	247.0	201.0	330.0	222.0	330.0	312.0	309.0	280.0	293.0	296.0	237.0	248.0	234.0	303.0	311.0	210.0	255.0	260.0	396.0	449.0	234.0	306.0	278.0	311.0	224.0	286.0	204.0	236.0	306.0	270.0	151.0	305.0	320.0	218.0	174.0	227.0	256.0	265.0	272.0	241.0	323.0	256.0	272.0	421.0	673.0
146	20141212 04:26:33.969	1284.0	116.0	154.0	288.0	350.0	290.0	328.0	371.0	317.0	353.0	255.0	291.0	406.0	363.0	231.0	266.0	235.0	255.0	215.0	263.0	312.0	247.0	321.0	154.0	254.0	305.0	206.0	283.0	323.0	257.0	349.0	338.0	279.0	293.0	279.0	269.0	235.0	234.0	272.0	221.0	196.0	278.0	212.0	274.0	277.0	281.0	213.0	327.0	233.0	252.0	166.0	206.0	187.0	1047.0	307.0
147	20141212 04:26:33.969	1280.0	115.0	112.0	279.0	368.0	386.0	321.0	229.0	310.0	283.0	274.0	334.0	352.0	247.0	354.0	337.0	259.0	256.0	289.0	396.0	272.0	297.0	304.0	263.0	375.0	343.0	274.0	259.0	324.0	282.0	313.0	354.0	260.0	312.0	205.0	289.0	286.0	244.0	277.0	228.0	225.0	371.0	298.0	255.0	202.0	303.0	220.0	321.0	326.0	219.0	281.0	212.0	237.0	755.0	269.0
148	20141212 04:26:33.969	1288.0	113.0	191.0	220.0	311.0	359.0	269.0	287.0	326.0	306.0	266.0	335.0	282.0	346.0	291.0	246.0	297.0	256.0	265.0	252.0	255.0	287.0	284.0	214.0	200.0	366.0	235.0	228.0	240.0	281.0	170.0	237.0	326.0	452.0	244.0	291.0	293.0	203.0	210.0	192.0	272.0	295.0	214.0	244.0	257.0	293.0	297.0	269.0	233.0	316.0	346.0	282.0	251.0	860.0	584.0
149	20141212 04:26:33.969	1283.0	112.0	239.0	268.0	188.0	248.0	256.0	255.0	317.0	282.0	272.0	302.0	323.0	292.0	152.0	397.0	259.0	254.0	175.0	263.0	271.0	192.0	266.0	229.0	194.0	180.0	323.0	271.0	324.0	260.0	207.0	169.0	264.0	265.0	213.0	271.0	205.0	282.0	307.0	305.0	226.0	341.0	431.0	217.0	202.0	273.0	312.0	273.0	294.0	187.0	242.0	269.0	219.0	773.0	686.0
150	20141212 04:26:33.969	1289.0	111.0	191.0	254.0	243.0	369.0	362.0	243.0	283.0	231.0	188.0	253.0	282.0	346.0	338.0	330.0	331.0	245.0	265.0	202.0	282.0	287.0	284.0	152.0	293.0	288.0	192.0	228.0	358.0	268.0	303.0	303.0	346.0	374.0	348.0	309.0	299.0	254.0	350.0	245.0	202.0	295.0	325.0	263.0	257.0	293.0	247.0	240.0	217.0	232.0	346.0	282.0	332.0	821.0	708.0
151	20141212 04:26:33.969	1290.0	109.0	167.0	263.0	258.0	276.0	349.0	278.0	283.0	236.0	185.0	271.0	274.0	285.0	277.0	379.0	331.0	200.0	225.0	202.0	282.0	296.0	301.0	159.0	194.0	339.0	178.0	208.0	283.0	266.0	303.0	303.0	346.0	374.0	348.0	309.0	299.0	254.0	350.0	245.0	176.0	221.0	304.0	256.0	233.0	271.0	247.0	211.0	217.0	276.0	297.0	193.0	332.0	525.0	720.0
152	20141212 05:26:34.85	1286.0	109.0	179.0	244.0	203.0	369.0	249.0	294.0	344.0	260.0	224.0	351.0	228.0	297.0	338.0	411.0	218.0	255.0	224.0	238.0	237.0	205.0	301.0	223.0	243.0	200.0	224.0	239.0	315.0	430.0	252.0	167.0	331.0	332.0	171.0	225.0	257.0	241.0	282.0	246.0	286.0	259.0	164.0	285.0	242.0	238.0	284.0	225.0	353.0	214.0	230.0	286.0	212.0	429.0	840.0
153	20141212 05:26:34.85	1291.0	107.0	239.0	263.0	264.0	337.0	310.0	312.0	285.0	236.0	176.0	239.0	274.0	287.0	212.0	379.0	288.0	269.0	261.0	218.0	345.0	296.0	309.0	255.0	251.0	257.0	352.0	265.0	282.0	274.0	233.0	268.0	341.0	348.0	317.0	234.0	213.0	182.0	303.0	271.0	229.0	221.0	304.0	256.0	243.0	192.0	274.0	182.0	150.0	316.0	210.0	264.0	287.0	273.0	844.0
154	20141212 05:26:34.85	1287.0	107.0	179.0	218.0	186.0	275.0	368.0	294.0	298.0	353.0	224.0	351.0	195.0	255.0	237.0	310.0	196.0	198.0	225.0	238.0	237.0	140.0	301.0	223.0	341.0	160.0	249.0	316.0	292.0	277.0	252.0	302.0	331.0	383.0	212.0	214.0	257.0	220.0	266.0	198.0	218.0	246.0	234.0	285.0	229.0	142.0	344.0	175.0	274.0	356.0	278.0	286.0	212.0	252.0	720.0
155	20141212 04:26:33.969	1247.0	80.0	154.0	296.0	314.0	304.0	260.0	232.0	317.0	293.0	300.0	152.0	358.0	237.0	214.0	307.0	284.0	314.0	282.0	158.0	245.0	226.0	236.0	228.0	294.0	230.0	204.0	285.0	273.0	186.0	174.0	202.0	252.0	222.0	308.0	297.0	197.0	162.0	177.0	220.0	211.0	240.0	287.0	242.0	192.0	190.0	318.0	242.0	279.0	208.0	197.0	341.0	294.0	585.0	453.0
156	20141211 04:26:33.404	1248.0	77.0	182.0	296.0	290.0	304.0	273.0	428.0	317.0	245.0	269.0	242.0	332.0	386.0	276.0	307.0	272.0	281.0	348.0	188.0	244.0	154.0	308.0	340.0	257.0	272.0	341.0	299.0	240.0	410.0	296.0	201.0	230.0	266.0	308.0	235.0	197.0	199.0	227.0	220.0	157.0	222.0	239.0	236.0	243.0	299.0	385.0	291.0	255.0	367.0	215.0	402.0	249.0	485.0	534.0
157	20141212 02:26:35.698	1230.0	64.0	187.0	274.0	180.0	257.0	300.0	254.0	257.0	367.0	466.0	255.0	346.0	327.0	179.0	231.0	257.0	248.0	298.0	160.0	274.0	260.0	253.0	276.0	276.0	313.0	240.0	278.0	231.0	268.0	282.0	255.0	212.0	356.0	195.0	249.0	162.0	223.0	208.0	277.0	234.0	187.0	212.0	210.0	218.0	257.0	306.0	239.0	245.0	185.0	245.0	758.0	272.0	268.0	286.0
158	20141212 02:26:35.698	1232.0	62.0	162.0	144.0	244.0	253.0	300.0	308.0	244.0	238.0	225.0	198.0	288.0	327.0	282.0	260.0	199.0	248.0	298.0	160.0	245.0	150.0	176.0	261.0	285.0	226.0	335.0	308.0	231.0	287.0	224.0	253.0	232.0	242.0	222.0	436.0	221.0	178.0	208.0	223.0	261.0	187.0	259.0	162.0	159.0	257.0	281.0	209.0	238.0	320.0	246.0	752.0	224.0	285.0	253.0
159	20141212 01:26:33.918	1241.0	58.0	133.0	233.0	357.0	359.0	231.0	308.0	276.0	242.0	284.0	270.0	277.0	195.0	230.0	165.0	346.0	240.0	270.0	302.0	280.0	179.0	264.0	232.0	226.0	308.0	305.0	301.0	196.0	268.0	261.0	282.0	257.0	410.0	339.0	394.0	194.0	226.0	245.0	230.0	200.0	224.0	233.0	251.0	243.0	231.0	181.0	230.0	169.0	245.0	864.0	412.0	253.0	169.0	166.0
160	20141212 01:26:33.918	1239.0	58.0	116.0	291.0	245.0	246.0	231.0	189.0	261.0	286.0	293.0	238.0	236.0	195.0	239.0	238.0	309.0	240.0	288.0	297.0	280.0	175.0	217.0	310.0	175.0	308.0	305.0	301.0	187.0	268.0	176.0	239.0	263.0	202.0	339.0	248.0	194.0	226.0	245.0	245.0	245.0	235.0	343.0	251.0	243.0	257.0	274.0	250.0	169.0	289.0	864.0	382.0	253.0	254.0	176.0
161	20141212 01:26:33.918	1241.0	55.0	116.0	299.0	357.0	268.0	375.0	248.0	259.0	276.0	291.0	270.0	180.0	309.0	236.0	260.0	261.0	240.0	272.0	302.0	280.0	152.0	264.0	232.0	241.0	256.0	297.0	205.0	241.0	239.0	300.0	222.0	289.0	410.0	227.0	293.0	264.0	226.0	245.0	185.0	171.0	230.0	292.0	230.0	243.0	245.0	262.0	280.0	286.0	259.0	867.0	288.0	253.0	302.0	213.0
162	20141212 01:26:33.918	1239.0	55.0	156.0	299.0	262.0	268.0	272.0	260.0	251.0	286.0	291.0	201.0	138.0	207.0	205.0	242.0	252.0	240.0	288.0	229.0	280.0	175.0	212.0	265.0	285.0	256.0	244.0	210.0	241.0	260.0	300.0	199.0	289.0	227.0	258.0	293.0	257.0	226.0	245.0	185.0	167.0	228.0	233.0	230.0	243.0	245.0	262.0	297.0	141.0	218.0	867.0	244.0	253.0	302.0	408.0
163	20141212 01:26:33.918	1238.0	53.0	224.0	227.0	235.0	197.0	260.0	252.0	266.0	205.0	235.0	213.0	187.0	291.0	205.0	234.0	192.0	236.0	354.0	252.0	247.0	192.0	212.0	245.0	161.0	274.0	181.0	289.0	304.0	260.0	166.0	245.0	217.0	254.0	325.0	241.0	257.0	325.0	282.0	298.0	199.0	309.0	227.0	228.0	260.0	204.0	262.0	297.0	168.0	252.0	867.0	252.0	226.0	302.0	229.0
164	20141212 01:26:33.918	1240.0	52.0	216.0	233.0	262.0	317.0	224.0	246.0	308.0	176.0	235.0	306.0	289.0	262.0	192.0	257.0	192.0	266.0	319.0	290.0	245.0	246.0	192.0	206.0	166.0	293.0	231.0	289.0	251.0	202.0	233.0	245.0	197.0	254.0	166.0	340.0	183.0	271.0	235.0	298.0	212.0	309.0	259.0	230.0	219.0	313.0	308.0	166.0	251.0	306.0	939.0	278.0	284.0	302.0	269.0
165	20141212 01:26:33.918	1236.0	51.0	224.0	173.0	235.0	185.0	317.0	252.0	282.0	205.0	173.0	296.0	371.0	291.0	200.0	168.0	253.0	201.0	354.0	320.0	247.0	264.0	194.0	300.0	288.0	254.0	183.0	247.0	304.0	238.0	271.0	191.0	217.0	339.0	325.0	285.0	198.0	325.0	290.0	315.0	199.0	194.0	174.0	239.0	189.0	278.0	258.0	141.0	168.0	292.0	940.0	219.0	226.0	283.0	248.0
166	20141211 18:26:25.351	163.0	52.0	179.0	255.0	391.0	236.0	296.0	302.0	327.0	228.0	204.0	206.0	352.0	259.0	231.0	353.0	318.0	369.0	234.0	305.0	156.0	233.0	385.0	378.0	228.0	217.0	308.0	210.0	325.0	211.0	215.0	269.0	254.0	162.0	305.0	218.0	174.0	216.0	193.0	226.0	223.0	220.0	310.0	683.0	204.0	202.0	324.0	149.0	195.0	250.0	261.0	231.0	250.0	275.0	253.0
167	20141211 18:26:25.351	161.0	52.0	179.0	255.0	231.0	184.0	296.0	307.0	296.0	240.0	271.0	237.0	265.0	263.0	235.0	256.0	318.0	314.0	234.0	305.0	228.0	233.0	289.0	378.0	228.0	217.0	308.0	198.0	325.0	207.0	229.0	366.0	313.0	192.0	305.0	232.0	279.0	216.0	193.0	226.0	223.0	239.0	393.0	683.0	185.0	257.0	246.0	264.0	229.0	353.0	322.0	153.0	250.0	275.0	180.0
168	20141212 01:26:33.918	1239.0	49.0	202.0	172.0	229.0	223.0	250.0	210.0	270.0	268.0	173.0	222.0	190.0	213.0	168.0	257.0	201.0	284.0	289.0	320.0	225.0	246.0	362.0	191.0	164.0	254.0	307.0	200.0	251.0	304.0	233.0	214.0	178.0	293.0	156.0	208.0	197.0	211.0	259.0	216.0	301.0	157.0	227.0	228.0	219.0	245.0	224.0	221.0	203.0	239.0	940.0	278.0	236.0	257.0	366.0
169	20141211 18:26:25.351	163.0	50.0	179.0	193.0	391.0	226.0	198.0	302.0	327.0	303.0	204.0	147.0	218.0	189.0	231.0	255.0	318.0	312.0	227.0	222.0	222.0	233.0	385.0	305.0	228.0	256.0	308.0	214.0	325.0	211.0	200.0	266.0	254.0	277.0	305.0	290.0	174.0	216.0	167.0	226.0	229.0	224.0	229.0	677.0	341.0	225.0	324.0	340.0	163.0	266.0	140.0	176.0	170.0	275.0	154.0
170	20141211 18:26:25.351	161.0	50.0	179.0	211.0	302.0	288.0	247.0	307.0	314.0	240.0	271.0	237.0	247.0	263.0	220.0	255.0	318.0	314.0	227.0	184.0	283.0	233.0	289.0	276.0	228.0	189.0	308.0	224.0	325.0	164.0	200.0	366.0	313.0	277.0	305.0	251.0	174.0	216.0	163.0	226.0	226.0	283.0	229.0	677.0	163.0	114.0	245.0	264.0	172.0	353.0	319.0	109.0	133.0	282.0	242.0
171	20141212 04:26:33.969	1237.0	12.0	247.0	166.0	230.0	236.0	400.0	240.0	223.0	205.0	242.0	285.0	264.0	378.0	235.0	230.0	183.0	173.0	224.0	243.0	243.0	338.0	330.0	242.0	214.0	446.0	328.0	326.0	290.0	222.0	226.0	309.0	260.0	192.0	202.0	344.0	140.0	191.0	326.0	256.0	291.0	165.0	214.0	256.0	225.0	269.0	299.0	220.0	189.0	220.0	321.0	242.0	197.0	688.0	185.0
172	20141212 04:26:33.969	1237.0	10.0	247.0	173.0	255.0	236.0	329.0	240.0	238.0	205.0	242.0	285.0	268.0	283.0	235.0	234.0	194.0	189.0	295.0	215.0	324.0	338.0	232.0	251.0	214.0	258.0	328.0	258.0	210.0	222.0	193.0	309.0	260.0	131.0	242.0	344.0	317.0	235.0	326.0	192.0	291.0	186.0	216.0	256.0	259.0	222.0	160.0	194.0	166.0	244.0	321.0	201.0	231.0	688.0	309.0
173	20141212 04:26:33.969	1234.0	10.0	247.0	256.0	255.0	236.0	268.0	148.0	339.0	305.0	191.0	274.0	219.0	281.0	198.0	272.0	363.0	291.0	209.0	188.0	243.0	195.0	232.0	192.0	292.0	258.0	328.0	263.0	255.0	361.0	213.0	276.0	231.0	196.0	232.0	344.0	174.0	219.0	214.0	234.0	291.0	225.0	216.0	338.0	230.0	296.0	307.0	194.0	236.0	247.0	229.0	140.0	195.0	670.0	457.0
174	20141212 04:26:33.969	1237.0	8.0	210.0	205.0	255.0	325.0	329.0	219.0	283.0	263.0	220.0	274.0	268.0	258.0	188.0	234.0	249.0	189.0	295.0	213.0	324.0	249.0	191.0	289.0	209.0	227.0	300.0	240.0	214.0	200.0	322.0	270.0	202.0	234.0	242.0	234.0	317.0	292.0	210.0	295.0	229.0	238.0	216.0	255.0	259.0	258.0	260.0	194.0	367.0	244.0	287.0	201.0	231.0	662.0	518.0
175	20141212 04:26:33.969	1235.0	8.0	233.0	256.0	255.0	325.0	208.0	177.0	339.0	214.0	191.0	280.0	188.0	281.0	186.0	185.0	261.0	189.0	295.0	188.0	216.0	195.0	192.0	289.0	189.0	173.0	300.0	203.0	292.0	262.0	183.0	206.0	259.0	199.0	187.0	328.0	174.0	292.0	131.0	196.0	222.0	238.0	247.0	168.0	249.0	296.0	307.0	194.0	199.0	247.0	287.0	169.0	141.0	550.0	518.0
176	20141212 04:26:33.969	1236.0	6.0	302.0	227.0	227.0	325.0	228.0	215.0	283.0	214.0	145.0	280.0	188.0	194.0	236.0	267.0	249.0	179.0	246.0	232.0	236.0	169.0	185.0	289.0	144.0	264.0	300.0	240.0	250.0	262.0	322.0	270.0	202.0	234.0	194.0	328.0	241.0	292.0	144.0	295.0	203.0	238.0	152.0	187.0	249.0	270.0	260.0	214.0	199.0	241.0	287.0	183.0	162.0	521.0	653.0
177	20141212 05:26:34.85	1238.0	5.0	302.0	171.0	173.0	186.0	199.0	279.0	283.0	263.0	205.0	274.0	209.0	183.0	363.0	224.0	214.0	363.0	162.0	186.0	235.0	292.0	158.0	289.0	295.0	190.0	197.0	240.0	286.0	200.0	322.0	277.0	127.0	192.0	194.0	321.0	262.0	248.0	154.0	295.0	160.0	238.0	228.0	231.0	244.0	270.0	243.0	222.0	367.0	241.0	184.0	183.0	168.0	377.0	692.0
178	20141212 05:26:34.85	1238.0	3.0	302.0	162.0	217.0	186.0	156.0	279.0	262.0	252.0	214.0	327.0	334.0	296.0	363.0	318.0	193.0	363.0	241.0	342.0	185.0	196.0	139.0	162.0	153.0	190.0	237.0	211.0	286.0	184.0	232.0	217.0	208.0	253.0	198.0	321.0	192.0	248.0	157.0	241.0	281.0	224.0	312.0	231.0	256.0	239.0	246.0	250.0	205.0	130.0	160.0	202.0	161.0	320.0	692.0
179	20141212 05:26:34.85	1236.0	3.0	309.0	197.0	217.0	186.0	216.0	234.0	214.0	191.0	214.0	243.0	334.0	183.0	236.0	267.0	234.0	290.0	246.0	226.0	236.0	216.0	174.0	193.0	153.0	264.0	237.0	206.0	286.0	231.0	232.0	182.0	234.0	212.0	198.0	298.0	170.0	189.0	131.0	239.0	281.0	152.0	156.0	187.0	244.0	224.0	243.0	250.0	121.0	201.0	203.0	216.0	177.0	320.0	692.0
