index	mortality	x	y	20141206 20:04:12.520	20141211 07:41:34.643	20141211 08:41:36.275	20141211 09:41:32.269	20141211 10:41:26.513	20141211 11:41:31.85	20141211 12:41:31.597	20141211 13:41:32.45	20141211 14:41:31.412	20141211 15:41:31.403	20141211 16:41:31.33	20141211 17:41:33.218	20141211 18:41:25.39	20141211 19:41:35.10	20141211 20:41:30.466	20141211 21:41:31.329	20141211 22:41:26.130	20141211 23:41:30.192	20141212 00:41:32.974	20141212 01:41:33.722	20141212 02:41:32.866	20141212 03:41:34.27	20141212 04:41:32.833	20141212 05:41:33.867	20141212 06:41:31.247	20141212 07:41:35.541	20141212 08:41:36.718	20141212 09:41:29.388	20141212 10:41:37.279	20141212 11:56:57.61	20141212 12:57:07.102	20141212 13:57:09.996	20141212 14:57:07.23
1	20141211 07:41:34.643	63.0	949.0	193.0	341.0	341.0	340.0	355.0	356.0	428.0	379.0	371.0	416.0	370.0	417.0	322.0	270.0	307.0	233.0	280.0	226.0	283.0	216.0	197.0	191.0	277.0	251.0	272.0	245.0	215.0	249.0	264.0	219.0	207.0	146.0	169.0
2	20141211 08:41:36.275	61.0	949.0	126.0	225.0	324.0	333.0	355.0	356.0	422.0	305.0	371.0	416.0	360.0	417.0	322.0	246.0	307.0	246.0	261.0	226.0	260.0	208.0	192.0	178.0	218.0	251.0	272.0	166.0	215.0	210.0	264.0	184.0	214.0	153.0	202.0
5	20141211 07:41:34.643	114.0	802.0	169.0	321.0	374.0	317.0	383.0	294.0	373.0	427.0	258.0	320.0	281.0	266.0	225.0	300.0	245.0	249.0	204.0	299.0	261.0	243.0	281.0	280.0	284.0	191.0	250.0	219.0	176.0	222.0	241.0	199.0	208.0	142.0	170.0
6	20141211 07:41:34.643	112.0	802.0	187.0	314.0	312.0	317.0	383.0	266.0	373.0	427.0	344.0	320.0	250.0	266.0	225.0	291.0	268.0	249.0	267.0	299.0	219.0	243.0	149.0	280.0	284.0	213.0	246.0	324.0	254.0	222.0	241.0	199.0	208.0	159.0	170.0
7	20141211 07:41:34.643	114.0	800.0	169.0	325.0	374.0	317.0	383.0	294.0	373.0	300.0	271.0	317.0	224.0	310.0	256.0	300.0	245.0	249.0	204.0	299.0	261.0	243.0	158.0	280.0	231.0	191.0	251.0	219.0	182.0	222.0	241.0	207.0	237.0	172.0	204.0
8	20141211 07:41:34.643	112.0	800.0	115.0	325.0	312.0	317.0	383.0	254.0	373.0	323.0	344.0	279.0	250.0	270.0	256.0	291.0	268.0	249.0	267.0	299.0	222.0	243.0	158.0	280.0	242.0	213.0	245.0	269.0	254.0	222.0	241.0	199.0	215.0	148.0	206.0
9	20141212 03:41:34.27	94.0	795.0	114.0	180.0	187.0	145.0	164.0	156.0	134.0	173.0	264.0	203.0	131.0	275.0	159.0	141.0	153.0	178.0	206.0	221.0	220.0	235.0	323.0	481.0	483.0	532.0	468.0	401.0	474.0	380.0	443.0	270.0	281.0	121.0	200.0
10	20141212 03:41:34.27	96.0	794.0	151.0	148.0	148.0	96.0	251.0	156.0	119.0	173.0	144.0	106.0	144.0	152.0	184.0	162.0	179.0	133.0	281.0	215.0	220.0	275.0	332.0	481.0	544.0	576.0	529.0	492.0	439.0	372.0	323.0	263.0	281.0	107.0	200.0
11	20141212 03:41:34.27	92.0	794.0	114.0	180.0	187.0	176.0	154.0	144.0	135.0	185.0	170.0	226.0	170.0	154.0	168.0	177.0	155.0	196.0	192.0	212.0	206.0	239.0	344.0	440.0	598.0	597.0	429.0	408.0	474.0	396.0	443.0	270.0	206.0	105.0	121.0
12	20141212 02:41:32.866	90.0	794.0	104.0	170.0	124.0	77.0	173.0	144.0	150.0	185.0	136.0	184.0	167.0	154.0	168.0	177.0	155.0	196.0	265.0	173.0	206.0	247.0	344.0	429.0	469.0	538.0	429.0	286.0	469.0	441.0	421.0	236.0	265.0	149.0	130.0
13	20141212 03:41:34.27	98.0	793.0	173.0	146.0	148.0	73.0	229.0	182.0	160.0	205.0	167.0	90.0	157.0	164.0	195.0	217.0	192.0	178.0	151.0	215.0	240.0	293.0	270.0	464.0	521.0	482.0	529.0	516.0	403.0	365.0	323.0	263.0	267.0	148.0	166.0
14	20141212 03:41:34.27	94.0	793.0	157.0	148.0	187.0	176.0	251.0	85.0	134.0	172.0	170.0	226.0	237.0	161.0	159.0	167.0	202.0	166.0	281.0	210.0	237.0	244.0	312.0	507.0	617.0	640.0	535.0	540.0	486.0	380.0	443.0	220.0	281.0	80.0	200.0
15	20141212 03:41:34.27	96.0	792.0	182.0	97.0	148.0	129.0	251.0	107.0	119.0	110.0	144.0	106.0	271.0	152.0	150.0	162.0	179.0	178.0	281.0	215.0	197.0	293.0	312.0	549.0	617.0	640.0	529.0	583.0	439.0	372.0	317.0	254.0	267.0	139.0	166.0
16	20141212 02:41:32.866	90.0	792.0	104.0	130.0	183.0	154.0	173.0	159.0	150.0	163.0	221.0	155.0	167.0	131.0	132.0	220.0	146.0	196.0	249.0	229.0	299.0	250.0	344.0	489.0	469.0	538.0	429.0	386.0	522.0	441.0	387.0	204.0	265.0	149.0	130.0
17	20141212 03:41:34.27	98.0	791.0	182.0	154.0	193.0	87.0	238.0	182.0	156.0	269.0	167.0	97.0	161.0	125.0	250.0	217.0	192.0	134.0	151.0	140.0	240.0	293.0	270.0	458.0	537.0	482.0	478.0	516.0	403.0	324.0	228.0	254.0	267.0	157.0	166.0
18	20141212 03:41:34.27	96.0	790.0	182.0	180.0	193.0	176.0	238.0	164.0	153.0	162.0	144.0	132.0	271.0	147.0	250.0	187.0	142.0	183.0	246.0	143.0	235.0	293.0	209.0	549.0	617.0	640.0	532.0	583.0	413.0	328.0	317.0	260.0	284.0	139.0	166.0
19	20141212 03:41:34.27	94.0	790.0	157.0	172.0	134.0	176.0	167.0	121.0	153.0	162.0	192.0	132.0	271.0	200.0	140.0	206.0	206.0	183.0	289.0	249.0	237.0	244.0	265.0	549.0	617.0	640.0	535.0	583.0	486.0	328.0	317.0	220.0	284.0	138.0	120.0
20	20141212 03:41:34.27	92.0	790.0	157.0	196.0	183.0	154.0	175.0	159.0	132.0	163.0	192.0	157.0	237.0	200.0	155.0	220.0	206.0	166.0	289.0	264.0	237.0	255.0	318.0	541.0	573.0	558.0	535.0	500.0	522.0	343.0	378.0	220.0	238.0	104.0	95.0
21	20141212 03:41:34.27	90.0	790.0	135.0	196.0	186.0	154.0	175.0	159.0	121.0	170.0	221.0	157.0	167.0	175.0	199.0	220.0	168.0	154.0	249.0	264.0	299.0	277.0	318.0	489.0	437.0	511.0	368.0	386.0	522.0	422.0	378.0	178.0	232.0	137.0	95.0
22	20141212 03:41:34.27	96.0	788.0	107.0	212.0	193.0	218.0	238.0	164.0	153.0	162.0	144.0	144.0	177.0	166.0	250.0	187.0	171.0	198.0	246.0	149.0	235.0	258.0	232.0	539.0	523.0	543.0	532.0	425.0	296.0	226.0	224.0	260.0	385.0	138.0	120.0
23	20141212 03:41:34.27	94.0	788.0	119.0	212.0	177.0	218.0	229.0	163.0	153.0	203.0	192.0	144.0	177.0	200.0	121.0	206.0	171.0	198.0	259.0	249.0	235.0	258.0	202.0	539.0	573.0	543.0	532.0	425.0	315.0	227.0	244.0	208.0	295.0	178.0	120.0
24	20141212 03:41:34.27	92.0	788.0	135.0	196.0	198.0	137.0	181.0	153.0	132.0	203.0	192.0	165.0	185.0	200.0	155.0	206.0	176.0	154.0	259.0	264.0	227.0	255.0	318.0	522.0	573.0	440.0	487.0	419.0	327.0	343.0	257.0	222.0	238.0	178.0	110.0
25	20141211 08:41:36.275	99.0	656.0	220.0	232.0	333.0	317.0	337.0	298.0	365.0	295.0	292.0	302.0	318.0	322.0	308.0	301.0	285.0	290.0	285.0	316.0	254.0	260.0	277.0	318.0	274.0	267.0	237.0	273.0	316.0	272.0	226.0	209.0	256.0	132.0	143.0
26	20141211 08:41:36.275	97.0	656.0	220.0	233.0	306.0	307.0	337.0	306.0	365.0	311.0	360.0	309.0	277.0	322.0	308.0	273.0	285.0	290.0	283.0	279.0	253.0	260.0	277.0	229.0	271.0	249.0	271.0	273.0	316.0	246.0	195.0	209.0	193.0	117.0	130.0
27	20141211 08:41:36.275	99.0	654.0	220.0	205.0	333.0	317.0	305.0	298.0	363.0	312.0	301.0	302.0	318.0	294.0	279.0	301.0	285.0	290.0	285.0	316.0	254.0	260.0	277.0	229.0	245.0	267.0	226.0	249.0	316.0	222.0	224.0	222.0	313.0	132.0	171.0
28	20141211 09:41:32.269	97.0	654.0	220.0	205.0	245.0	317.0	305.0	306.0	320.0	311.0	360.0	302.0	227.0	294.0	279.0	273.0	285.0	290.0	283.0	232.0	206.0	260.0	277.0	229.0	271.0	234.0	271.0	249.0	316.0	229.0	195.0	222.0	313.0	128.0	129.0
29	20141211 09:41:32.269	94.0	648.0	171.0	190.0	133.0	263.0	234.0	273.0	307.0	292.0	255.0	292.0	315.0	246.0	296.0	254.0	315.0	219.0	219.0	247.0	251.0	240.0	212.0	202.0	310.0	252.0	204.0	189.0	230.0	202.0	297.0	218.0	252.0	169.0	127.0
30	20141211 10:41:26.513	96.0	647.0	185.0	199.0	203.0	267.0	302.0	267.0	294.0	292.0	363.0	292.0	315.0	231.0	252.0	258.0	315.0	219.0	237.0	282.0	251.0	240.0	243.0	303.0	310.0	260.0	275.0	260.0	334.0	202.0	297.0	282.0	319.0	231.0	242.0
31	20141211 09:41:32.269	94.0	646.0	201.0	190.0	133.0	263.0	240.0	230.0	211.0	292.0	275.0	254.0	315.0	246.0	252.0	254.0	315.0	219.0	219.0	247.0	251.0	240.0	212.0	202.0	310.0	252.0	275.0	220.0	240.0	202.0	297.0	191.0	252.0	169.0	242.0
32	20141212 03:41:34.27	96.0	645.0	201.0	199.0	203.0	267.0	302.0	176.0	283.0	292.0	237.0	254.0	237.0	231.0	252.0	254.0	221.0	196.0	237.0	220.0	251.0	169.0	243.0	270.0	199.0	249.0	275.0	213.0	334.0	171.0	266.0	241.0	197.0	231.0	242.0
33	20141211 18:41:25.39	1163.0	497.0	142.0	240.0	275.0	212.0	238.0	216.0	261.0	251.0	185.0	349.0	355.0	360.0	860.0	1014.0	886.0	670.0	754.0	705.0	784.0	661.0	765.0	659.0	702.0	746.0	758.0	594.0	674.0	598.0	575.0	448.0	504.0	169.0	156.0
34	20141211 18:41:25.39	1161.0	497.0	172.0	240.0	275.0	208.0	238.0	204.0	264.0	310.0	202.0	349.0	258.0	342.0	860.0	1014.0	800.0	670.0	754.0	739.0	784.0	661.0	765.0	704.0	702.0	746.0	758.0	599.0	674.0	618.0	599.0	448.0	504.0	169.0	156.0
35	20141211 18:41:25.39	1163.0	495.0	142.0	240.0	165.0	212.0	232.0	216.0	242.0	251.0	185.0	205.0	335.0	385.0	860.0	1014.0	880.0	661.0	754.0	621.0	784.0	652.0	583.0	630.0	658.0	746.0	668.0	594.0	674.0	599.0	554.0	448.0	504.0	204.0	156.0
36	20141211 18:41:25.39	1161.0	495.0	172.0	240.0	177.0	232.0	232.0	128.0	272.0	260.0	202.0	204.0	289.0	385.0	860.0	1014.0	800.0	661.0	754.0	621.0	784.0	652.0	583.0	693.0	658.0	746.0	694.0	594.0	674.0	599.0	534.0	448.0	586.0	204.0	156.0
37	20141211 18:41:25.39	1163.0	493.0	125.0	201.0	214.0	195.0	219.0	316.0	214.0	212.0	164.0	206.0	289.0	403.0	793.0	924.0	772.0	599.0	662.0	621.0	630.0	491.0	479.0	574.0	532.0	539.0	583.0	527.0	473.0	599.0	556.0	514.0	471.0	204.0	95.0
38	20141211 18:41:25.39	1161.0	493.0	145.0	216.0	216.0	238.0	232.0	263.0	272.0	260.0	177.0	206.0	311.0	478.0	793.0	893.0	772.0	625.0	662.0	556.0	630.0	511.0	553.0	593.0	575.0	570.0	583.0	527.0	540.0	599.0	556.0	514.0	586.0	204.0	110.0
40	20141211 07:41:34.643	688.0	456.0	129.0	258.0	356.0	278.0	329.0	331.0	279.0	343.0	236.0	267.0	297.0	307.0	207.0	335.0	285.0	283.0	288.0	268.0	276.0	196.0	261.0	304.0	296.0	280.0	241.0	272.0	186.0	382.0	264.0	309.0	314.0	208.0	116.0
41	20141211 08:41:36.275	692.0	454.0	155.0	275.0	367.0	286.0	356.0	328.0	262.0	426.0	274.0	357.0	308.0	334.0	241.0	409.0	314.0	366.0	278.0	340.0	274.0	257.0	228.0	294.0	313.0	353.0	301.0	307.0	254.0	221.0	236.0	260.0	295.0	154.0	110.0
42	20141211 07:41:34.643	690.0	454.0	155.0	400.0	367.0	286.0	329.0	331.0	386.0	426.0	274.0	357.0	311.0	334.0	241.0	409.0	314.0	324.0	301.0	340.0	276.0	262.0	259.0	288.0	369.0	353.0	316.0	234.0	293.0	221.0	255.0	309.0	295.0	94.0	117.0
44	20141211 07:41:34.643	686.0	454.0	129.0	300.0	356.0	313.0	302.0	278.0	279.0	295.0	294.0	272.0	295.0	269.0	207.0	367.0	243.0	248.0	208.0	299.0	266.0	201.0	310.0	221.0	294.0	211.0	222.0	272.0	243.0	382.0	230.0	270.0	314.0	208.0	148.0
45	20141211 07:41:34.643	690.0	452.0	99.0	400.0	364.0	302.0	285.0	294.0	399.0	426.0	325.0	357.0	323.0	331.0	240.0	409.0	314.0	324.0	301.0	340.0	219.0	262.0	223.0	288.0	369.0	353.0	316.0	288.0	293.0	247.0	294.0	253.0	295.0	116.0	123.0
47	20141211 08:41:36.275	686.0	452.0	134.0	261.0	325.0	322.0	308.0	333.0	266.0	285.0	294.0	272.0	295.0	276.0	212.0	399.0	260.0	238.0	208.0	299.0	209.0	202.0	310.0	242.0	294.0	249.0	257.0	279.0	237.0	228.0	265.0	296.0	269.0	177.0	178.0
48	20141211 08:41:36.275	692.0	451.0	100.0	254.0	299.0	256.0	356.0	288.0	378.0	426.0	278.0	357.0	323.0	331.0	170.0	345.0	314.0	366.0	278.0	239.0	259.0	232.0	237.0	237.0	294.0	353.0	301.0	246.0	256.0	247.0	223.0	220.0	295.0	146.0	135.0
49	20141211 20:41:30.466	903.0	377.0	160.0	225.0	224.0	178.0	244.0	236.0	260.0	223.0	232.0	188.0	310.0	234.0	260.0	269.0	322.0	376.0	464.0	349.0	391.0	372.0	345.0	417.0	419.0	419.0	296.0	336.0	265.0	420.0	317.0	215.0	202.0	157.0	134.0
50	20141211 21:41:31.329	905.0	376.0	160.0	203.0	166.0	208.0	212.0	248.0	180.0	223.0	214.0	234.0	308.0	237.0	226.0	261.0	280.0	434.0	581.0	349.0	476.0	354.0	406.0	446.0	363.0	426.0	334.0	416.0	341.0	405.0	342.0	153.0	161.0	160.0	195.0
51	20141211 20:41:30.466	901.0	376.0	148.0	225.0	224.0	269.0	175.0	244.0	323.0	227.0	200.0	257.0	198.0	219.0	260.0	295.0	430.0	360.0	534.0	407.0	411.0	396.0	341.0	483.0	447.0	418.0	315.0	336.0	387.0	468.0	317.0	215.0	202.0	240.0	123.0
52	20141211 17:41:33.218	679.0	375.0	198.0	219.0	183.0	255.0	353.0	252.0	292.0	362.0	393.0	362.0	392.0	463.0	534.0	623.0	545.0	508.0	439.0	602.0	367.0	364.0	417.0	387.0	308.0	383.0	315.0	269.0	309.0	267.0	249.0	182.0	272.0	180.0	107.0
53	20141211 14:41:31.412	677.0	375.0	155.0	215.0	228.0	213.0	275.0	309.0	292.0	328.0	393.0	398.0	473.0	463.0	595.0	623.0	545.0	508.0	439.0	602.0	324.0	364.0	417.0	387.0	308.0	383.0	315.0	375.0	309.0	267.0	284.0	181.0	272.0	180.0	172.0
54	20141211 21:41:31.329	905.0	374.0	148.0	203.0	220.0	208.0	202.0	248.0	235.0	231.0	147.0	254.0	208.0	233.0	226.0	351.0	335.0	434.0	581.0	362.0	476.0	414.0	416.0	496.0	420.0	426.0	334.0	416.0	341.0	382.0	342.0	153.0	202.0	138.0	195.0
55	20141211 20:41:30.466	903.0	374.0	148.0	264.0	224.0	213.0	279.0	217.0	260.0	213.0	200.0	268.0	293.0	219.0	260.0	351.0	442.0	434.0	588.0	376.0	420.0	418.0	416.0	496.0	483.0	426.0	366.0	416.0	387.0	468.0	342.0	215.0	234.0	138.0	195.0
56	20141211 07:41:34.643	901.0	374.0	159.0	374.0	224.0	269.0	279.0	213.0	323.0	227.0	254.0	268.0	293.0	219.0	260.0	302.0	442.0	360.0	588.0	407.0	420.0	418.0	341.0	483.0	483.0	393.0	366.0	336.0	387.0	468.0	476.0	215.0	234.0	240.0	123.0
57	20141211 15:41:31.403	675.0	374.0	155.0	170.0	246.0	213.0	225.0	309.0	253.0	294.0	357.0	429.0	532.0	526.0	595.0	601.0	504.0	459.0	474.0	420.0	372.0	429.0	449.0	353.0	427.0	444.0	270.0	375.0	275.0	262.0	244.0	214.0	126.0	176.0	178.0
58	20141211 14:41:31.412	679.0	373.0	111.0	306.0	255.0	255.0	353.0	252.0	327.0	362.0	393.0	362.0	513.0	543.0	595.0	623.0	545.0	508.0	439.0	602.0	406.0	364.0	329.0	387.0	367.0	383.0	315.0	267.0	227.0	306.0	249.0	202.0	305.0	130.0	123.0
59	20141211 15:41:31.403	677.0	373.0	250.0	277.0	265.0	216.0	275.0	309.0	327.0	252.0	393.0	429.0	626.0	543.0	595.0	623.0	545.0	508.0	489.0	602.0	406.0	364.0	411.0	407.0	367.0	383.0	315.0	375.0	272.0	306.0	243.0	202.0	252.0	145.0	172.0
60	20141211 19:41:35.10	905.0	372.0	148.0	121.0	220.0	198.0	202.0	150.0	235.0	292.0	137.0	254.0	304.0	198.0	209.0	351.0	356.0	411.0	498.0	362.0	334.0	414.0	491.0	496.0	420.0	424.0	346.0	290.0	321.0	382.0	312.0	150.0	229.0	230.0	115.0
61	20141211 20:41:30.466	903.0	372.0	145.0	264.0	123.0	249.0	279.0	221.0	253.0	213.0	190.0	268.0	293.0	198.0	209.0	351.0	442.0	411.0	588.0	362.0	420.0	418.0	491.0	496.0	483.0	441.0	366.0	325.0	321.0	397.0	299.0	209.0	242.0	154.0	110.0
62	20141211 20:41:30.466	901.0	372.0	159.0	374.0	127.0	249.0	279.0	221.0	253.0	203.0	254.0	268.0	293.0	171.0	201.0	302.0	442.0	359.0	588.0	375.0	420.0	418.0	322.0	474.0	483.0	441.0	366.0	325.0	320.0	461.0	476.0	209.0	242.0	154.0	139.0
63	20141211 16:41:31.33	675.0	372.0	250.0	236.0	265.0	278.0	328.0	297.0	299.0	294.0	357.0	429.0	626.0	526.0	595.0	642.0	540.0	459.0	489.0	475.0	414.0	429.0	449.0	407.0	427.0	444.0	453.0	310.0	284.0	262.0	308.0	214.0	252.0	145.0	172.0
64	20141211 15:41:31.403	673.0	372.0	147.0	229.0	246.0	255.0	258.0	297.0	313.0	328.0	357.0	421.0	532.0	526.0	560.0	601.0	549.0	482.0	467.0	446.0	434.0	429.0	449.0	400.0	427.0	444.0	453.0	306.0	290.0	246.0	314.0	273.0	209.0	107.0	143.0
65	20141211 15:41:31.403	679.0	371.0	152.0	306.0	267.0	259.0	291.0	353.0	343.0	283.0	350.0	398.0	513.0	543.0	595.0	620.0	443.0	500.0	413.0	435.0	406.0	324.0	329.0	386.0	367.0	480.0	241.0	267.0	227.0	370.0	337.0	222.0	305.0	124.0	150.0
66	20141211 16:41:31.33	677.0	371.0	250.0	295.0	265.0	278.0	328.0	353.0	327.0	329.0	330.0	429.0	626.0	543.0	595.0	642.0	540.0	500.0	489.0	475.0	406.0	335.0	411.0	407.0	367.0	480.0	296.0	298.0	284.0	370.0	337.0	250.0	266.0	127.0	150.0
67	20141211 20:41:30.466	903.0	370.0	143.0	180.0	123.0	249.0	192.0	221.0	174.0	253.0	137.0	194.0	188.0	212.0	190.0	290.0	356.0	358.0	529.0	349.0	312.0	344.0	491.0	474.0	432.0	441.0	346.0	325.0	298.0	397.0	295.0	239.0	244.0	154.0	129.0
68	20141211 21:41:31.329	901.0	370.0	182.0	157.0	152.0	249.0	168.0	221.0	131.0	224.0	137.0	186.0	183.0	212.0	189.0	240.0	281.0	358.0	529.0	354.0	334.0	344.0	422.0	474.0	434.0	441.0	335.0	325.0	298.0	397.0	289.0	311.0	242.0	154.0	139.0
69	20141211 16:41:31.33	675.0	370.0	250.0	247.0	265.0	278.0	328.0	297.0	299.0	329.0	349.0	345.0	626.0	471.0	463.0	642.0	540.0	455.0	489.0	475.0	414.0	335.0	313.0	407.0	305.0	329.0	453.0	298.0	284.0	235.0	308.0	250.0	345.0	127.0	137.0
70	20141211 15:41:31.403	673.0	370.0	147.0	247.0	231.0	255.0	258.0	297.0	298.0	328.0	331.0	421.0	537.0	504.0	435.0	591.0	549.0	482.0	467.0	446.0	434.0	335.0	349.0	407.0	347.0	403.0	453.0	271.0	256.0	213.0	314.0	273.0	350.0	105.0	127.0
71	20141212 03:41:34.27	920.0	365.0	152.0	313.0	189.0	205.0	221.0	277.0	193.0	317.0	208.0	187.0	238.0	115.0	209.0	293.0	334.0	296.0	227.0	221.0	232.0	286.0	306.0	468.0	396.0	403.0	434.0	574.0	535.0	516.0	443.0	307.0	260.0	187.0	225.0
72	20141212 03:41:34.27	918.0	365.0	183.0	313.0	146.0	217.0	221.0	277.0	193.0	317.0	208.0	182.0	238.0	159.0	202.0	148.0	245.0	202.0	227.0	221.0	206.0	286.0	294.0	438.0	396.0	382.0	390.0	432.0	402.0	516.0	443.0	307.0	230.0	162.0	225.0
73	20141212 02:41:32.866	905.0	364.0	172.0	237.0	270.0	143.0	182.0	186.0	154.0	132.0	134.0	109.0	240.0	160.0	187.0	210.0	247.0	258.0	280.0	250.0	308.0	354.0	520.0	718.0	556.0	622.0	398.0	405.0	439.0	470.0	388.0	199.0	262.0	171.0	159.0
74	20141212 02:41:32.866	903.0	364.0	172.0	152.0	270.0	224.0	110.0	186.0	154.0	224.0	226.0	166.0	240.0	207.0	197.0	186.0	294.0	258.0	274.0	250.0	319.0	354.0	520.0	718.0	616.0	622.0	485.0	475.0	439.0	470.0	517.0	154.0	322.0	120.0	151.0
75	20141212 02:41:32.866	901.0	364.0	123.0	187.0	241.0	224.0	135.0	135.0	178.0	224.0	226.0	166.0	185.0	207.0	197.0	243.0	294.0	182.0	255.0	203.0	319.0	325.0	515.0	570.0	616.0	590.0	485.0	475.0	438.0	424.0	583.0	178.0	413.0	120.0	229.0
76	20141211 19:41:35.10	920.0	363.0	152.0	313.0	237.0	205.0	159.0	277.0	193.0	317.0	209.0	174.0	319.0	116.0	196.0	332.0	334.0	296.0	261.0	226.0	207.0	230.0	279.0	468.0	396.0	382.0	434.0	495.0	535.0	516.0	444.0	307.0	260.0	226.0	225.0
77	20141212 03:41:34.27	918.0	363.0	183.0	313.0	237.0	205.0	224.0	277.0	175.0	317.0	156.0	182.0	238.0	159.0	188.0	182.0	245.0	200.0	200.0	204.0	213.0	199.0	279.0	438.0	396.0	382.0	390.0	432.0	402.0	516.0	410.0	307.0	198.0	226.0	225.0
78	20141212 01:41:33.722	907.0	363.0	150.0	205.0	174.0	187.0	182.0	273.0	179.0	132.0	179.0	102.0	267.0	133.0	204.0	275.0	151.0	235.0	280.0	275.0	308.0	326.0	479.0	543.0	464.0	515.0	320.0	392.0	418.0	500.0	428.0	258.0	261.0	171.0	159.0
79	20141212 02:41:32.866	905.0	362.0	172.0	188.0	270.0	211.0	151.0	144.0	217.0	164.0	179.0	228.0	240.0	254.0	239.0	210.0	247.0	291.0	280.0	275.0	308.0	386.0	568.0	718.0	557.0	622.0	423.0	496.0	439.0	585.0	450.0	166.0	237.0	149.0	151.0
80	20141212 02:41:32.866	903.0	362.0	172.0	157.0	270.0	211.0	110.0	179.0	217.0	242.0	226.0	228.0	240.0	254.0	251.0	224.0	247.0	291.0	315.0	177.0	319.0	386.0	568.0	718.0	616.0	622.0	485.0	496.0	439.0	585.0	517.0	166.0	322.0	145.0	151.0
81	20141212 02:41:32.866	901.0	362.0	136.0	187.0	241.0	146.0	184.0	179.0	197.0	242.0	226.0	175.0	151.0	188.0	251.0	243.0	222.0	170.0	315.0	255.0	319.0	325.0	515.0	570.0	616.0	590.0	485.0	475.0	474.0	556.0	583.0	212.0	322.0	142.0	103.0
82	20141212 00:41:32.974	907.0	361.0	150.0	188.0	174.0	261.0	151.0	273.0	177.0	134.0	179.0	151.0	267.0	133.0	204.0	237.0	171.0	236.0	278.0	275.0	355.0	326.0	399.0	543.0	464.0	484.0	359.0	392.0	412.0	500.0	452.0	157.0	261.0	109.0	141.0
83	20141212 01:41:33.722	905.0	360.0	113.0	233.0	182.0	211.0	151.0	144.0	217.0	164.0	179.0	228.0	201.0	254.0	262.0	205.0	211.0	291.0	278.0	275.0	266.0	386.0	568.0	644.0	557.0	549.0	423.0	496.0	432.0	585.0	450.0	166.0	225.0	156.0	153.0
84	20141212 02:41:32.866	903.0	360.0	131.0	233.0	226.0	211.0	150.0	179.0	217.0	242.0	203.0	228.0	189.0	254.0	251.0	224.0	211.0	291.0	315.0	177.0	266.0	386.0	568.0	644.0	557.0	549.0	423.0	496.0	432.0	585.0	512.0	207.0	248.0	163.0	153.0
85	20141212 02:41:32.866	901.0	360.0	182.0	186.0	226.0	194.0	184.0	179.0	197.0	242.0	203.0	208.0	213.0	191.0	251.0	224.0	187.0	212.0	315.0	255.0	245.0	307.0	396.0	492.0	471.0	472.0	398.0	384.0	474.0	556.0	524.0	268.0	281.0	163.0	187.0
86	20141212 03:41:34.27	811.0	299.0	166.0	318.0	227.0	253.0	182.0	205.0	239.0	230.0	193.0	182.0	249.0	139.0	155.0	183.0	223.0	274.0	307.0	243.0	245.0	208.0	366.0	675.0	638.0	591.0	654.0	533.0	454.0	510.0	436.0	395.0	361.0	228.0	152.0
87	20141212 03:41:34.27	809.0	299.0	185.0	228.0	199.0	223.0	222.0	205.0	239.0	185.0	232.0	196.0	249.0	163.0	202.0	259.0	223.0	217.0	274.0	214.0	231.0	210.0	468.0	675.0	638.0	809.0	654.0	533.0	417.0	520.0	436.0	395.0	423.0	250.0	154.0
88	20141212 03:41:34.27	807.0	299.0	185.0	228.0	196.0	242.0	222.0	182.0	155.0	221.0	232.0	252.0	215.0	231.0	202.0	259.0	196.0	239.0	274.0	214.0	292.0	213.0	474.0	620.0	588.0	809.0	626.0	477.0	487.0	522.0	410.0	409.0	423.0	250.0	207.0
89	20141212 05:41:33.867	785.0	299.0	79.0	234.0	189.0	112.0	163.0	149.0	259.0	165.0	150.0	171.0	159.0	111.0	182.0	213.0	257.0	209.0	211.0	217.0	266.0	209.0	272.0	247.0	332.0	551.0	462.0	513.0	608.0	491.0	465.0	290.0	398.0	185.0	218.0
90	20141212 05:41:33.867	783.0	299.0	208.0	180.0	189.0	123.0	163.0	163.0	231.0	224.0	207.0	171.0	159.0	147.0	216.0	213.0	257.0	150.0	211.0	217.0	145.0	209.0	272.0	247.0	332.0	520.0	398.0	506.0	608.0	486.0	458.0	160.0	398.0	229.0	218.0
91	20141212 03:41:34.27	805.0	298.0	151.0	257.0	191.0	176.0	183.0	242.0	178.0	178.0	149.0	252.0	215.0	231.0	202.0	236.0	174.0	244.0	250.0	294.0	295.0	221.0	474.0	619.0	837.0	732.0	626.0	541.0	487.0	684.0	555.0	409.0	423.0	179.0	207.0
92	20141212 05:41:33.867	787.0	297.0	154.0	144.0	166.0	159.0	131.0	138.0	257.0	186.0	147.0	190.0	198.0	115.0	147.0	208.0	185.0	174.0	193.0	185.0	266.0	166.0	169.0	304.0	303.0	551.0	472.0	513.0	537.0	618.0	496.0	229.0	277.0	159.0	162.0
93	20141212 05:41:33.867	785.0	297.0	147.0	167.0	166.0	165.0	131.0	208.0	187.0	186.0	148.0	207.0	190.0	103.0	147.0	124.0	257.0	174.0	211.0	137.0	266.0	209.0	177.0	260.0	303.0	551.0	472.0	513.0	537.0	618.0	470.0	211.0	258.0	185.0	179.0
94	20141212 05:41:33.867	783.0	297.0	208.0	180.0	168.0	165.0	138.0	209.0	187.0	224.0	209.0	207.0	116.0	147.0	216.0	197.0	257.0	146.0	211.0	194.0	234.0	209.0	177.0	198.0	236.0	520.0	450.0	506.0	428.0	588.0	458.0	211.0	227.0	185.0	179.0
95	20141212 02:41:32.866	811.0	296.0	166.0	212.0	271.0	217.0	235.0	275.0	224.0	186.0	193.0	182.0	204.0	156.0	180.0	264.0	202.0	234.0	346.0	263.0	231.0	319.0	467.0	738.0	720.0	663.0	654.0	536.0	410.0	436.0	436.0	325.0	437.0	208.0	131.0
96	20141212 02:41:32.866	809.0	296.0	212.0	213.0	199.0	253.0	181.0	227.0	224.0	191.0	193.0	208.0	109.0	139.0	199.0	188.0	208.0	308.0	317.0	263.0	231.0	319.0	543.0	738.0	720.0	809.0	654.0	563.0	534.0	637.0	453.0	346.0	527.0	250.0	209.0
97	20141212 02:41:32.866	807.0	296.0	212.0	213.0	196.0	253.0	183.0	208.0	220.0	191.0	136.0	252.0	215.0	231.0	211.0	313.0	208.0	308.0	329.0	299.0	295.0	290.0	551.0	824.0	837.0	809.0	662.0	563.0	534.0	684.0	555.0	409.0	588.0	250.0	209.0
98	20141212 02:41:32.866	805.0	296.0	224.0	206.0	157.0	224.0	183.0	242.0	286.0	178.0	214.0	252.0	215.0	231.0	211.0	313.0	194.0	244.0	329.0	299.0	295.0	253.0	551.0	824.0	837.0	869.0	662.0	633.0	672.0	692.0	566.0	409.0	596.0	288.0	197.0
99	20141212 03:41:34.27	803.0	296.0	263.0	193.0	229.0	224.0	151.0	297.0	286.0	187.0	214.0	240.0	188.0	226.0	202.0	173.0	218.0	234.0	228.0	285.0	246.0	234.0	510.0	668.0	760.0	869.0	586.0	633.0	672.0	692.0	566.0	338.0	596.0	288.0	176.0
100	20141212 05:41:33.867	787.0	295.0	154.0	139.0	172.0	159.0	138.0	173.0	173.0	186.0	147.0	182.0	213.0	146.0	200.0	187.0	185.0	175.0	202.0	185.0	187.0	146.0	127.0	304.0	306.0	590.0	557.0	543.0	533.0	618.0	496.0	235.0	281.0	147.0	204.0
101	20141212 05:41:33.867	785.0	295.0	147.0	103.0	172.0	165.0	116.0	208.0	130.0	186.0	148.0	207.0	190.0	146.0	200.0	187.0	215.0	175.0	202.0	137.0	234.0	172.0	121.0	260.0	303.0	514.0	557.0	543.0	519.0	618.0	470.0	236.0	289.0	173.0	179.0
102	20141212 05:41:33.867	783.0	295.0	120.0	151.0	168.0	165.0	117.0	209.0	141.0	116.0	209.0	207.0	140.0	162.0	133.0	197.0	215.0	171.0	194.0	137.0	234.0	172.0	117.0	220.0	255.0	514.0	450.0	424.0	460.0	588.0	443.0	236.0	289.0	173.0	199.0
103	20141212 02:41:32.866	809.0	294.0	212.0	251.0	262.0	253.0	181.0	227.0	150.0	235.0	115.0	208.0	169.0	142.0	199.0	212.0	208.0	232.0	238.0	297.0	224.0	319.0	543.0	708.0	699.0	670.0	585.0	563.0	534.0	637.0	446.0	359.0	527.0	238.0	209.0
104	20141212 02:41:32.866	807.0	294.0	212.0	251.0	262.0	253.0	128.0	208.0	220.0	176.0	252.0	244.0	126.0	167.0	211.0	313.0	208.0	213.0	329.0	299.0	224.0	290.0	564.0	824.0	725.0	694.0	662.0	563.0	623.0	637.0	563.0	359.0	588.0	300.0	209.0
105	20141212 02:41:32.866	805.0	294.0	224.0	218.0	157.0	224.0	225.0	208.0	286.0	176.0	252.0	244.0	100.0	243.0	211.0	313.0	288.0	213.0	329.0	299.0	178.0	253.0	623.0	824.0	760.0	869.0	662.0	642.0	672.0	692.0	585.0	395.0	596.0	300.0	197.0
106	20141212 02:41:32.866	803.0	294.0	263.0	193.0	273.0	224.0	225.0	297.0	286.0	202.0	228.0	217.0	191.0	254.0	193.0	251.0	288.0	240.0	329.0	285.0	217.0	257.0	623.0	708.0	760.0	869.0	600.0	642.0	672.0	692.0	585.0	395.0	596.0	288.0	176.0
107	20141212 02:41:32.866	801.0	294.0	263.0	193.0	273.0	181.0	153.0	297.0	156.0	202.0	208.0	217.0	234.0	254.0	193.0	220.0	213.0	240.0	209.0	184.0	217.0	257.0	494.0	708.0	666.0	645.0	495.0	441.0	421.0	505.0	368.0	366.0	403.0	268.0	178.0
108	20141212 03:41:34.27	798.0	293.0	153.0	143.0	178.0	172.0	183.0	277.0	112.0	176.0	157.0	167.0	124.0	175.0	168.0	187.0	202.0	227.0	211.0	205.0	188.0	175.0	249.0	401.0	405.0	507.0	392.0	498.0	554.0	462.0	347.0	247.0	356.0	154.0	179.0
109	20141212 04:41:32.833	796.0	293.0	153.0	122.0	178.0	172.0	169.0	184.0	112.0	197.0	157.0	258.0	93.0	175.0	189.0	187.0	202.0	136.0	201.0	205.0	188.0	162.0	177.0	257.0	339.0	440.0	476.0	498.0	554.0	538.0	383.0	167.0	177.0	171.0	179.0
110	20141212 04:41:32.833	787.0	293.0	111.0	207.0	172.0	176.0	173.0	173.0	173.0	196.0	115.0	193.0	213.0	163.0	200.0	220.0	161.0	266.0	202.0	183.0	286.0	151.0	359.0	295.0	415.0	590.0	557.0	600.0	582.0	660.0	475.0	392.0	324.0	180.0	204.0
111	20141212 04:41:32.833	785.0	293.0	120.0	87.0	172.0	176.0	170.0	149.0	159.0	196.0	110.0	193.0	158.0	163.0	200.0	187.0	177.0	175.0	202.0	122.0	187.0	172.0	359.0	286.0	377.0	514.0	557.0	600.0	582.0	660.0	475.0	392.0	350.0	180.0	117.0
112	20141212 05:41:33.867	783.0	293.0	124.0	151.0	124.0	145.0	170.0	157.0	159.0	176.0	160.0	96.0	145.0	162.0	168.0	133.0	177.0	171.0	190.0	118.0	126.0	172.0	152.0	286.0	329.0	514.0	385.0	424.0	573.0	501.0	417.0	266.0	350.0	140.0	199.0
113	20141212 02:41:32.866	805.0	292.0	172.0	239.0	263.0	149.0	228.0	199.0	189.0	176.0	252.0	244.0	243.0	243.0	182.0	251.0	288.0	213.0	329.0	248.0	234.0	195.0	623.0	700.0	709.0	694.0	600.0	642.0	627.0	553.0	585.0	395.0	415.0	300.0	152.0
114	20141212 02:41:32.866	803.0	292.0	215.0	276.0	273.0	278.0	225.0	186.0	248.0	202.0	228.0	213.0	243.0	254.0	151.0	251.0	288.0	240.0	329.0	215.0	234.0	257.0	623.0	708.0	689.0	686.0	600.0	642.0	627.0	532.0	585.0	395.0	415.0	268.0	152.0
115	20141212 02:41:32.866	801.0	292.0	215.0	276.0	273.0	278.0	166.0	277.0	248.0	202.0	223.0	213.0	234.0	254.0	151.0	220.0	213.0	240.0	209.0	162.0	180.0	257.0	494.0	708.0	666.0	529.0	444.0	441.0	421.0	456.0	368.0	366.0	359.0	268.0	200.0
116	20141212 04:41:32.833	789.0	292.0	123.0	207.0	164.0	162.0	173.0	173.0	198.0	136.0	135.0	164.0	213.0	199.0	176.0	255.0	161.0	266.0	171.0	170.0	286.0	151.0	216.0	295.0	415.0	618.0	473.0	499.0	518.0	566.0	406.0	355.0	324.0	187.0	204.0
117	20141212 03:41:34.27	798.0	291.0	170.0	122.0	234.0	218.0	183.0	277.0	112.0	205.0	174.0	167.0	141.0	175.0	91.0	279.0	202.0	227.0	252.0	205.0	197.0	183.0	249.0	322.0	257.0	507.0	392.0	498.0	493.0	462.0	355.0	247.0	185.0	175.0	179.0
118	20141212 03:41:34.27	796.0	291.0	116.0	122.0	167.0	129.0	169.0	217.0	157.0	197.0	174.0	124.0	164.0	175.0	189.0	279.0	202.0	222.0	207.0	205.0	197.0	175.0	131.0	322.0	339.0	440.0	368.0	498.0	493.0	462.0	355.0	180.0	185.0	171.0	179.0
119	20141212 05:41:33.867	783.0	291.0	124.0	95.0	95.0	254.0	170.0	149.0	159.0	177.0	198.0	102.0	145.0	146.0	168.0	149.0	177.0	216.0	187.0	207.0	220.0	188.0	170.0	286.0	329.0	451.0	387.0	451.0	573.0	420.0	329.0	266.0	350.0	184.0	146.0
120	20141212 04:41:32.833	789.0	290.0	123.0	193.0	142.0	162.0	120.0	188.0	175.0	175.0	81.0	155.0	190.0	199.0	113.0	255.0	125.0	266.0	189.0	170.0	286.0	205.0	287.0	325.0	415.0	618.0	459.0	499.0	416.0	566.0	389.0	279.0	313.0	187.0	171.0
121	20141212 02:41:32.866	787.0	290.0	149.0	103.0	169.0	142.0	150.0	242.0	163.0	141.0	109.0	193.0	158.0	120.0	113.0	220.0	159.0	266.0	202.0	170.0	286.0	268.0	359.0	325.0	415.0	571.0	549.0	499.0	473.0	566.0	404.0	281.0	326.0	135.0	154.0
122	20141212 02:41:32.866	785.0	290.0	149.0	103.0	169.0	186.0	170.0	259.0	158.0	177.0	198.0	193.0	158.0	196.0	131.0	149.0	177.0	266.0	202.0	207.0	220.0	268.0	359.0	295.0	377.0	540.0	549.0	451.0	473.0	545.0	404.0	281.0	326.0	184.0	154.0
123	20141212 00:41:32.974	742.0	290.0	111.0	211.0	260.0	175.0	158.0	255.0	191.0	214.0	170.0	195.0	271.0	259.0	209.0	324.0	197.0	328.0	252.0	322.0	405.0	485.0	357.0	643.0	576.0	513.0	416.0	372.0	364.0	401.0	361.0	382.0	395.0	174.0	181.0
124	20141212 00:41:32.974	740.0	290.0	111.0	166.0	221.0	175.0	158.0	255.0	195.0	171.0	192.0	188.0	351.0	240.0	209.0	324.0	222.0	328.0	244.0	322.0	405.0	429.0	451.0	643.0	576.0	595.0	467.0	372.0	466.0	401.0	389.0	382.0	371.0	241.0	180.0
125	20141211 18:41:25.39	687.0	289.0	165.0	359.0	239.0	350.0	345.0	286.0	176.0	219.0	246.0	254.0	221.0	266.0	499.0	608.0	485.0	409.0	299.0	306.0	260.0	230.0	240.0	168.0	246.0	276.0	202.0	179.0	201.0	232.0	283.0	194.0	268.0	189.0	196.0
126	20141211 07:41:34.643	685.0	289.0	119.0	359.0	246.0	298.0	301.0	286.0	196.0	226.0	259.0	254.0	266.0	291.0	499.0	591.0	452.0	409.0	299.0	306.0	260.0	230.0	240.0	168.0	246.0	206.0	202.0	179.0	141.0	257.0	149.0	194.0	91.0	155.0	140.0
127	20141212 03:41:34.27	789.0	288.0	103.0	193.0	152.0	142.0	165.0	188.0	140.0	175.0	155.0	156.0	165.0	150.0	129.0	116.0	198.0	187.0	189.0	180.0	185.0	205.0	287.0	325.0	287.0	475.0	443.0	421.0	406.0	439.0	388.0	205.0	306.0	211.0	171.0
128	20141211 22:41:26.130	787.0	288.0	180.0	163.0	169.0	142.0	165.0	242.0	140.0	141.0	185.0	105.0	165.0	150.0	129.0	116.0	164.0	266.0	313.0	142.0	185.0	268.0	287.0	325.0	338.0	406.0	411.0	421.0	473.0	439.0	388.0	274.0	307.0	211.0	154.0
129	20141211 22:41:26.130	785.0	288.0	180.0	179.0	169.0	186.0	137.0	259.0	211.0	182.0	185.0	212.0	109.0	196.0	122.0	154.0	165.0	266.0	313.0	207.0	220.0	268.0	278.0	295.0	338.0	376.0	411.0	398.0	473.0	390.0	322.0	274.0	307.0	159.0	154.0
130	20141212 00:41:32.974	742.0	288.0	160.0	215.0	144.0	217.0	158.0	168.0	196.0	197.0	198.0	146.0	255.0	188.0	254.0	276.0	211.0	328.0	252.0	288.0	405.0	485.0	472.0	643.0	576.0	498.0	468.0	370.0	364.0	512.0	313.0	382.0	438.0	227.0	143.0
131	20141212 00:41:32.974	740.0	288.0	160.0	215.0	144.0	173.0	158.0	210.0	204.0	246.0	198.0	163.0	351.0	195.0	254.0	280.0	222.0	328.0	254.0	300.0	405.0	345.0	454.0	643.0	576.0	560.0	477.0	420.0	397.0	512.0	389.0	382.0	393.0	238.0	180.0
132	20141211 18:41:25.39	698.0	287.0	209.0	284.0	199.0	289.0	305.0	211.0	371.0	240.0	234.0	219.0	277.0	226.0	558.0	737.0	463.0	461.0	395.0	402.0	395.0	417.0	513.0	408.0	384.0	518.0	422.0	441.0	493.0	653.0	570.0	344.0	378.0	260.0	160.0
133	20141211 18:41:25.39	696.0	287.0	137.0	284.0	243.0	277.0	292.0	202.0	204.0	240.0	229.0	202.0	208.0	300.0	652.0	737.0	517.0	566.0	395.0	392.0	470.0	417.0	488.0	408.0	384.0	464.0	320.0	351.0	448.0	602.0	579.0	270.0	438.0	260.0	150.0
134	20141211 18:41:25.39	689.0	287.0	142.0	301.0	222.0	317.0	342.0	251.0	294.0	190.0	272.0	262.0	283.0	264.0	434.0	664.0	522.0	465.0	456.0	273.0	361.0	246.0	370.0	426.0	289.0	276.0	222.0	266.0	250.0	255.0	295.0	273.0	360.0	189.0	196.0
135	20141211 18:41:25.39	687.0	287.0	142.0	301.0	226.0	342.0	342.0	286.0	294.0	244.0	215.0	262.0	283.0	264.0	448.0	608.0	546.0	465.0	343.0	306.0	265.0	246.0	335.0	215.0	157.0	276.0	177.0	143.0	201.0	211.0	283.0	194.0	268.0	189.0	196.0
136	20141211 18:41:25.39	685.0	287.0	108.0	294.0	244.0	342.0	301.0	286.0	241.0	244.0	259.0	276.0	267.0	291.0	448.0	591.0	546.0	391.0	299.0	306.0	265.0	230.0	223.0	136.0	159.0	119.0	177.0	143.0	146.0	171.0	200.0	194.0	130.0	186.0	153.0
137	20141212 01:41:33.722	807.0	286.0	175.0	233.0	192.0	317.0	114.0	288.0	118.0	140.0	187.0	173.0	157.0	155.0	288.0	250.0	207.0	227.0	183.0	303.0	196.0	328.0	426.0	501.0	517.0	351.0	427.0	332.0	424.0	259.0	396.0	215.0	192.0	182.0	143.0
138	20141212 02:41:32.866	805.0	286.0	168.0	187.0	265.0	317.0	157.0	228.0	225.0	160.0	187.0	178.0	141.0	155.0	191.0	211.0	174.0	227.0	183.0	303.0	186.0	328.0	565.0	501.0	517.0	351.0	315.0	332.0	424.0	234.0	396.0	159.0	192.0	180.0	128.0
139	20141211 21:41:31.329	742.0	286.0	205.0	215.0	170.0	217.0	97.0	228.0	196.0	197.0	198.0	172.0	149.0	172.0	254.0	210.0	211.0	340.0	204.0	282.0	369.0	285.0	472.0	458.0	467.0	498.0	468.0	347.0	355.0	512.0	313.0	371.0	498.0	227.0	158.0
140	20141211 16:41:31.33	740.0	286.0	160.0	215.0	206.0	181.0	110.0	210.0	204.0	246.0	198.0	214.0	337.0	202.0	254.0	280.0	211.0	242.0	254.0	282.0	432.0	308.0	454.0	502.0	496.0	498.0	477.0	420.0	387.0	512.0	296.0	371.0	470.0	238.0	160.0
141	20141211 16:41:31.33	1191.0	285.0	205.0	206.0	195.0	233.0	296.0	241.0	272.0	257.0	205.0	288.0	1021.0	925.0	777.0	979.0	837.0	696.0	721.0	576.0	612.0	492.0	550.0	617.0	518.0	674.0	453.0	457.0	450.0	484.0	497.0	423.0	474.0	185.0	208.0
142	20141211 16:41:31.33	1189.0	285.0	205.0	206.0	195.0	226.0	296.0	241.0	272.0	209.0	225.0	288.0	1021.0	915.0	771.0	923.0	837.0	648.0	721.0	529.0	607.0	439.0	429.0	617.0	506.0	674.0	430.0	357.0	450.0	484.0	497.0	431.0	474.0	185.0	121.0
143	20141211 18:41:25.39	698.0	285.0	199.0	325.0	211.0	277.0	305.0	172.0	228.0	171.0	256.0	196.0	277.0	226.0	565.0	737.0	502.0	461.0	409.0	392.0	463.0	417.0	513.0	386.0	369.0	518.0	422.0	444.0	576.0	653.0	548.0	344.0	421.0	178.0	213.0
144	20141211 18:41:25.39	696.0	285.0	137.0	331.0	231.0	277.0	292.0	167.0	197.0	237.0	216.0	267.0	186.0	300.0	558.0	737.0	541.0	581.0	473.0	392.0	512.0	417.0	488.0	385.0	385.0	481.0	433.0	444.0	547.0	602.0	579.0	270.0	438.0	178.0	150.0
145	20141211 18:41:25.39	694.0	285.0	172.0	331.0	231.0	220.0	209.0	205.0	199.0	237.0	194.0	267.0	190.0	300.0	477.0	677.0	541.0	581.0	473.0	329.0	512.0	354.0	352.0	385.0	385.0	404.0	433.0	405.0	448.0	602.0	579.0	270.0	438.0	177.0	150.0
146	20141211 19:41:35.10	687.0	285.0	142.0	301.0	226.0	342.0	245.0	190.0	294.0	244.0	215.0	262.0	283.0	264.0	365.0	592.0	546.0	465.0	393.0	286.0	460.0	337.0	335.0	241.0	207.0	135.0	154.0	145.0	186.0	211.0	211.0	137.0	226.0	203.0	153.0
147	20141211 09:41:32.269	685.0	285.0	103.0	294.0	251.0	342.0	250.0	223.0	241.0	244.0	244.0	276.0	267.0	282.0	312.0	569.0	546.0	422.0	305.0	199.0	265.0	216.0	201.0	167.0	186.0	205.0	164.0	134.0	146.0	191.0	200.0	206.0	226.0	186.0	153.0
148	20141211 16:41:31.33	1187.0	284.0	133.0	218.0	234.0	226.0	298.0	297.0	228.0	209.0	346.0	280.0	829.0	753.0	771.0	836.0	581.0	680.0	669.0	428.0	482.0	522.0	469.0	590.0	402.0	510.0	430.0	450.0	394.0	518.0	358.0	462.0	435.0	214.0	86.0
149	20141212 01:41:33.722	807.0	284.0	168.0	187.0	220.0	213.0	180.0	212.0	128.0	188.0	150.0	173.0	204.0	170.0	288.0	250.0	252.0	227.0	165.0	303.0	275.0	328.0	426.0	492.0	517.0	375.0	427.0	332.0	424.0	283.0	396.0	215.0	140.0	135.0	263.0
150	20141212 01:41:33.722	805.0	284.0	106.0	187.0	135.0	216.0	180.0	212.0	89.0	139.0	189.0	124.0	204.0	155.0	145.0	211.0	157.0	227.0	165.0	303.0	186.0	328.0	565.0	492.0	517.0	289.0	315.0	332.0	424.0	283.0	396.0	159.0	113.0	136.0	263.0
151	20141211 18:41:25.39	689.0	284.0	142.0	335.0	213.0	262.0	257.0	280.0	249.0	248.0	164.0	295.0	196.0	224.0	422.0	664.0	522.0	467.0	437.0	418.0	460.0	337.0	335.0	426.0	207.0	174.0	293.0	145.0	199.0	319.0	282.0	180.0	166.0	203.0	137.0
152	20141212 02:41:32.866	816.0	283.0	135.0	225.0	300.0	251.0	140.0	247.0	184.0	156.0	215.0	131.0	161.0	265.0	382.0	329.0	328.0	301.0	266.0	339.0	270.0	383.0	421.0	522.0	646.0	556.0	317.0	352.0	270.0	325.0	262.0	102.0	192.0	169.0	198.0
153	20141212 02:41:32.866	814.0	283.0	132.0	225.0	300.0	235.0	149.0	233.0	165.0	133.0	252.0	187.0	207.0	212.0	345.0	325.0	191.0	301.0	258.0	339.0	260.0	331.0	421.0	514.0	646.0	530.0	355.0	352.0	276.0	325.0	373.0	130.0	195.0	106.0	120.0
154	20141211 18:41:25.39	696.0	283.0	155.0	331.0	211.0	252.0	249.0	219.0	270.0	237.0	148.0	267.0	222.0	162.0	483.0	732.0	552.0	581.0	473.0	386.0	512.0	397.0	368.0	366.0	385.0	481.0	433.0	444.0	547.0	618.0	567.0	270.0	360.0	178.0	152.0
155	20141211 18:41:25.39	694.0	283.0	160.0	331.0	231.0	252.0	261.0	281.0	209.0	237.0	148.0	267.0	222.0	162.0	483.0	732.0	541.0	581.0	512.0	466.0	512.0	354.0	374.0	368.0	385.0	428.0	433.0	405.0	455.0	618.0	449.0	270.0	299.0	177.0	144.0
156	20141211 18:41:25.39	687.0	283.0	142.0	289.0	227.0	236.0	245.0	280.0	226.0	258.0	215.0	258.0	262.0	224.0	365.0	566.0	501.0	422.0	393.0	286.0	460.0	337.0	243.0	241.0	207.0	135.0	120.0	175.0	150.0	191.0	282.0	98.0	226.0	203.0	144.0
157	20141211 19:41:35.10	685.0	283.0	176.0	289.0	251.0	218.0	198.0	306.0	219.0	258.0	172.0	221.0	262.0	282.0	335.0	566.0	461.0	422.0	305.0	253.0	219.0	216.0	201.0	167.0	197.0	205.0	164.0	175.0	142.0	191.0	167.0	206.0	226.0	189.0	132.0
158	20141211 16:41:31.33	1191.0	282.0	104.0	377.0	195.0	308.0	296.0	280.0	305.0	257.0	296.0	345.0	1348.0	1275.0	1043.0	1247.0	1056.0	900.0	889.0	790.0	839.0	686.0	729.0	782.0	874.0	705.0	713.0	664.0	578.0	704.0	674.0	687.0	737.0	185.0	208.0
159	20141211 16:41:31.33	1189.0	282.0	106.0	377.0	195.0	308.0	296.0	300.0	315.0	251.0	346.0	345.0	1248.0	1201.0	972.0	1079.0	1034.0	765.0	889.0	630.0	665.0	584.0	658.0	727.0	759.0	674.0	684.0	502.0	546.0	681.0	503.0	496.0	670.0	229.0	152.0
160	20141211 16:41:31.33	1187.0	282.0	106.0	218.0	234.0	291.0	298.0	300.0	315.0	245.0	346.0	252.0	1046.0	793.0	771.0	865.0	684.0	683.0	669.0	592.0	482.0	584.0	469.0	590.0	447.0	591.0	481.0	459.0	546.0	537.0	445.0	462.0	478.0	229.0	115.0
161	20141211 18:41:25.39	818.0	282.0	135.0	224.0	262.0	291.0	88.0	247.0	184.0	200.0	215.0	166.0	171.0	312.0	382.0	457.0	368.0	361.0	314.0	345.0	372.0	383.0	404.0	522.0	510.0	556.0	269.0	325.0	256.0	165.0	237.0	158.0	196.0	169.0	140.0
162	20141212 02:41:32.866	816.0	281.0	135.0	225.0	218.0	198.0	175.0	247.0	228.0	178.0	215.0	145.0	179.0	265.0	382.0	383.0	387.0	361.0	307.0	339.0	372.0	333.0	421.0	522.0	646.0	556.0	368.0	366.0	270.0	325.0	283.0	102.0	196.0	148.0	160.0
163	20141211 19:41:35.10	814.0	281.0	147.0	225.0	260.0	117.0	175.0	285.0	216.0	172.0	150.0	145.0	207.0	174.0	349.0	383.0	203.0	338.0	297.0	339.0	327.0	333.0	421.0	514.0	646.0	505.0	368.0	366.0	276.0	325.0	373.0	118.0	195.0	115.0	160.0
164	20141212 02:41:32.866	812.0	281.0	147.0	218.0	260.0	117.0	149.0	285.0	211.0	220.0	150.0	171.0	207.0	171.0	259.0	259.0	175.0	224.0	211.0	211.0	211.0	280.0	358.0	514.0	477.0	501.0	355.0	346.0	302.0	393.0	373.0	198.0	195.0	162.0	127.0
165	20141211 18:41:25.39	696.0	281.0	155.0	258.0	258.0	252.0	204.0	221.0	270.0	168.0	243.0	218.0	222.0	268.0	498.0	732.0	552.0	504.0	473.0	399.0	492.0	397.0	368.0	373.0	351.0	428.0	315.0	410.0	492.0	618.0	567.0	283.0	360.0	175.0	160.0
166	20141211 18:41:25.39	694.0	281.0	153.0	237.0	258.0	284.0	261.0	281.0	209.0	179.0	230.0	203.0	222.0	268.0	483.0	732.0	551.0	504.0	512.0	466.0	489.0	397.0	374.0	368.0	249.0	428.0	286.0	384.0	455.0	618.0	449.0	283.0	299.0	147.0	160.0
167	20141211 16:41:31.33	1191.0	280.0	107.0	377.0	175.0	319.0	346.0	280.0	305.0	283.0	323.0	420.0	1348.0	1275.0	1189.0	1247.0	1196.0	933.0	908.0	818.0	839.0	686.0	729.0	782.0	874.0	791.0	713.0	664.0	633.0	714.0	674.0	687.0	737.0	126.0	152.0
168	20141211 16:41:31.33	1189.0	280.0	106.0	377.0	175.0	319.0	248.0	300.0	315.0	269.0	279.0	274.0	1248.0	1201.0	972.0	1079.0	1034.0	765.0	889.0	684.0	665.0	584.0	658.0	727.0	759.0	667.0	684.0	568.0	584.0	681.0	589.0	516.0	670.0	229.0	152.0
169	20141211 16:41:31.33	1187.0	280.0	119.0	213.0	194.0	291.0	248.0	300.0	315.0	245.0	269.0	274.0	1046.0	793.0	754.0	865.0	684.0	683.0	637.0	592.0	475.0	584.0	441.0	560.0	447.0	595.0	481.0	540.0	546.0	537.0	445.0	516.0	478.0	229.0	115.0
170	20141211 18:41:25.39	818.0	280.0	125.0	211.0	173.0	291.0	233.0	178.0	228.0	178.0	215.0	267.0	236.0	312.0	377.0	540.0	422.0	361.0	314.0	448.0	372.0	311.0	404.0	522.0	489.0	556.0	269.0	325.0	256.0	228.0	237.0	107.0	196.0	116.0	140.0
171	20141211 18:41:25.39	816.0	279.0	125.0	211.0	230.0	198.0	175.0	197.0	262.0	249.0	152.0	267.0	233.0	243.0	349.0	403.0	422.0	361.0	370.0	448.0	372.0	333.0	384.0	518.0	516.0	505.0	374.0	366.0	258.0	229.0	283.0	228.0	196.0	135.0	160.0
172	20141211 18:41:25.39	814.0	279.0	147.0	169.0	176.0	118.0	175.0	285.0	262.0	249.0	175.0	209.0	233.0	174.0	349.0	403.0	218.0	338.0	305.0	353.0	327.0	348.0	428.0	518.0	516.0	505.0	374.0	366.0	286.0	285.0	335.0	132.0	119.0	135.0	160.0
173	20141212 01:41:33.722	812.0	279.0	147.0	217.0	178.0	151.0	161.0	285.0	218.0	200.0	175.0	114.0	165.0	164.0	222.0	263.0	208.0	234.0	211.0	234.0	189.0	348.0	428.0	511.0	454.0	442.0	345.0	317.0	286.0	297.0	335.0	198.0	119.0	202.0	113.0
174	20141212 00:41:32.974	806.0	279.0	131.0	204.0	161.0	151.0	195.0	133.0	167.0	159.0	180.0	177.0	225.0	147.0	103.0	222.0	194.0	210.0	238.0	178.0	323.0	188.0	317.0	489.0	388.0	354.0	374.0	257.0	343.0	433.0	408.0	190.0	179.0	180.0	161.0
175	20141212 00:41:32.974	804.0	279.0	178.0	190.0	162.0	175.0	195.0	140.0	189.0	116.0	198.0	132.0	145.0	147.0	123.0	263.0	194.0	157.0	238.0	178.0	323.0	170.0	317.0	441.0	388.0	332.0	374.0	257.0	343.0	349.0	408.0	190.0	276.0	164.0	82.0
176	20141211 18:41:25.39	696.0	279.0	231.0	258.0	258.0	173.0	242.0	257.0	194.0	162.0	260.0	218.0	283.0	268.0	498.0	714.0	551.0	466.0	462.0	413.0	489.0	397.0	324.0	388.0	351.0	316.0	277.0	410.0	361.0	497.0	529.0	283.0	253.0	175.0	160.0
177	20141211 18:41:25.39	694.0	279.0	175.0	235.0	258.0	284.0	242.0	201.0	194.0	155.0	230.0	227.0	283.0	268.0	462.0	680.0	551.0	478.0	475.0	413.0	489.0	397.0	283.0	305.0	258.0	273.0	286.0	384.0	361.0	497.0	410.0	283.0	197.0	164.0	160.0
178	20141211 16:41:31.33	1191.0	278.0	132.0	273.0	248.0	319.0	366.0	242.0	225.0	283.0	323.0	420.0	1242.0	1129.0	1189.0	1181.0	1196.0	933.0	908.0	818.0	794.0	608.0	698.0	767.0	712.0	791.0	616.0	649.0	633.0	714.0	647.0	568.0	662.0	131.0	140.0
179	20141211 16:41:31.33	1189.0	278.0	107.0	273.0	248.0	319.0	248.0	242.0	214.0	269.0	248.0	305.0	1028.0	944.0	848.0	1017.0	778.0	715.0	707.0	684.0	631.0	560.0	625.0	656.0	688.0	653.0	568.0	568.0	584.0	646.0	589.0	529.0	608.0	117.0	104.0
180	20141211 17:41:33.218	818.0	278.0	125.0	226.0	230.0	253.0	233.0	178.0	228.0	164.0	195.0	267.0	236.0	333.0	361.0	540.0	469.0	354.0	370.0	448.0	362.0	289.0	384.0	467.0	489.0	425.0	263.0	292.0	201.0	258.0	267.0	228.0	158.0	134.0	148.0
181	20141212 02:41:32.866	806.0	277.0	134.0	204.0	161.0	151.0	195.0	175.0	167.0	166.0	180.0	119.0	145.0	80.0	158.0	208.0	160.0	173.0	238.0	178.0	126.0	208.0	317.0	473.0	388.0	354.0	355.0	271.0	343.0	445.0	408.0	233.0	179.0	180.0	83.0
182	20141211 19:41:35.10	804.0	277.0	131.0	241.0	132.0	144.0	195.0	190.0	189.0	160.0	198.0	149.0	137.0	82.0	148.0	263.0	160.0	157.0	238.0	178.0	200.0	170.0	317.0	441.0	388.0	332.0	355.0	246.0	343.0	349.0	408.0	233.0	177.0	136.0	120.0
183	20141212 03:41:34.27	722.0	275.0	176.0	291.0	326.0	247.0	286.0	253.0	227.0	263.0	241.0	265.0	222.0	271.0	211.0	285.0	309.0	253.0	222.0	255.0	264.0	268.0	364.0	708.0	603.0	751.0	559.0	458.0	360.0	616.0	531.0	396.0	419.0	240.0	131.0
184	20141212 03:41:34.27	720.0	275.0	176.0	279.0	297.0	247.0	286.0	467.0	290.0	263.0	288.0	265.0	244.0	291.0	239.0	261.0	309.0	264.0	297.0	260.0	318.0	299.0	472.0	823.0	603.0	751.0	559.0	513.0	474.0	616.0	531.0	458.0	515.0	240.0	162.0
185	20141212 02:41:32.866	718.0	275.0	150.0	374.0	346.0	292.0	284.0	467.0	301.0	331.0	334.0	347.0	249.0	376.0	380.0	343.0	360.0	294.0	297.0	298.0	363.0	334.0	490.0	823.0	611.0	624.0	553.0	513.0	495.0	613.0	626.0	534.0	515.0	279.0	162.0
186	20141211 08:41:36.275	716.0	275.0	136.0	374.0	458.0	299.0	370.0	349.0	325.0	404.0	334.0	347.0	306.0	376.0	380.0	361.0	360.0	342.0	473.0	330.0	363.0	407.0	490.0	728.0	615.0	574.0	567.0	495.0	517.0	560.0	683.0	534.0	559.0	279.0	200.0
187	20141211 08:41:36.275	714.0	275.0	148.0	323.0	458.0	299.0	397.0	369.0	382.0	404.0	328.0	351.0	306.0	365.0	284.0	361.0	354.0	342.0	473.0	330.0	399.0	407.0	420.0	653.0	615.0	539.0	567.0	537.0	517.0	690.0	683.0	527.0	559.0	181.0	200.0
188	20141212 03:41:34.27	710.0	275.0	148.0	375.0	289.0	337.0	421.0	352.0	388.0	417.0	367.0	303.0	282.0	362.0	317.0	432.0	411.0	407.0	320.0	328.0	327.0	273.0	377.0	517.0	566.0	450.0	408.0	483.0	433.0	671.0	727.0	534.0	574.0	142.0	163.0
189	20141212 03:41:34.27	708.0	275.0	141.0	375.0	271.0	272.0	421.0	352.0	351.0	417.0	311.0	422.0	392.0	362.0	346.0	388.0	411.0	407.0	335.0	330.0	296.0	273.0	320.0	474.0	384.0	395.0	356.0	441.0	309.0	655.0	727.0	534.0	574.0	190.0	210.0
190	20141211 15:41:31.403	706.0	275.0	169.0	296.0	306.0	272.0	362.0	265.0	372.0	321.0	311.0	422.0	392.0	310.0	346.0	355.0	373.0	357.0	335.0	426.0	280.0	261.0	305.0	422.0	300.0	391.0	287.0	325.0	294.0	655.0	618.0	509.0	531.0	250.0	210.0
191	20141212 05:41:33.867	1180.0	274.0	140.0	202.0	185.0	245.0	206.0	187.0	199.0	213.0	184.0	262.0	291.0	233.0	274.0	359.0	225.0	286.0	207.0	235.0	330.0	384.0	395.0	533.0	678.0	1267.0	979.0	870.0	701.0	908.0	779.0	752.0	819.0	124.0	118.0
192	20141212 05:41:33.867	1178.0	274.0	107.0	228.0	134.0	245.0	225.0	268.0	261.0	229.0	184.0	260.0	299.0	243.0	301.0	359.0	225.0	313.0	222.0	275.0	330.0	319.0	395.0	533.0	678.0	1267.0	979.0	870.0	701.0	908.0	779.0	752.0	819.0	162.0	176.0
193	20141212 04:41:32.833	1176.0	274.0	106.0	272.0	158.0	216.0	225.0	268.0	261.0	229.0	198.0	226.0	299.0	243.0	301.0	300.0	257.0	313.0	222.0	295.0	353.0	316.0	352.0	457.0	654.0	1140.0	895.0	806.0	639.0	758.0	743.0	614.0	764.0	162.0	176.0
194	20141212 04:41:32.833	1174.0	274.0	133.0	272.0	158.0	176.0	158.0	230.0	199.0	191.0	229.0	173.0	354.0	229.0	271.0	208.0	257.0	213.0	219.0	295.0	353.0	316.0	339.0	320.0	530.0	760.0	624.0	644.0	423.0	663.0	582.0	430.0	484.0	160.0	152.0
195	20141212 03:41:34.27	722.0	273.0	167.0	254.0	326.0	229.0	286.0	229.0	296.0	163.0	218.0	214.0	197.0	277.0	249.0	261.0	294.0	189.0	218.0	202.0	286.0	267.0	404.0	764.0	633.0	751.0	559.0	459.0	513.0	616.0	531.0	494.0	468.0	198.0	142.0
196	20141212 03:41:34.27	720.0	273.0	150.0	249.0	283.0	252.0	286.0	205.0	233.0	177.0	288.0	196.0	244.0	291.0	313.0	426.0	305.0	225.0	297.0	260.0	318.0	335.0	472.0	823.0	633.0	751.0	559.0	513.0	419.0	616.0	531.0	544.0	533.0	154.0	145.0
197	20141212 02:41:32.866	718.0	273.0	150.0	374.0	344.0	340.0	308.0	284.0	233.0	326.0	334.0	347.0	247.0	291.0	343.0	426.0	360.0	294.0	297.0	295.0	363.0	405.0	490.0	823.0	615.0	624.0	553.0	530.0	495.0	613.0	626.0	585.0	582.0	207.0	180.0
198	20141212 02:41:32.866	716.0	273.0	136.0	374.0	344.0	340.0	308.0	325.0	311.0	339.0	334.0	347.0	247.0	304.0	343.0	408.0	360.0	294.0	231.0	295.0	363.0	407.0	490.0	728.0	623.0	574.0	567.0	530.0	517.0	583.0	683.0	585.0	599.0	207.0	200.0
199	20141212 03:41:34.27	714.0	273.0	179.0	315.0	301.0	264.0	397.0	325.0	382.0	367.0	269.0	328.0	331.0	422.0	285.0	360.0	317.0	335.0	361.0	359.0	399.0	407.0	420.0	746.0	623.0	557.0	567.0	460.0	517.0	690.0	683.0	527.0	622.0	181.0	200.0
200	20141211 10:41:26.513	710.0	273.0	141.0	375.0	289.0	272.0	547.0	328.0	302.0	315.0	318.0	256.0	346.0	304.0	353.0	432.0	353.0	338.0	310.0	310.0	313.0	361.0	388.0	591.0	566.0	438.0	494.0	454.0	408.0	671.0	686.0	534.0	539.0	165.0	172.0
201	20141211 10:41:26.513	708.0	273.0	141.0	375.0	355.0	272.0	547.0	328.0	319.0	314.0	311.0	300.0	392.0	267.0	346.0	347.0	349.0	357.0	323.0	317.0	288.0	345.0	363.0	481.0	470.0	395.0	356.0	454.0	408.0	655.0	686.0	534.0	531.0	142.0	163.0
202	20141212 03:41:34.27	706.0	273.0	169.0	282.0	355.0	204.0	273.0	253.0	319.0	273.0	311.0	341.0	392.0	254.0	346.0	367.0	373.0	357.0	323.0	317.0	280.0	345.0	305.0	422.0	300.0	391.0	321.0	313.0	285.0	655.0	618.0	509.0	531.0	250.0	132.0
203	20141212 04:41:32.833	1180.0	272.0	157.0	202.0	191.0	259.0	206.0	202.0	202.0	213.0	229.0	237.0	282.0	297.0	289.0	359.0	225.0	286.0	306.0	269.0	388.0	336.0	448.0	533.0	778.0	1268.0	1106.0	922.0	1013.0	1092.0	869.0	841.0	819.0	124.0	138.0
204	20141212 04:41:32.833	1178.0	272.0	157.0	228.0	191.0	233.0	187.0	268.0	261.0	229.0	229.0	226.0	268.0	299.0	301.0	359.0	225.0	313.0	306.0	275.0	388.0	319.0	448.0	554.0	768.0	1267.0	1047.0	922.0	1013.0	973.0	869.0	841.0	819.0	139.0	153.0
205	20141212 04:41:32.833	1176.0	272.0	116.0	272.0	166.0	226.0	158.0	268.0	267.0	229.0	198.0	226.0	294.0	299.0	301.0	300.0	259.0	313.0	222.0	295.0	353.0	309.0	359.0	554.0	670.0	1140.0	963.0	806.0	639.0	771.0	743.0	614.0	764.0	160.0	153.0
206	20141212 04:41:32.833	1174.0	272.0	118.0	272.0	158.0	226.0	229.0	263.0	267.0	124.0	198.0	189.0	354.0	205.0	269.0	272.0	259.0	213.0	178.0	295.0	353.0	268.0	339.0	320.0	515.0	760.0	624.0	664.0	476.0	663.0	582.0	430.0	543.0	171.0	139.0
207	20141211 07:41:34.643	869.0	267.0	123.0	332.0	358.0	358.0	378.0	340.0	360.0	385.0	419.0	330.0	307.0	286.0	308.0	487.0	358.0	435.0	303.0	301.0	239.0	295.0	288.0	362.0	291.0	377.0	205.0	253.0	233.0	259.0	336.0	292.0	336.0	210.0	179.0
208	20141211 07:41:34.643	867.0	267.0	134.0	336.0	396.0	358.0	378.0	515.0	421.0	427.0	419.0	354.0	307.0	350.0	241.0	487.0	361.0	344.0	302.0	301.0	279.0	295.0	288.0	362.0	293.0	377.0	273.0	276.0	288.0	264.0	225.0	292.0	342.0	146.0	183.0
209	20141211 07:41:34.643	865.0	267.0	143.0	336.0	396.0	347.0	330.0	515.0	421.0	427.0	328.0	354.0	324.0	350.0	241.0	345.0	361.0	288.0	358.0	277.0	279.0	247.0	244.0	310.0	293.0	328.0	273.0	276.0	288.0	264.0	225.0	278.0	342.0	244.0	183.0
210	20141211 07:41:34.643	869.0	265.0	139.0	332.0	308.0	328.0	473.0	328.0	313.0	359.0	419.0	312.0	400.0	396.0	308.0	487.0	367.0	435.0	307.0	301.0	346.0	263.0	288.0	362.0	283.0	267.0	279.0	297.0	203.0	260.0	282.0	307.0	302.0	151.0	245.0
211	20141211 10:41:26.513	867.0	265.0	174.0	335.0	308.0	334.0	473.0	515.0	359.0	359.0	419.0	301.0	307.0	350.0	276.0	487.0	361.0	284.0	288.0	301.0	346.0	263.0	288.0	362.0	293.0	267.0	279.0	276.0	288.0	264.0	282.0	362.0	342.0	146.0	183.0
212	20141211 11:41:31.85	865.0	265.0	174.0	335.0	339.0	334.0	317.0	515.0	359.0	328.0	278.0	301.0	324.0	350.0	270.0	355.0	361.0	288.0	288.0	277.0	299.0	247.0	244.0	351.0	293.0	251.0	273.0	276.0	288.0	268.0	223.0	362.0	342.0	126.0	183.0
213	20141211 07:41:34.643	867.0	263.0	174.0	340.0	308.0	334.0	473.0	401.0	359.0	390.0	323.0	303.0	317.0	315.0	337.0	393.0	299.0	268.0	285.0	245.0	346.0	263.0	211.0	351.0	294.0	257.0	284.0	292.0	280.0	382.0	296.0	362.0	403.0	131.0	180.0
214	20141211 07:41:34.643	865.0	263.0	174.0	335.0	339.0	334.0	317.0	309.0	359.0	390.0	323.0	301.0	282.0	299.0	337.0	355.0	299.0	268.0	283.0	239.0	299.0	220.0	211.0	351.0	294.0	254.0	284.0	275.0	233.0	282.0	296.0	362.0	251.0	183.0	168.0
215	20141212 05:41:33.867	1157.0	218.0	178.0	200.0	188.0	217.0	219.0	266.0	261.0	198.0	225.0	272.0	179.0	215.0	282.0	302.0	288.0	306.0	330.0	260.0	233.0	243.0	276.0	316.0	427.0	726.0	708.0	572.0	555.0	734.0	541.0	519.0	575.0	149.0	149.0
216	20141212 04:41:32.833	1155.0	218.0	150.0	200.0	177.0	190.0	210.0	224.0	261.0	198.0	164.0	218.0	184.0	215.0	282.0	377.0	268.0	249.0	303.0	247.0	230.0	234.0	333.0	368.0	534.0	726.0	720.0	572.0	671.0	811.0	701.0	557.0	698.0	165.0	164.0
217	20141212 04:41:32.833	1153.0	218.0	149.0	214.0	177.0	190.0	210.0	239.0	206.0	209.0	144.0	279.0	184.0	222.0	175.0	377.0	268.0	202.0	318.0	247.0	248.0	252.0	333.0	368.0	534.0	760.0	720.0	577.0	671.0	811.0	701.0	557.0	698.0	165.0	170.0
218	20141212 05:41:33.867	1157.0	216.0	178.0	200.0	158.0	218.0	228.0	224.0	261.0	205.0	225.0	206.0	181.0	182.0	267.0	271.0	288.0	306.0	203.0	251.0	232.0	243.0	270.0	265.0	290.0	598.0	545.0	454.0	471.0	586.0	524.0	383.0	419.0	162.0	123.0
219	20141212 04:41:32.833	1155.0	216.0	150.0	221.0	177.0	218.0	228.0	224.0	261.0	205.0	164.0	187.0	181.0	204.0	267.0	271.0	248.0	256.0	222.0	247.0	204.0	234.0	270.0	276.0	416.0	598.0	618.0	487.0	471.0	586.0	524.0	432.0	493.0	162.0	180.0
220	20141212 04:41:32.833	1153.0	216.0	118.0	221.0	177.0	203.0	210.0	194.0	198.0	229.0	138.0	179.0	272.0	222.0	231.0	311.0	248.0	240.0	222.0	247.0	204.0	252.0	232.0	276.0	416.0	589.0	618.0	487.0	469.0	512.0	510.0	434.0	493.0	161.0	180.0
221	20141211 21:41:31.329	798.0	16.0	213.0	0.0	0.0	0.0	0.0	0.0	0.0	0.0	0.0	7.0	0.0	0.0	0.0	1.0	7.0	226.0	227.0	6.0	153.0	0.0	7.0	9.0	1.0	7.0	6.0	6.0	262.0	413.0	313.0	243.0	272.0	145.0	212.0
222	20141211 22:41:26.130	796.0	16.0	186.0	0.0	0.0	0.0	0.0	0.0	0.0	0.0	0.0	9.0	1.0	0.0	0.0	1.0	7.0	185.0	292.0	6.0	226.0	0.0	9.0	7.0	1.0	7.0	7.0	6.0	262.0	413.0	315.0	236.0	330.0	146.0	212.0
223	20141212 09:41:29.388	798.0	13.0	178.0	0.0	0.0	0.0	0.0	0.0	0.0	0.0	0.0	1.0	0.0	0.0	0.0	0.0	0.0	1.0	7.0	0.0	0.0	0.0	0.0	1.0	0.0	0.0	0.0	0.0	5.0	179.0	299.0	221.0	272.0	198.0	141.0
224	20141212 09:41:29.388	796.0	13.0	178.0	0.0	0.0	0.0	0.0	0.0	0.0	0.0	0.0	1.0	0.0	0.0	0.0	0.0	0.0	1.0	8.0	0.0	1.0	0.0	0.0	1.0	0.0	0.0	0.0	0.0	6.0	176.0	315.0	221.0	246.0	199.0	160.0
