index	mortality	x	y	20140718 20:23:43.947	20140718 21:21:56.742	20140718 22:22:05.690	20140718 23:22:03.921	20140719 00:22:03.770	20140719 01:22:08.691	20140719 02:22:04.437	20140719 03:22:06.385	20140719 04:22:06.977	20140719 05:22:03.946	20140719 06:22:05.354	20140719 07:22:06.747	20140719 08:22:03.977	20140719 09:22:03.441	20140719 10:22:06.34	20140719 11:22:04.163	20140719 12:22:08.159	20140719 13:22:06.866	20140719 14:22:05.490	20140719 15:22:07.799	20140719 16:22:08.232	20140719 18:22:05.829	20140719 20:22:04.736	20140719 21:22:08.656	20140719 22:22:06.690	20140719 23:22:05.327	20140720 00:22:05.634	20140720 01:22:09.649	20140720 02:22:09.75	20140720 03:22:10.286	20140720 04:22:08.643	20140720 05:22:08.804	20140720 19:22:11.30	20140720 20:22:11.12	20140720 21:22:07.572	20140720 22:22:10.325	20140720 23:22:08.778	20140721 00:22:08.760	20140721 01:22:11.04	20140721 02:22:07.439	20140721 03:22:10.53	20140721 04:22:08.768	20140721 05:22:08.588	20140721 11:22:06.553	20140721 12:22:09.442	20140721 13:22:08.393	20140721 14:22:11.969	20140721 15:22:08.790	20140721 16:22:12.16	20140721 17:22:12.765	20140721 18:22:09.831	20140721 19:22:15.513	20140721 20:22:08.563	20140721 21:22:12.400	20140721 22:22:09.783	20140721 23:22:16.156	20140722 00:22:14.274	20140722 01:22:12.903	20140722 02:22:14.940	20140722 03:22:12.508	20140722 04:22:13.19	20140722 05:22:10.81	20140722 15:22:11.974	20140722 16:22:13.722	20140722 17:22:10.47	20140722 19:02:50.559	20140722 20:02:55.177	20140722 21:02:58.11	20140722 22:02:53.272	20140722 23:02:52.422	20140723 09:02:54.118	20140723 09:56:33.981	20140723 10:56:35.627	20140723 11:56:38.775	20140723 12:56:35.824
1	20140721 12:22:09.442	360.0	962.0	0.0	0.0	0.0	0.0	0.0	0.0	0.0	0.0	0.0	0.0	0.0	0.0	0.0	0.0	0.0	0.0	0.0	0.0	0.0	0.0	0.0	0.0	0.0	0.0	0.0	147.0	119.0	153.0	104.0	96.0	136.0	118.0	130.0	147.0	152.0	166.0	158.0	92.0	114.0	135.0	92.0	151.0	125.0	180.0	287.0	244.0	233.0	264.0	199.0	222.0	193.0	178.0	290.0	211.0	248.0	292.0	287.0	328.0	273.0	286.0	336.0	255.0	271.0	155.0	8.0	96.0	371.0	192.0	262.0	0.0	203.0	0.0	0.0	0.0	0.0
2	20140721 22:22:09.783	1279.0	961.0	0.0	0.0	0.0	0.0	0.0	4.0	19.0	136.0	119.0	71.0	109.0	105.0	129.0	97.0	136.0	103.0	122.0	155.0	126.0	121.0	102.0	141.0	125.0	163.0	152.0	184.0	106.0	179.0	151.0	218.0	188.0	145.0	155.0	206.0	184.0	134.0	210.0	150.0	176.0	210.0	202.0	96.0	256.0	194.0	227.0	216.0	200.0	275.0	166.0	196.0	155.0	225.0	217.0	203.0	284.0	272.0	181.0	260.0	241.0	274.0	285.0	293.0	376.0	303.0	3.0	326.0	553.0	290.0	307.0	4.0	410.0	109.0	0.0	0.0	0.0
3	20140720 01:22:09.649	807.0	959.0	1.0	2.0	0.0	2.0	1.0	86.0	145.0	112.0	109.0	109.0	109.0	60.0	138.0	89.0	135.0	136.0	122.0	122.0	142.0	96.0	123.0	88.0	166.0	133.0	103.0	109.0	162.0	173.0	202.0	156.0	85.0	103.0	175.0	132.0	138.0	121.0	140.0	150.0	85.0	117.0	97.0	113.0	124.0	95.0	151.0	159.0	45.0	191.0	129.0	152.0	174.0	135.0	134.0	157.0	159.0	236.0	108.0	119.0	204.0	135.0	159.0	120.0	122.0	211.0	84.0	212.0	336.0	313.0	263.0	50.0	163.0	151.0	94.0	88.0	53.0
4	20140722 22:02:53.272	798.0	946.0	76.0	133.0	93.0	129.0	91.0	65.0	117.0	79.0	105.0	84.0	78.0	98.0	135.0	121.0	114.0	85.0	103.0	92.0	89.0	105.0	115.0	133.0	238.0	245.0	144.0	209.0	206.0	207.0	224.0	260.0	274.0	187.0	180.0	154.0	136.0	188.0	175.0	129.0	139.0	185.0	170.0	141.0	199.0	176.0	196.0	220.0	330.0	334.0	234.0	302.0	231.0	185.0	235.0	247.0	327.0	282.0	305.0	302.0	293.0	325.0	283.0	331.0	458.0	409.0	354.0	424.0	443.0	446.0	619.0	484.0	870.0	278.0	275.0	230.0	214.0
5	20140722 17:22:10.47	121.0	940.0	0.0	0.0	0.0	0.0	0.0	0.0	0.0	0.0	0.0	0.0	0.0	0.0	0.0	0.0	0.0	0.0	0.0	0.0	0.0	0.0	0.0	0.0	0.0	0.0	0.0	0.0	0.0	0.0	0.0	0.0	0.0	0.0	0.0	0.0	0.0	0.0	0.0	0.0	0.0	0.0	0.0	0.0	0.0	0.0	0.0	0.0	0.0	0.0	0.0	0.0	0.0	0.0	0.0	0.0	0.0	0.0	0.0	0.0	0.0	0.0	0.0	0.0	0.0	9.0	1217.0	831.0	1167.0	1055.0	1039.0	1203.0	968.0	0.0	0.0	0.0	0.0
6	20140722 15:22:11.974	314.0	939.0	0.0	0.0	0.0	0.0	0.0	0.0	0.0	0.0	0.0	0.0	0.0	0.0	0.0	0.0	0.0	0.0	0.0	0.0	0.0	0.0	0.0	0.0	0.0	0.0	0.0	0.0	0.0	0.0	0.0	0.0	0.0	0.0	131.0	146.0	143.0	123.0	137.0	152.0	136.0	139.0	180.0	149.0	206.0	184.0	174.0	163.0	186.0	221.0	198.0	212.0	184.0	168.0	220.0	174.0	269.0	199.0	280.0	197.0	220.0	243.0	282.0	280.0	521.0	623.0	609.0	514.0	657.0	445.0	614.0	588.0	185.0	145.0	99.0	92.0	119.0
7	20140722 15:22:11.974	160.0	938.0	0.0	0.0	0.0	0.0	0.0	0.0	0.0	0.0	0.0	0.0	0.0	0.0	0.0	0.0	0.0	0.0	0.0	0.0	0.0	0.0	0.0	0.0	0.0	0.0	0.0	0.0	0.0	0.0	0.0	0.0	0.0	0.0	0.0	0.0	0.0	0.0	0.0	0.0	0.0	0.0	0.0	0.0	0.0	0.0	0.0	0.0	0.0	0.0	0.0	0.0	0.0	0.0	0.0	0.0	0.0	0.0	0.0	0.0	0.0	0.0	0.0	0.0	606.0	711.0	804.0	515.0	795.0	627.0	491.0	849.0	362.0	199.0	211.0	137.0	155.0
8	20140721 18:22:09.831	199.0	936.0	0.0	0.0	0.0	0.0	0.0	0.0	0.0	0.0	0.0	0.0	0.0	0.0	0.0	0.0	0.0	0.0	0.0	0.0	0.0	0.0	0.0	0.0	0.0	0.0	0.0	0.0	0.0	0.0	0.0	0.0	0.0	0.0	0.0	0.0	0.0	0.0	0.0	0.0	0.0	0.0	0.0	0.0	0.0	0.0	0.0	0.0	0.0	0.0	0.0	14.0	826.0	700.0	713.0	771.0	785.0	768.0	832.0	857.0	860.0	880.0	853.0	865.0	730.0	772.0	727.0	674.0	786.0	675.0	701.0	785.0	653.0	191.0	172.0	153.0	186.0
9	20140722 15:22:11.974	319.0	930.0	0.0	0.0	0.0	0.0	0.0	0.0	0.0	0.0	0.0	0.0	0.0	0.0	0.0	0.0	0.0	0.0	0.0	0.0	0.0	0.0	0.0	0.0	0.0	0.0	0.0	0.0	0.0	0.0	0.0	0.0	0.0	0.0	187.0	163.0	183.0	191.0	170.0	201.0	165.0	144.0	186.0	214.0	203.0	181.0	249.0	252.0	210.0	390.0	226.0	278.0	264.0	255.0	336.0	355.0	332.0	355.0	396.0	385.0	395.0	388.0	367.0	425.0	1148.0	1439.0	1375.0	1157.0	1443.0	1275.0	1421.0	1450.0	1240.0	260.0	231.0	216.0	197.0
10	20140722 20:02:55.177	478.0	923.0	90.0	115.0	128.0	106.0	133.0	147.0	99.0	145.0	101.0	102.0	103.0	142.0	124.0	109.0	118.0	126.0	93.0	89.0	116.0	126.0	150.0	155.0	143.0	169.0	181.0	179.0	156.0	196.0	192.0	162.0	197.0	229.0	160.0	122.0	182.0	136.0	184.0	164.0	189.0	148.0	123.0	182.0	247.0	134.0	188.0	217.0	184.0	253.0	161.0	175.0	207.0	157.0	266.0	253.0	253.0	282.0	277.0	343.0	259.0	379.0	288.0	302.0	382.0	524.0	529.0	407.0	692.0	576.0	630.0	975.0	559.0	316.0	215.0	224.0	243.0
11	20140722 15:22:11.974	596.0	917.0	102.0	113.0	93.0	160.0	108.0	115.0	90.0	85.0	121.0	129.0	157.0	87.0	142.0	96.0	154.0	112.0	132.0	126.0	130.0	98.0	94.0	173.0	94.0	144.0	270.0	229.0	137.0	204.0	176.0	157.0	134.0	154.0	142.0	188.0	138.0	172.0	165.0	153.0	153.0	184.0	146.0	136.0	240.0	217.0	305.0	220.0	218.0	239.0	226.0	321.0	227.0	281.0	297.0	305.0	247.0	331.0	243.0	259.0	386.0	279.0	305.0	326.0	707.0	776.0	695.0	631.0	682.0	609.0	604.0	588.0	452.0	189.0	137.0	146.0	130.0
12	20140722 15:22:11.974	157.0	899.0	0.0	0.0	0.0	0.0	0.0	0.0	0.0	0.0	0.0	0.0	0.0	0.0	0.0	0.0	0.0	0.0	0.0	0.0	0.0	0.0	0.0	0.0	0.0	0.0	0.0	0.0	0.0	0.0	0.0	0.0	0.0	0.0	0.0	0.0	0.0	0.0	0.0	0.0	0.0	0.0	0.0	0.0	0.0	0.0	0.0	0.0	0.0	0.0	0.0	0.0	0.0	0.0	0.0	0.0	0.0	0.0	0.0	0.0	0.0	0.0	0.0	0.0	1218.0	1451.0	1349.0	908.0	1158.0	980.0	1037.0	1066.0	777.0	248.0	154.0	210.0	161.0
13	20140722 03:22:12.508	197.0	895.0	0.0	0.0	0.0	0.0	0.0	0.0	0.0	0.0	0.0	0.0	0.0	0.0	0.0	0.0	0.0	0.0	0.0	0.0	0.0	0.0	0.0	0.0	0.0	0.0	0.0	0.0	0.0	0.0	0.0	0.0	0.0	0.0	0.0	0.0	0.0	0.0	0.0	0.0	0.0	0.0	0.0	0.0	0.0	0.0	0.0	0.0	0.0	0.0	0.0	0.0	3.0	0.0	3.0	371.0	462.0	485.0	461.0	506.0	507.0	646.0	516.0	528.0	785.0	974.0	956.0	1010.0	1245.0	1181.0	1247.0	1245.0	1095.0	256.0	236.0	355.0	280.0
14	20140722 15:22:11.974	1388.0	888.0	125.0	0.0	0.0	0.0	0.0	0.0	0.0	0.0	0.0	0.0	0.0	0.0	0.0	0.0	0.0	0.0	0.0	0.0	0.0	0.0	0.0	114.0	133.0	158.0	145.0	100.0	187.0	153.0	122.0	103.0	107.0	110.0	178.0	154.0	172.0	84.0	135.0	63.0	131.0	153.0	117.0	105.0	108.0	126.0	144.0	183.0	164.0	214.0	132.0	150.0	153.0	165.0	145.0	222.0	187.0	177.0	133.0	212.0	137.0	143.0	275.0	409.0	490.0	366.0	481.0	239.0	234.0	235.0	183.0	245.0	832.0	154.0	109.0	185.0	122.0
15	20140722 19:02:50.559	1139.0	888.0	108.0	173.0	161.0	125.0	107.0	115.0	132.0	96.0	126.0	124.0	114.0	116.0	105.0	100.0	76.0	119.0	131.0	126.0	114.0	110.0	139.0	139.0	145.0	108.0	197.0	101.0	126.0	114.0	127.0	124.0	98.0	93.0	127.0	129.0	114.0	115.0	129.0	120.0	87.0	77.0	70.0	123.0	113.0	172.0	172.0	149.0	120.0	188.0	71.0	157.0	104.0	83.0	169.0	110.0	109.0	168.0	134.0	197.0	105.0	139.0	148.0	90.0	152.0	96.0	178.0	321.0	476.0	329.0	327.0	128.0	149.0	137.0	134.0	138.0	141.0
16	20140722 17:22:10.47	913.0	861.0	106.0	118.0	146.0	106.0	104.0	102.0	145.0	140.0	154.0	136.0	117.0	115.0	102.0	128.0	192.0	102.0	119.0	114.0	113.0	117.0	112.0	169.0	157.0	155.0	194.0	232.0	162.0	143.0	189.0	141.0	161.0	179.0	113.0	211.0	181.0	184.0	172.0	197.0	245.0	173.0	182.0	209.0	182.0	232.0	208.0	220.0	301.0	358.0	219.0	284.0	272.0	318.0	253.0	330.0	426.0	384.0	471.0	489.0	347.0	483.0	521.0	484.0	710.0	972.0	1046.0	780.0	1695.0	1126.0	1245.0	1928.0	716.0	249.0	277.0	241.0	248.0
17	20140722 19:02:50.559	116.0	860.0	0.0	0.0	0.0	0.0	0.0	0.0	0.0	0.0	0.0	0.0	0.0	0.0	0.0	0.0	0.0	0.0	0.0	0.0	0.0	0.0	0.0	0.0	0.0	0.0	0.0	0.0	0.0	0.0	0.0	0.0	0.0	0.0	0.0	0.0	0.0	0.0	0.0	0.0	0.0	0.0	0.0	0.0	0.0	0.0	0.0	0.0	0.0	0.0	0.0	0.0	0.0	0.0	0.0	0.0	0.0	0.0	0.0	0.0	0.0	0.0	0.0	0.0	0.0	0.0	6.0	666.0	721.0	588.0	668.0	742.0	914.0	0.0	0.0	0.0	0.0
18	20140721 23:22:16.156	194.0	856.0	0.0	0.0	0.0	0.0	0.0	0.0	0.0	0.0	0.0	0.0	0.0	0.0	0.0	0.0	0.0	0.0	0.0	0.0	0.0	0.0	0.0	0.0	0.0	0.0	0.0	0.0	0.0	0.0	0.0	0.0	0.0	0.0	0.0	0.0	0.0	0.0	0.0	0.0	0.0	0.0	0.0	0.0	0.0	0.0	0.0	0.0	0.0	0.0	0.0	0.0	0.0	0.0	0.0	0.0	0.0	493.0	532.0	675.0	591.0	623.0	559.0	560.0	761.0	916.0	810.0	663.0	804.0	641.0	672.0	792.0	645.0	282.0	221.0	204.0	191.0
19	20140722 05:22:10.81	313.0	850.0	0.0	0.0	0.0	0.0	0.0	0.0	0.0	0.0	0.0	0.0	0.0	0.0	0.0	0.0	0.0	0.0	0.0	0.0	0.0	0.0	0.0	0.0	0.0	0.0	0.0	0.0	0.0	0.0	0.0	0.0	0.0	0.0	175.0	172.0	234.0	179.0	288.0	211.0	202.0	137.0	123.0	143.0	153.0	165.0	222.0	264.0	240.0	336.0	185.0	272.0	260.0	207.0	384.0	308.0	359.0	259.0	285.0	308.0	292.0	304.0	404.0	467.0	680.0	822.0	815.0	488.0	832.0	710.0	653.0	786.0	554.0	202.0	153.0	180.0	114.0
20	20140722 03:22:12.508	1190.0	847.0	80.0	141.0	130.0	119.0	104.0	100.0	118.0	131.0	97.0	115.0	97.0	75.0	100.0	110.0	128.0	152.0	146.0	129.0	117.0	99.0	111.0	164.0	151.0	197.0	179.0	227.0	161.0	161.0	201.0	221.0	183.0	180.0	166.0	190.0	200.0	119.0	155.0	193.0	153.0	207.0	194.0	211.0	206.0	366.0	362.0	382.0	308.0	480.0	287.0	331.0	313.0	320.0	429.0	461.0	524.0	327.0	390.0	475.0	466.0	576.0	720.0	668.0	829.0	1012.0	937.0	587.0	954.0	702.0	749.0	788.0	686.0	231.0	232.0	194.0	187.0
21	20140722 05:22:10.81	1270.0	843.0	95.0	118.0	97.0	119.0	94.0	116.0	111.0	77.0	115.0	135.0	123.0	86.0	98.0	95.0	119.0	140.0	138.0	97.0	102.0	93.0	101.0	177.0	141.0	169.0	127.0	123.0	194.0	197.0	142.0	107.0	165.0	164.0	142.0	182.0	170.0	167.0	218.0	165.0	223.0	174.0	156.0	161.0	195.0	216.0	210.0	205.0	214.0	298.0	220.0	262.0	243.0	199.0	281.0	289.0	297.0	312.0	394.0	484.0	388.0	491.0	529.0	638.0	912.0	1030.0	1061.0	927.0	1112.0	970.0	1011.0	1108.0	1104.0	242.0	250.0	152.0	241.0
22	20140721 15:22:08.790	593.0	835.0	82.0	96.0	90.0	113.0	124.0	109.0	122.0	109.0	92.0	128.0	147.0	116.0	115.0	107.0	147.0	153.0	145.0	115.0	135.0	160.0	125.0	219.0	236.0	245.0	211.0	230.0	185.0	255.0	232.0	283.0	230.0	277.0	179.0	240.0	225.0	187.0	193.0	296.0	203.0	221.0	215.0	190.0	243.0	284.0	323.0	336.0	314.0	542.0	396.0	436.0	436.0	417.0	402.0	415.0	463.0	440.0	366.0	578.0	497.0	401.0	534.0	542.0	539.0	573.0	529.0	523.0	564.0	501.0	541.0	575.0	746.0	219.0	193.0	155.0	154.0
23	20140722 15:22:11.974	751.0	828.0	100.0	165.0	118.0	178.0	105.0	158.0	79.0	103.0	129.0	104.0	136.0	121.0	114.0	110.0	138.0	112.0	116.0	126.0	114.0	138.0	114.0	140.0	192.0	167.0	255.0	198.0	173.0	230.0	223.0	213.0	290.0	264.0	193.0	167.0	184.0	224.0	153.0	153.0	182.0	139.0	135.0	175.0	156.0	272.0	312.0	298.0	379.0	489.0	312.0	327.0	371.0	269.0	359.0	306.0	451.0	395.0	437.0	535.0	444.0	447.0	447.0	548.0	807.0	912.0	855.0	830.0	1032.0	852.0	954.0	1236.0	641.0	305.0	174.0	156.0	210.0
24	20140722 20:02:55.177	113.0	820.0	0.0	0.0	0.0	0.0	0.0	0.0	0.0	0.0	0.0	0.0	0.0	0.0	0.0	0.0	0.0	0.0	0.0	0.0	0.0	0.0	0.0	0.0	0.0	0.0	0.0	0.0	0.0	0.0	0.0	0.0	0.0	0.0	0.0	0.0	0.0	0.0	0.0	0.0	0.0	0.0	0.0	0.0	0.0	0.0	0.0	0.0	0.0	0.0	0.0	0.0	0.0	0.0	0.0	0.0	0.0	0.0	0.0	0.0	0.0	0.0	0.0	0.0	0.0	0.0	0.0	4.0	752.0	688.0	755.0	723.0	546.0	0.0	0.0	0.0	0.0
25	20140722 15:22:11.974	152.0	817.0	0.0	0.0	0.0	0.0	0.0	0.0	0.0	0.0	0.0	0.0	0.0	0.0	0.0	0.0	0.0	0.0	0.0	0.0	0.0	0.0	0.0	0.0	0.0	0.0	0.0	0.0	0.0	0.0	0.0	0.0	0.0	0.0	0.0	0.0	0.0	0.0	0.0	0.0	0.0	0.0	0.0	0.0	0.0	0.0	0.0	0.0	0.0	0.0	0.0	0.0	0.0	0.0	0.0	0.0	0.0	0.0	0.0	0.0	0.0	0.0	0.0	0.0	809.0	803.0	840.0	907.0	905.0	889.0	1024.0	922.0	850.0	258.0	145.0	157.0	127.0
26	20140722 15:22:11.974	192.0	816.0	0.0	0.0	0.0	0.0	0.0	0.0	0.0	0.0	0.0	0.0	0.0	0.0	0.0	0.0	0.0	0.0	0.0	0.0	0.0	0.0	0.0	0.0	0.0	0.0	0.0	0.0	0.0	0.0	0.0	0.0	0.0	0.0	0.0	0.0	0.0	0.0	0.0	0.0	0.0	0.0	0.0	0.0	0.0	0.0	0.0	0.0	0.0	0.0	0.0	0.0	0.0	0.0	0.0	0.0	0.0	353.0	342.0	360.0	373.0	429.0	453.0	393.0	889.0	1123.0	991.0	749.0	1075.0	815.0	778.0	1116.0	806.0	334.0	277.0	259.0	213.0
27	20140721 05:22:08.588	314.0	787.0	0.0	0.0	0.0	0.0	0.0	0.0	0.0	0.0	0.0	0.0	0.0	0.0	0.0	0.0	0.0	0.0	0.0	0.0	0.0	0.0	0.0	0.0	0.0	0.0	0.0	0.0	0.0	0.0	0.0	0.0	0.0	0.0	90.0	117.0	87.0	84.0	83.0	126.0	114.0	178.0	157.0	190.0	226.0	163.0	226.0	182.0	207.0	107.0	110.0	117.0	114.0	121.0	86.0	150.0	125.0	155.0	175.0	132.0	191.0	106.0	104.0	129.0	130.0	96.0	108.0	244.0	443.0	299.0	300.0	379.0	140.0	153.0	136.0	120.0	173.0
28	20140722 20:02:55.177	111.0	780.0	0.0	0.0	0.0	0.0	0.0	0.0	0.0	0.0	0.0	0.0	0.0	0.0	0.0	0.0	0.0	0.0	0.0	0.0	0.0	0.0	0.0	0.0	0.0	0.0	0.0	0.0	0.0	0.0	0.0	0.0	0.0	0.0	0.0	0.0	0.0	0.0	0.0	0.0	0.0	0.0	0.0	0.0	0.0	0.0	0.0	0.0	0.0	0.0	0.0	0.0	0.0	0.0	0.0	0.0	0.0	0.0	0.0	0.0	0.0	0.0	0.0	0.0	0.0	0.0	0.0	0.0	1277.0	720.0	649.0	1155.0	436.0	0.0	0.0	0.0	0.0
29	20140722 15:22:11.974	150.0	778.0	0.0	0.0	0.0	0.0	0.0	0.0	0.0	0.0	0.0	0.0	0.0	0.0	0.0	0.0	0.0	0.0	0.0	0.0	0.0	0.0	0.0	0.0	0.0	0.0	0.0	0.0	0.0	0.0	0.0	0.0	0.0	0.0	0.0	0.0	0.0	0.0	0.0	0.0	0.0	0.0	0.0	0.0	0.0	0.0	0.0	0.0	0.0	0.0	0.0	0.0	0.0	0.0	0.0	0.0	0.0	0.0	0.0	0.0	0.0	0.0	0.0	0.0	839.0	1201.0	1050.0	603.0	1151.0	800.0	795.0	1022.0	710.0	234.0	230.0	187.0	141.0
30	20140722 20:02:55.177	110.0	740.0	0.0	0.0	0.0	0.0	0.0	0.0	0.0	0.0	0.0	0.0	0.0	0.0	0.0	0.0	0.0	0.0	0.0	0.0	0.0	0.0	0.0	0.0	0.0	0.0	0.0	0.0	0.0	0.0	0.0	0.0	0.0	0.0	0.0	0.0	0.0	0.0	0.0	0.0	0.0	0.0	0.0	0.0	0.0	0.0	0.0	0.0	0.0	0.0	0.0	0.0	0.0	0.0	0.0	0.0	0.0	0.0	0.0	0.0	0.0	0.0	0.0	0.0	0.0	0.0	0.0	0.0	1270.0	934.0	954.0	1091.0	781.0	0.0	0.0	0.0	0.0
31	20140722 15:22:11.974	148.0	738.0	0.0	0.0	0.0	0.0	0.0	0.0	0.0	0.0	0.0	0.0	0.0	0.0	0.0	0.0	0.0	0.0	0.0	0.0	0.0	0.0	0.0	0.0	0.0	0.0	0.0	0.0	0.0	0.0	0.0	0.0	0.0	0.0	0.0	0.0	0.0	0.0	0.0	0.0	0.0	0.0	0.0	0.0	0.0	0.0	0.0	0.0	0.0	0.0	0.0	0.0	0.0	0.0	0.0	0.0	0.0	0.0	0.0	0.0	0.0	0.0	0.0	0.0	981.0	983.0	1000.0	917.0	1172.0	1059.0	1117.0	1057.0	896.0	212.0	142.0	167.0	0.0
32	20140722 15:22:11.974	188.0	735.0	0.0	0.0	0.0	0.0	0.0	0.0	0.0	0.0	0.0	0.0	0.0	0.0	0.0	0.0	0.0	0.0	0.0	0.0	0.0	0.0	0.0	0.0	0.0	0.0	0.0	0.0	0.0	0.0	0.0	0.0	0.0	0.0	0.0	0.0	0.0	0.0	0.0	0.0	0.0	0.0	0.0	0.0	0.0	0.0	0.0	0.0	0.0	0.0	0.0	0.0	0.0	0.0	0.0	0.0	0.0	0.0	1.0	350.0	331.0	408.0	359.0	383.0	921.0	1126.0	1064.0	718.0	1143.0	929.0	917.0	1229.0	1029.0	162.0	196.0	176.0	163.0
33	20140722 16:22:13.722	307.0	730.0	0.0	0.0	0.0	0.0	0.0	0.0	0.0	0.0	0.0	0.0	0.0	0.0	0.0	0.0	0.0	0.0	0.0	0.0	0.0	0.0	0.0	0.0	0.0	0.0	0.0	0.0	0.0	0.0	0.0	0.0	0.0	0.0	162.0	221.0	199.0	244.0	242.0	182.0	199.0	164.0	216.0	204.0	250.0	277.0	259.0	261.0	270.0	305.0	260.0	365.0	325.0	208.0	306.0	322.0	527.0	381.0	406.0	388.0	428.0	481.0	355.0	382.0	415.0	736.0	615.0	399.0	980.0	640.0	695.0	1138.0	445.0	201.0	196.0	142.0	198.0
34	20140722 15:22:11.974	196.0	721.0	0.0	0.0	0.0	0.0	0.0	0.0	0.0	0.0	0.0	0.0	0.0	0.0	0.0	0.0	0.0	0.0	0.0	0.0	0.0	0.0	0.0	0.0	0.0	0.0	0.0	0.0	0.0	0.0	0.0	0.0	0.0	0.0	0.0	0.0	0.0	0.0	0.0	0.0	0.0	0.0	0.0	0.0	0.0	0.0	0.0	0.0	0.0	0.0	0.0	0.0	0.0	0.0	0.0	169.0	124.0	117.0	132.0	185.0	139.0	165.0	147.0	163.0	349.0	425.0	345.0	157.0	150.0	142.0	144.0	196.0	184.0	128.0	133.0	101.0	102.0
35	20140722 15:22:11.974	943.0	698.0	102.0	109.0	131.0	120.0	108.0	127.0	115.0	108.0	124.0	82.0	118.0	118.0	101.0	96.0	151.0	128.0	138.0	79.0	141.0	195.0	122.0	120.0	160.0	218.0	182.0	136.0	142.0	179.0	127.0	163.0	165.0	182.0	131.0	166.0	148.0	166.0	206.0	208.0	185.0	171.0	158.0	194.0	226.0	211.0	283.0	216.0	212.0	406.0	225.0	239.0	296.0	217.0	356.0	274.0	299.0	297.0	300.0	384.0	431.0	578.0	475.0	514.0	929.0	914.0	930.0	603.0	761.0	810.0	902.0	1121.0	1437.0	443.0	318.0	240.0	215.0
36	20140722 20:02:55.177	110.0	698.0	0.0	0.0	0.0	0.0	0.0	0.0	0.0	0.0	0.0	0.0	0.0	0.0	0.0	0.0	0.0	0.0	0.0	0.0	0.0	0.0	0.0	0.0	0.0	0.0	0.0	0.0	0.0	0.0	0.0	0.0	0.0	0.0	0.0	0.0	0.0	0.0	0.0	0.0	0.0	0.0	0.0	0.0	0.0	0.0	0.0	0.0	0.0	0.0	0.0	0.0	0.0	0.0	0.0	0.0	0.0	0.0	0.0	0.0	0.0	0.0	0.0	0.0	0.0	0.0	0.0	0.0	944.0	830.0	876.0	923.0	576.0	0.0	0.0	0.0	0.0
37	20140722 15:22:11.974	146.0	697.0	0.0	0.0	0.0	0.0	0.0	0.0	0.0	0.0	0.0	0.0	0.0	0.0	0.0	0.0	0.0	0.0	0.0	0.0	0.0	0.0	0.0	0.0	0.0	0.0	0.0	0.0	0.0	0.0	0.0	0.0	0.0	0.0	0.0	0.0	0.0	0.0	0.0	0.0	0.0	0.0	0.0	0.0	0.0	0.0	0.0	0.0	0.0	0.0	0.0	0.0	0.0	0.0	0.0	0.0	0.0	0.0	0.0	0.0	0.0	0.0	0.0	0.0	853.0	967.0	970.0	773.0	1010.0	875.0	1081.0	985.0	825.0	0.0	0.0	0.0	0.0
38	20140722 01:22:12.903	185.0	695.0	0.0	0.0	0.0	0.0	0.0	0.0	0.0	0.0	0.0	0.0	0.0	0.0	0.0	0.0	0.0	0.0	0.0	0.0	0.0	0.0	0.0	0.0	0.0	0.0	0.0	0.0	0.0	0.0	0.0	0.0	0.0	0.0	0.0	0.0	0.0	0.0	0.0	0.0	0.0	0.0	0.0	0.0	0.0	0.0	0.0	0.0	0.0	0.0	0.0	0.0	0.0	0.0	0.0	0.0	0.0	0.0	0.0	782.0	727.0	791.0	911.0	817.0	1180.0	1294.0	1255.0	925.0	1369.0	938.0	1035.0	1161.0	825.0	231.0	210.0	155.0	182.0
39	20140722 15:22:11.974	384.0	685.0	0.0	0.0	0.0	0.0	0.0	0.0	0.0	0.0	0.0	0.0	0.0	0.0	0.0	0.0	0.0	0.0	0.0	0.0	0.0	77.0	84.0	164.0	140.0	172.0	201.0	184.0	176.0	152.0	153.0	180.0	161.0	239.0	173.0	115.0	153.0	159.0	148.0	179.0	168.0	142.0	209.0	178.0	218.0	229.0	251.0	235.0	195.0	228.0	210.0	225.0	192.0	163.0	307.0	240.0	267.0	196.0	210.0	301.0	196.0	275.0	227.0	204.0	699.0	935.0	884.0	864.0	1083.0	863.0	955.0	1172.0	667.0	183.0	214.0	249.0	168.0
40	20140722 15:22:11.974	166.0	681.0	0.0	0.0	0.0	0.0	0.0	0.0	0.0	0.0	0.0	0.0	0.0	0.0	0.0	0.0	0.0	0.0	0.0	0.0	0.0	0.0	0.0	0.0	0.0	0.0	0.0	0.0	0.0	0.0	0.0	0.0	0.0	0.0	0.0	0.0	0.0	0.0	0.0	0.0	0.0	0.0	0.0	0.0	0.0	0.0	0.0	0.0	0.0	0.0	0.0	0.0	0.0	0.0	0.0	0.0	0.0	0.0	0.0	0.0	0.0	0.0	0.0	224.0	263.0	250.0	301.0	238.0	368.0	323.0	371.0	505.0	149.0	125.0	118.0	136.0	149.0
41	20140722 20:02:55.177	725.0	671.0	152.0	135.0	140.0	118.0	127.0	142.0	131.0	92.0	170.0	172.0	162.0	150.0	173.0	131.0	126.0	102.0	124.0	126.0	117.0	147.0	146.0	169.0	101.0	161.0	142.0	157.0	122.0	159.0	96.0	164.0	126.0	129.0	151.0	137.0	133.0	135.0	120.0	137.0	151.0	112.0	107.0	194.0	125.0	130.0	174.0	197.0	195.0	205.0	108.0	180.0	158.0	129.0	167.0	135.0	147.0	81.0	175.0	186.0	173.0	138.0	173.0	152.0	292.0	395.0	387.0	393.0	713.0	547.0	500.0	632.0	131.0	80.0	129.0	112.0	131.0
42	20140722 01:22:12.903	703.0	669.0	96.0	116.0	112.0	100.0	113.0	121.0	104.0	96.0	164.0	149.0	134.0	86.0	96.0	94.0	150.0	107.0	149.0	133.0	82.0	129.0	110.0	156.0	158.0	123.0	177.0	117.0	116.0	217.0	171.0	183.0	191.0	111.0	153.0	171.0	143.0	184.0	160.0	133.0	154.0	217.0	198.0	194.0	220.0	290.0	363.0	368.0	385.0	380.0	340.0	346.0	381.0	313.0	375.0	387.0	403.0	444.0	487.0	582.0	611.0	791.0	889.0	935.0	581.0	657.0	636.0	592.0	628.0	587.0	674.0	661.0	486.0	256.0	220.0	198.0	248.0
43	20140722 15:22:11.974	741.0	668.0	97.0	80.0	111.0	162.0	107.0	105.0	106.0	135.0	108.0	112.0	137.0	141.0	148.0	100.0	127.0	106.0	128.0	122.0	90.0	134.0	168.0	181.0	162.0	184.0	192.0	162.0	168.0	172.0	168.0	177.0	184.0	188.0	153.0	177.0	174.0	133.0	166.0	257.0	123.0	157.0	203.0	197.0	237.0	200.0	204.0	263.0	220.0	304.0	257.0	395.0	292.0	295.0	412.0	340.0	491.0	313.0	292.0	421.0	255.0	385.0	367.0	364.0	746.0	1047.0	1179.0	783.0	1286.0	978.0	1033.0	1235.0	888.0	166.0	167.0	154.0	157.0
44	20140722 15:22:11.974	143.0	657.0	0.0	0.0	0.0	0.0	0.0	0.0	0.0	0.0	0.0	0.0	0.0	0.0	0.0	0.0	0.0	0.0	0.0	0.0	0.0	0.0	0.0	0.0	0.0	0.0	0.0	0.0	0.0	0.0	0.0	0.0	0.0	0.0	0.0	0.0	0.0	0.0	0.0	0.0	0.0	0.0	0.0	0.0	0.0	0.0	0.0	0.0	0.0	0.0	0.0	0.0	0.0	0.0	0.0	0.0	0.0	0.0	0.0	0.0	0.0	0.0	0.0	0.0	844.0	1021.0	1023.0	664.0	848.0	716.0	721.0	738.0	461.0	0.0	0.0	0.0	0.0
45	20140722 02:22:14.940	182.0	654.0	0.0	0.0	0.0	0.0	0.0	0.0	0.0	0.0	0.0	0.0	0.0	0.0	0.0	0.0	0.0	0.0	0.0	0.0	0.0	0.0	0.0	0.0	0.0	0.0	0.0	0.0	0.0	0.0	0.0	0.0	0.0	0.0	0.0	0.0	0.0	0.0	0.0	0.0	0.0	0.0	0.0	0.0	0.0	0.0	0.0	0.0	0.0	0.0	0.0	0.0	0.0	0.0	0.0	0.0	0.0	0.0	0.0	6.0	742.0	907.0	867.0	847.0	1168.0	1294.0	1294.0	1355.0	1177.0	1258.0	1345.0	1185.0	997.0	191.0	150.0	261.0	153.0
46	20140722 15:22:11.974	141.0	618.0	0.0	0.0	0.0	0.0	0.0	0.0	0.0	0.0	0.0	0.0	0.0	0.0	0.0	0.0	0.0	0.0	0.0	0.0	0.0	0.0	0.0	0.0	0.0	0.0	0.0	0.0	0.0	0.0	0.0	0.0	0.0	0.0	0.0	0.0	0.0	0.0	0.0	0.0	0.0	0.0	0.0	0.0	0.0	0.0	0.0	0.0	0.0	0.0	0.0	0.0	0.0	0.0	0.0	0.0	0.0	0.0	0.0	0.0	0.0	0.0	0.0	0.0	824.0	1158.0	1084.0	740.0	1195.0	895.0	1003.0	1209.0	879.0	0.0	0.0	0.0	0.0
47	20140722 04:22:13.19	180.0	616.0	0.0	0.0	0.0	0.0	0.0	0.0	0.0	0.0	0.0	0.0	0.0	0.0	0.0	0.0	0.0	0.0	0.0	0.0	0.0	0.0	0.0	0.0	0.0	0.0	0.0	0.0	0.0	0.0	0.0	0.0	0.0	0.0	0.0	0.0	0.0	0.0	0.0	0.0	0.0	0.0	0.0	0.0	0.0	0.0	0.0	0.0	0.0	0.0	0.0	0.0	0.0	0.0	0.0	0.0	0.0	0.0	0.0	0.0	450.0	585.0	663.0	637.0	868.0	1156.0	1221.0	1008.0	1252.0	965.0	1000.0	1148.0	829.0	197.0	165.0	170.0	172.0
48	20140722 15:22:11.974	340.0	608.0	0.0	0.0	0.0	0.0	0.0	0.0	0.0	0.0	0.0	0.0	0.0	0.0	0.0	0.0	0.0	0.0	0.0	0.0	0.0	0.0	0.0	0.0	0.0	0.0	0.0	0.0	0.0	0.0	0.0	0.0	145.0	262.0	176.0	212.0	157.0	174.0	146.0	177.0	152.0	225.0	196.0	170.0	191.0	303.0	235.0	221.0	199.0	351.0	276.0	328.0	285.0	275.0	309.0	269.0	322.0	367.0	292.0	350.0	383.0	345.0	389.0	461.0	586.0	652.0	661.0	641.0	740.0	726.0	869.0	985.0	697.0	275.0	188.0	193.0	160.0
49	20140722 15:22:11.974	380.0	605.0	0.0	0.0	0.0	0.0	0.0	0.0	0.0	0.0	0.0	0.0	0.0	0.0	0.0	0.0	0.0	0.0	0.0	0.0	0.0	0.0	156.0	169.0	159.0	187.0	205.0	228.0	191.0	204.0	186.0	234.0	215.0	243.0	185.0	174.0	182.0	147.0	190.0	216.0	190.0	172.0	236.0	196.0	197.0	206.0	119.0	211.0	151.0	398.0	358.0	417.0	325.0	293.0	463.0	383.0	446.0	404.0	400.0	487.0	433.0	521.0	465.0	603.0	973.0	901.0	959.0	872.0	1090.0	1078.0	1368.0	1661.0	759.0	239.0	250.0	209.0	189.0
50	20140722 15:22:11.974	499.0	599.0	126.0	124.0	128.0	117.0	73.0	130.0	89.0	107.0	124.0	145.0	80.0	117.0	76.0	127.0	125.0	137.0	116.0	185.0	177.0	118.0	137.0	176.0	209.0	152.0	235.0	183.0	195.0	256.0	215.0	215.0	230.0	197.0	167.0	149.0	155.0	121.0	170.0	175.0	204.0	149.0	154.0	155.0	169.0	234.0	251.0	275.0	261.0	285.0	251.0	248.0	251.0	289.0	292.0	331.0	304.0	379.0	324.0	321.0	331.0	308.0	349.0	581.0	841.0	917.0	941.0	725.0	1105.0	949.0	1055.0	1379.0	985.0	307.0	268.0	185.0	189.0
51	20140722 15:22:11.974	618.0	594.0	150.0	118.0	144.0	75.0	111.0	125.0	83.0	105.0	100.0	114.0	122.0	121.0	131.0	148.0	130.0	143.0	146.0	121.0	115.0	105.0	114.0	145.0	202.0	174.0	223.0	193.0	164.0	189.0	144.0	173.0	146.0	164.0	161.0	161.0	208.0	210.0	223.0	159.0	220.0	197.0	176.0	217.0	178.0	235.0	230.0	239.0	257.0	362.0	240.0	402.0	325.0	296.0	359.0	348.0	445.0	340.0	466.0	444.0	377.0	537.0	535.0	454.0	1232.0	1726.0	1793.0	1223.0	2161.0	1409.0	1469.0	1864.0	919.0	182.0	156.0	216.0	211.0
52	20140722 15:22:11.974	139.0	577.0	0.0	0.0	0.0	0.0	0.0	0.0	0.0	0.0	0.0	0.0	0.0	0.0	0.0	0.0	0.0	0.0	0.0	0.0	0.0	0.0	0.0	0.0	0.0	0.0	0.0	0.0	0.0	0.0	0.0	0.0	0.0	0.0	0.0	0.0	0.0	0.0	0.0	0.0	0.0	0.0	0.0	0.0	0.0	0.0	0.0	0.0	0.0	0.0	0.0	0.0	0.0	0.0	0.0	0.0	0.0	0.0	0.0	0.0	0.0	0.0	0.0	0.0	696.0	774.0	799.0	822.0	870.0	702.0	843.0	884.0	981.0	0.0	0.0	0.0	0.0
53	20140722 15:22:11.974	179.0	575.0	0.0	0.0	0.0	0.0	0.0	0.0	0.0	0.0	0.0	0.0	0.0	0.0	0.0	0.0	0.0	0.0	0.0	0.0	0.0	0.0	0.0	0.0	0.0	0.0	0.0	0.0	0.0	0.0	0.0	0.0	0.0	0.0	0.0	0.0	0.0	0.0	0.0	0.0	0.0	0.0	0.0	0.0	0.0	0.0	0.0	0.0	0.0	0.0	0.0	0.0	0.0	0.0	0.0	0.0	0.0	0.0	0.0	0.0	264.0	395.0	369.0	441.0	559.0	666.0	636.0	471.0	711.0	688.0	737.0	1049.0	782.0	261.0	212.0	223.0	199.0
54	20140721 15:22:08.790	297.0	569.0	0.0	0.0	0.0	0.0	0.0	0.0	0.0	0.0	0.0	0.0	0.0	0.0	0.0	0.0	0.0	0.0	0.0	0.0	0.0	0.0	0.0	0.0	0.0	0.0	0.0	0.0	0.0	0.0	0.0	0.0	0.0	0.0	198.0	190.0	209.0	214.0	253.0	231.0	212.0	146.0	173.0	152.0	293.0	173.0	200.0	244.0	212.0	381.0	249.0	324.0	248.0	210.0	287.0	295.0	295.0	277.0	302.0	290.0	255.0	280.0	311.0	437.0	506.0	651.0	562.0	396.0	611.0	396.0	447.0	669.0	420.0	318.0	179.0	232.0	223.0
55	20140722 15:22:11.974	1292.0	560.0	101.0	103.0	94.0	96.0	119.0	132.0	108.0	116.0	99.0	207.0	121.0	83.0	104.0	125.0	126.0	141.0	138.0	97.0	88.0	158.0	98.0	183.0	195.0	222.0	217.0	165.0	134.0	218.0	162.0	217.0	168.0	209.0	167.0	162.0	139.0	148.0	176.0	152.0	157.0	157.0	167.0	204.0	223.0	238.0	216.0	244.0	199.0	353.0	216.0	303.0	287.0	267.0	300.0	395.0	338.0	397.0	401.0	423.0	372.0	463.0	395.0	381.0	2216.0	2100.0	2086.0	1485.0	2158.0	1711.0	1889.0	2154.0	1467.0	278.0	281.0	211.0	223.0
56	20140722 15:22:11.974	136.0	537.0	0.0	0.0	0.0	0.0	0.0	0.0	0.0	0.0	0.0	0.0	0.0	0.0	0.0	0.0	0.0	0.0	0.0	0.0	0.0	0.0	0.0	0.0	0.0	0.0	0.0	0.0	0.0	0.0	0.0	0.0	0.0	0.0	0.0	0.0	0.0	0.0	0.0	0.0	0.0	0.0	0.0	0.0	0.0	0.0	0.0	0.0	0.0	0.0	0.0	0.0	0.0	0.0	0.0	0.0	0.0	0.0	0.0	0.0	0.0	0.0	0.0	0.0	1059.0	1139.0	1025.0	884.0	1022.0	854.0	893.0	963.0	877.0	0.0	0.0	0.0	0.0
57	20140722 15:22:11.974	534.0	518.0	109.0	108.0	116.0	87.0	102.0	98.0	113.0	104.0	127.0	92.0	121.0	107.0	147.0	161.0	96.0	98.0	158.0	122.0	113.0	102.0	133.0	171.0	194.0	185.0	200.0	167.0	178.0	184.0	164.0	191.0	228.0	251.0	192.0	172.0	195.0	172.0	241.0	204.0	203.0	143.0	206.0	162.0	168.0	230.0	268.0	319.0	220.0	405.0	238.0	404.0	361.0	319.0	357.0	373.0	388.0	324.0	340.0	496.0	352.0	423.0	466.0	412.0	1006.0	1477.0	1313.0	839.0	1558.0	1009.0	1074.0	1377.0	726.0	236.0	221.0	230.0	209.0
58	20140722 04:22:13.19	772.0	506.0	98.0	131.0	109.0	165.0	134.0	106.0	126.0	189.0	147.0	93.0	98.0	86.0	168.0	148.0	178.0	105.0	165.0	131.0	118.0	105.0	145.0	129.0	152.0	175.0	159.0	169.0	172.0	139.0	158.0	156.0	145.0	172.0	182.0	180.0	236.0	187.0	235.0	189.0	232.0	159.0	161.0	155.0	242.0	259.0	331.0	385.0	320.0	344.0	267.0	316.0	279.0	329.0	389.0	379.0	461.0	309.0	369.0	643.0	596.0	749.0	904.0	930.0	1186.0	1382.0	1365.0	853.0	1430.0	1240.0	1290.0	1527.0	891.0	256.0	177.0	255.0	148.0
59	20140722 16:22:13.722	134.0	497.0	0.0	0.0	0.0	0.0	0.0	0.0	0.0	0.0	0.0	0.0	0.0	0.0	0.0	0.0	0.0	0.0	0.0	0.0	0.0	0.0	0.0	0.0	0.0	0.0	0.0	0.0	0.0	0.0	0.0	0.0	0.0	0.0	0.0	0.0	0.0	0.0	0.0	0.0	0.0	0.0	0.0	0.0	0.0	0.0	0.0	0.0	0.0	0.0	0.0	0.0	0.0	0.0	0.0	0.0	0.0	0.0	0.0	0.0	0.0	0.0	0.0	0.0	841.0	980.0	927.0	701.0	1008.0	827.0	870.0	1093.0	1795.0	0.0	0.0	0.0	0.0
60	20140722 15:22:11.974	173.0	495.0	0.0	0.0	0.0	0.0	0.0	0.0	0.0	0.0	0.0	0.0	0.0	0.0	0.0	0.0	0.0	0.0	0.0	0.0	0.0	0.0	0.0	0.0	0.0	0.0	0.0	0.0	0.0	0.0	0.0	0.0	0.0	0.0	0.0	0.0	0.0	0.0	0.0	0.0	0.0	0.0	0.0	0.0	0.0	0.0	0.0	0.0	0.0	0.0	0.0	0.0	0.0	0.0	0.0	0.0	0.0	0.0	0.0	0.0	0.0	253.0	295.0	338.0	494.0	535.0	487.0	478.0	698.0	637.0	825.0	963.0	842.0	261.0	265.0	153.0	182.0
61	20140722 15:22:11.974	356.0	489.0	0.0	0.0	0.0	0.0	0.0	0.0	0.0	0.0	0.0	0.0	0.0	0.0	0.0	0.0	0.0	0.0	0.0	0.0	0.0	0.0	0.0	0.0	0.0	0.0	0.0	0.0	172.0	122.0	163.0	105.0	114.0	133.0	110.0	162.0	108.0	119.0	84.0	75.0	75.0	154.0	171.0	113.0	70.0	193.0	143.0	177.0	169.0	241.0	163.0	182.0	210.0	195.0	208.0	156.0	179.0	226.0	186.0	261.0	260.0	208.0	279.0	257.0	592.0	859.0	667.0	427.0	713.0	468.0	519.0	594.0	140.0	166.0	140.0	129.0	106.0
62	20140722 15:22:11.974	362.0	488.0	0.0	0.0	0.0	0.0	0.0	0.0	0.0	0.0	0.0	0.0	0.0	0.0	0.0	0.0	0.0	0.0	0.0	0.0	0.0	0.0	0.0	0.0	0.0	0.0	0.0	84.0	141.0	177.0	99.0	141.0	135.0	90.0	194.0	156.0	134.0	147.0	111.0	186.0	127.0	123.0	94.0	115.0	180.0	176.0	205.0	192.0	168.0	206.0	272.0	250.0	218.0	146.0	223.0	212.0	236.0	192.0	243.0	234.0	315.0	257.0	321.0	290.0	635.0	889.0	885.0	516.0	767.0	535.0	612.0	734.0	314.0	160.0	115.0	139.0	160.0
63	20140722 19:02:50.559	1170.0	486.0	258.0	112.0	126.0	89.0	125.0	119.0	87.0	112.0	99.0	101.0	136.0	105.0	132.0	128.0	109.0	130.0	142.0	113.0	161.0	110.0	159.0	305.0	337.0	240.0	315.0	305.0	282.0	263.0	335.0	262.0	362.0	295.0	277.0	316.0	272.0	290.0	271.0	307.0	228.0	133.0	147.0	150.0	190.0	221.0	321.0	184.0	201.0	246.0	185.0	224.0	202.0	212.0	216.0	246.0	273.0	269.0	249.0	253.0	322.0	316.0	271.0	253.0	474.0	492.0	428.0	646.0	509.0	630.0	812.0	591.0	998.0	270.0	202.0	154.0	186.0
64	20140722 15:22:11.974	370.0	486.0	0.0	0.0	0.0	0.0	0.0	0.0	0.0	0.0	0.0	0.0	0.0	0.0	0.0	0.0	0.0	0.0	0.0	0.0	0.0	0.0	0.0	0.0	1.0	218.0	167.0	161.0	183.0	150.0	201.0	152.0	134.0	169.0	136.0	199.0	126.0	121.0	148.0	145.0	200.0	140.0	151.0	159.0	156.0	191.0	214.0	206.0	241.0	259.0	171.0	313.0	196.0	227.0	313.0	246.0	262.0	252.0	300.0	349.0	293.0	538.0	511.0	540.0	976.0	1368.0	1304.0	887.0	1247.0	941.0	1019.0	1299.0	627.0	183.0	196.0	205.0	148.0
65	20140722 15:22:11.974	1249.0	482.0	141.0	81.0	133.0	113.0	128.0	110.0	109.0	82.0	150.0	123.0	143.0	117.0	124.0	131.0	131.0	135.0	130.0	132.0	118.0	131.0	115.0	105.0	161.0	145.0	141.0	116.0	161.0	141.0	179.0	141.0	169.0	186.0	207.0	161.0	124.0	143.0	155.0	173.0	153.0	137.0	162.0	146.0	191.0	155.0	184.0	233.0	243.0	305.0	265.0	291.0	258.0	337.0	398.0	387.0	281.0	319.0	354.0	423.0	401.0	407.0	386.0	427.0	922.0	944.0	1070.0	1165.0	1159.0	1067.0	1010.0	1038.0	985.0	328.0	235.0	259.0	225.0
66	20140722 15:22:11.974	1389.0	471.0	101.0	0.0	0.0	0.0	0.0	0.0	0.0	0.0	0.0	0.0	0.0	0.0	0.0	0.0	0.0	0.0	0.0	0.0	0.0	0.0	0.0	0.0	95.0	115.0	83.0	123.0	193.0	95.0	143.0	84.0	101.0	106.0	138.0	108.0	149.0	134.0	138.0	95.0	128.0	73.0	129.0	128.0	118.0	127.0	182.0	187.0	217.0	157.0	98.0	152.0	167.0	97.0	123.0	169.0	157.0	177.0	114.0	149.0	123.0	162.0	137.0	199.0	640.0	799.0	638.0	192.0	210.0	148.0	191.0	197.0	165.0	111.0	135.0	116.0	159.0
67	20140722 15:22:11.974	132.0	457.0	0.0	0.0	0.0	0.0	0.0	0.0	0.0	0.0	0.0	0.0	0.0	0.0	0.0	0.0	0.0	0.0	0.0	0.0	0.0	0.0	0.0	0.0	0.0	0.0	0.0	0.0	0.0	0.0	0.0	0.0	0.0	0.0	0.0	0.0	0.0	0.0	0.0	0.0	0.0	0.0	0.0	0.0	0.0	0.0	0.0	0.0	0.0	0.0	0.0	0.0	0.0	0.0	0.0	0.0	0.0	0.0	0.0	0.0	0.0	0.0	0.0	0.0	966.0	1113.0	1244.0	913.0	1382.0	1035.0	989.0	1025.0	984.0	0.0	0.0	0.0	0.0
68	20140722 15:22:11.974	171.0	455.0	0.0	0.0	0.0	0.0	0.0	0.0	0.0	0.0	0.0	0.0	0.0	0.0	0.0	0.0	0.0	0.0	0.0	0.0	0.0	0.0	0.0	0.0	0.0	0.0	0.0	0.0	0.0	0.0	0.0	0.0	0.0	0.0	0.0	0.0	0.0	0.0	0.0	0.0	0.0	0.0	0.0	0.0	0.0	0.0	0.0	0.0	0.0	0.0	0.0	0.0	0.0	0.0	0.0	0.0	0.0	0.0	0.0	0.0	0.0	5.0	487.0	461.0	619.0	739.0	656.0	575.0	697.0	594.0	774.0	761.0	1034.0	295.0	260.0	200.0	227.0
69	20140722 23:02:52.422	1337.0	446.0	130.0	112.0	76.0	132.0	75.0	94.0	118.0	124.0	135.0	85.0	101.0	75.0	86.0	142.0	99.0	109.0	165.0	107.0	127.0	147.0	140.0	68.0	157.0	126.0	128.0	134.0	97.0	127.0	131.0	86.0	102.0	141.0	112.0	123.0	129.0	144.0	125.0	141.0	93.0	175.0	156.0	156.0	118.0	153.0	141.0	118.0	167.0	186.0	93.0	132.0	109.0	104.0	144.0	115.0	174.0	134.0	120.0	96.0	164.0	145.0	157.0	119.0	150.0	135.0	149.0	152.0	145.0	129.0	132.0	774.0	159.0	172.0	127.0	166.0	144.0
70	20140722 19:02:50.559	874.0	443.0	100.0	124.0	85.0	87.0	130.0	115.0	100.0	116.0	121.0	151.0	181.0	114.0	128.0	99.0	104.0	143.0	112.0	116.0	96.0	110.0	114.0	82.0	132.0	126.0	174.0	143.0	138.0	125.0	133.0	100.0	149.0	118.0	179.0	139.0	126.0	140.0	126.0	108.0	93.0	132.0	97.0	126.0	213.0	137.0	164.0	110.0	188.0	155.0	80.0	193.0	120.0	114.0	130.0	126.0	184.0	153.0	148.0	143.0	172.0	119.0	167.0	178.0	165.0	164.0	226.0	626.0	1078.0	816.0	984.0	386.0	139.0	142.0	172.0	118.0	110.0
71	20140722 15:22:11.974	1389.0	441.0	107.0	0.0	0.0	0.0	0.0	0.0	0.0	0.0	0.0	0.0	0.0	0.0	0.0	0.0	0.0	0.0	0.0	0.0	0.0	0.0	0.0	0.0	151.0	147.0	122.0	77.0	140.0	123.0	108.0	146.0	101.0	115.0	142.0	172.0	123.0	89.0	103.0	147.0	100.0	92.0	112.0	120.0	105.0	151.0	202.0	194.0	272.0	138.0	117.0	170.0	111.0	133.0	145.0	109.0	107.0	141.0	131.0	165.0	125.0	115.0	92.0	109.0	678.0	689.0	627.0	500.0	764.0	479.0	568.0	123.0	158.0	135.0	171.0	141.0	83.0
72	20140722 23:02:52.422	1349.0	440.0	141.0	126.0	108.0	139.0	86.0	135.0	115.0	110.0	126.0	126.0	135.0	122.0	104.0	135.0	144.0	109.0	120.0	108.0	126.0	99.0	104.0	98.0	98.0	112.0	103.0	77.0	111.0	147.0	131.0	131.0	73.0	146.0	121.0	102.0	126.0	124.0	146.0	134.0	117.0	117.0	107.0	106.0	147.0	153.0	142.0	125.0	102.0	154.0	132.0	133.0	125.0	156.0	138.0	135.0	203.0	185.0	156.0	159.0	136.0	135.0	130.0	194.0	137.0	117.0	136.0	110.0	183.0	152.0	193.0	587.0	171.0	126.0	178.0	144.0	179.0
73	20140722 15:22:11.974	1327.0	433.0	92.0	133.0	144.0	138.0	116.0	120.0	137.0	118.0	138.0	117.0	124.0	107.0	155.0	98.0	93.0	161.0	163.0	149.0	187.0	98.0	137.0	133.0	150.0	119.0	145.0	172.0	101.0	119.0	109.0	106.0	106.0	142.0	120.0	96.0	132.0	153.0	154.0	201.0	102.0	141.0	169.0	160.0	146.0	137.0	186.0	197.0	149.0	162.0	201.0	220.0	109.0	136.0	139.0	204.0	209.0	164.0	177.0	152.0	173.0	191.0	141.0	146.0	395.0	399.0	384.0	317.0	358.0	251.0	318.0	351.0	299.0	210.0	180.0	155.0	133.0
74	20140722 16:22:13.722	688.0	429.0	117.0	152.0	132.0	113.0	119.0	121.0	130.0	141.0	130.0	153.0	166.0	109.0	112.0	116.0	160.0	117.0	132.0	173.0	161.0	165.0	159.0	100.0	103.0	139.0	172.0	144.0	145.0	153.0	174.0	160.0	148.0	128.0	129.0	133.0	112.0	134.0	187.0	164.0	160.0	199.0	243.0	215.0	200.0	215.0	284.0	291.0	236.0	348.0	262.0	291.0	337.0	280.0	451.0	404.0	423.0	376.0	406.0	479.0	479.0	470.0	420.0	475.0	777.0	983.0	947.0	845.0	1379.0	1357.0	1307.0	1535.0	1225.0	326.0	253.0	248.0	250.0
75	20140722 15:22:11.974	129.0	417.0	0.0	0.0	0.0	0.0	0.0	0.0	0.0	0.0	0.0	0.0	0.0	0.0	0.0	0.0	0.0	0.0	0.0	0.0	0.0	0.0	0.0	0.0	0.0	0.0	0.0	0.0	0.0	0.0	0.0	0.0	0.0	0.0	0.0	0.0	0.0	0.0	0.0	0.0	0.0	0.0	0.0	0.0	0.0	0.0	0.0	0.0	0.0	0.0	0.0	0.0	0.0	0.0	0.0	0.0	0.0	0.0	0.0	0.0	0.0	0.0	0.0	0.0	799.0	729.0	651.0	544.0	686.0	569.0	602.0	682.0	509.0	0.0	0.0	0.0	0.0
76	20140722 15:22:11.974	127.0	377.0	0.0	0.0	0.0	0.0	0.0	0.0	0.0	0.0	0.0	0.0	0.0	0.0	0.0	0.0	0.0	0.0	0.0	0.0	0.0	0.0	0.0	0.0	0.0	0.0	0.0	0.0	0.0	0.0	0.0	0.0	0.0	0.0	0.0	0.0	0.0	0.0	0.0	0.0	0.0	0.0	0.0	0.0	0.0	0.0	0.0	0.0	0.0	0.0	0.0	0.0	0.0	0.0	0.0	0.0	0.0	0.0	0.0	0.0	0.0	0.0	0.0	0.0	1220.0	1636.0	1525.0	980.0	1567.0	1130.0	1247.0	1467.0	1073.0	0.0	0.0	0.0	0.0
77	20140722 15:22:11.974	989.0	365.0	102.0	119.0	88.0	91.0	123.0	115.0	98.0	103.0	112.0	114.0	115.0	82.0	93.0	138.0	101.0	72.0	145.0	110.0	121.0	117.0	99.0	101.0	97.0	130.0	166.0	146.0	158.0	108.0	118.0	122.0	90.0	99.0	114.0	118.0	103.0	130.0	129.0	138.0	148.0	105.0	167.0	128.0	164.0	166.0	169.0	124.0	118.0	163.0	110.0	159.0	157.0	177.0	130.0	118.0	232.0	147.0	147.0	136.0	192.0	130.0	164.0	131.0	346.0	404.0	414.0	110.0	124.0	160.0	139.0	111.0	151.0	135.0	111.0	75.0	106.0
78	20140722 15:22:11.974	683.0	349.0	112.0	99.0	100.0	142.0	143.0	82.0	124.0	109.0	130.0	126.0	98.0	110.0	123.0	159.0	125.0	127.0	141.0	93.0	98.0	112.0	137.0	197.0	218.0	186.0	160.0	222.0	180.0	173.0	223.0	215.0	183.0	152.0	198.0	163.0	147.0	155.0	194.0	216.0	202.0	166.0	173.0	174.0	197.0	194.0	216.0	235.0	267.0	264.0	298.0	284.0	237.0	270.0	274.0	311.0	419.0	377.0	386.0	580.0	588.0	593.0	591.0	651.0	1033.0	1239.0	1181.0	933.0	1976.0	1347.0	1371.0	1819.0	740.0	230.0	233.0	197.0	190.0
79	20140722 15:22:11.974	139.0	343.0	0.0	0.0	0.0	0.0	0.0	0.0	0.0	0.0	0.0	0.0	0.0	0.0	0.0	0.0	0.0	0.0	0.0	0.0	0.0	0.0	0.0	0.0	0.0	0.0	0.0	0.0	0.0	0.0	0.0	0.0	0.0	0.0	0.0	0.0	0.0	0.0	0.0	0.0	0.0	0.0	0.0	0.0	0.0	0.0	0.0	0.0	0.0	0.0	0.0	0.0	0.0	0.0	0.0	0.0	0.0	0.0	0.0	0.0	0.0	0.0	0.0	0.0	277.0	376.0	471.0	203.0	105.0	127.0	191.0	182.0	121.0	0.0	0.0	0.0	0.0
80	20140722 16:22:13.722	124.0	336.0	0.0	0.0	0.0	0.0	0.0	0.0	0.0	0.0	0.0	0.0	0.0	0.0	0.0	0.0	0.0	0.0	0.0	0.0	0.0	0.0	0.0	0.0	0.0	0.0	0.0	0.0	0.0	0.0	0.0	0.0	0.0	0.0	0.0	0.0	0.0	0.0	0.0	0.0	0.0	0.0	0.0	0.0	0.0	0.0	0.0	0.0	0.0	0.0	0.0	0.0	0.0	0.0	0.0	0.0	0.0	0.0	0.0	0.0	0.0	0.0	0.0	0.0	11.0	1406.0	1239.0	944.0	1225.0	1048.0	1091.0	1123.0	877.0	0.0	0.0	0.0	0.0
81	20140722 16:22:13.722	363.0	325.0	0.0	0.0	0.0	0.0	0.0	0.0	0.0	0.0	0.0	0.0	0.0	0.0	0.0	0.0	0.0	0.0	0.0	0.0	0.0	0.0	0.0	0.0	0.0	0.0	0.0	177.0	211.0	157.0	165.0	219.0	221.0	345.0	224.0	160.0	134.0	173.0	160.0	188.0	174.0	155.0	170.0	189.0	176.0	187.0	290.0	313.0	250.0	394.0	334.0	343.0	299.0	310.0	387.0	342.0	421.0	419.0	383.0	449.0	452.0	485.0	501.0	514.0	794.0	1093.0	1122.0	924.0	1478.0	1124.0	1162.0	1632.0	1369.0	324.0	237.0	299.0	205.0
82	20140722 04:22:13.19	1278.0	319.0	123.0	126.0	120.0	164.0	97.0	139.0	115.0	87.0	98.0	104.0	181.0	106.0	106.0	128.0	88.0	94.0	125.0	145.0	111.0	128.0	119.0	154.0	183.0	208.0	183.0	175.0	128.0	173.0	209.0	183.0	156.0	148.0	150.0	165.0	96.0	143.0	175.0	168.0	128.0	147.0	212.0	159.0	231.0	259.0	283.0	246.0	213.0	284.0	218.0	252.0	227.0	262.0	340.0	371.0	354.0	352.0	322.0	463.0	333.0	455.0	1016.0	897.0	1029.0	1301.0	1049.0	713.0	1150.0	950.0	883.0	1071.0	821.0	223.0	226.0	162.0	185.0
83	20140722 15:22:11.974	562.0	315.0	93.0	124.0	138.0	135.0	88.0	165.0	89.0	113.0	129.0	121.0	152.0	113.0	122.0	94.0	109.0	108.0	126.0	91.0	112.0	96.0	147.0	135.0	164.0	149.0	167.0	119.0	219.0	110.0	170.0	206.0	158.0	171.0	118.0	182.0	188.0	178.0	209.0	214.0	197.0	203.0	194.0	172.0	227.0	243.0	260.0	371.0	277.0	335.0	239.0	314.0	302.0	281.0	286.0	245.0	312.0	398.0	418.0	394.0	447.0	527.0	508.0	486.0	1566.0	1250.0	1159.0	1170.0	1063.0	1131.0	1153.0	1140.0	1059.0	299.0	232.0	218.0	199.0
84	20140722 16:22:13.722	681.0	309.0	66.0	67.0	105.0	108.0	120.0	87.0	85.0	119.0	100.0	102.0	80.0	101.0	70.0	108.0	84.0	94.0	120.0	130.0	110.0	113.0	129.0	186.0	192.0	196.0	170.0	206.0	144.0	156.0	135.0	178.0	155.0	180.0	114.0	193.0	192.0	190.0	191.0	185.0	179.0	185.0	185.0	186.0	183.0	272.0	289.0	278.0	279.0	332.0	258.0	311.0	277.0	252.0	386.0	402.0	420.0	424.0	360.0	428.0	411.0	517.0	469.0	501.0	650.0	850.0	822.0	801.0	1459.0	1143.0	1420.0	1625.0	1351.0	335.0	240.0	295.0	191.0
85	20140722 19:02:50.559	760.0	305.0	119.0	85.0	130.0	132.0	90.0	99.0	109.0	107.0	134.0	114.0	140.0	94.0	84.0	100.0	125.0	97.0	151.0	155.0	96.0	117.0	181.0	206.0	195.0	129.0	160.0	194.0	246.0	221.0	239.0	200.0	212.0	329.0	215.0	183.0	226.0	178.0	183.0	158.0	244.0	232.0	228.0	168.0	202.0	258.0	231.0	306.0	204.0	414.0	295.0	276.0	258.0	279.0	410.0	310.0	445.0	400.0	471.0	456.0	470.0	401.0	448.0	530.0	695.0	805.0	874.0	974.0	1532.0	1371.0	1577.0	1677.0	1181.0	386.0	318.0	261.0	218.0
86	20140722 16:22:13.722	959.0	296.0	112.0	111.0	96.0	154.0	139.0	146.0	160.0	125.0	142.0	86.0	128.0	120.0	152.0	157.0	109.0	154.0	130.0	112.0	159.0	138.0	112.0	102.0	215.0	114.0	156.0	143.0	141.0	183.0	151.0	216.0	150.0	171.0	181.0	193.0	165.0	178.0	168.0	217.0	204.0	181.0	161.0	177.0	233.0	253.0	281.0	256.0	278.0	345.0	314.0	329.0	236.0	293.0	352.0	309.0	426.0	300.0	323.0	392.0	455.0	415.0	407.0	475.0	615.0	910.0	879.0	905.0	1310.0	1474.0	1625.0	1457.0	1199.0	307.0	213.0	206.0	173.0
87	20140722 17:22:10.47	122.0	296.0	0.0	0.0	0.0	0.0	0.0	0.0	0.0	0.0	0.0	0.0	0.0	0.0	0.0	0.0	0.0	0.0	0.0	0.0	0.0	0.0	0.0	0.0	0.0	0.0	0.0	0.0	0.0	0.0	0.0	0.0	0.0	0.0	0.0	0.0	0.0	0.0	0.0	0.0	0.0	0.0	0.0	0.0	0.0	0.0	0.0	0.0	0.0	0.0	0.0	0.0	0.0	0.0	0.0	0.0	0.0	0.0	0.0	0.0	0.0	0.0	0.0	0.0	0.0	61.0	497.0	424.0	476.0	469.0	606.0	628.0	612.0	0.0	0.0	0.0	0.0
88	20140722 15:22:11.974	861.0	290.0	100.0	96.0	114.0	141.0	92.0	113.0	133.0	99.0	142.0	163.0	118.0	96.0	93.0	112.0	149.0	141.0	118.0	88.0	116.0	144.0	105.0	132.0	110.0	122.0	105.0	97.0	151.0	98.0	142.0	92.0	109.0	126.0	141.0	107.0	138.0	97.0	204.0	104.0	88.0	128.0	129.0	142.0	105.0	95.0	160.0	154.0	185.0	178.0	164.0	162.0	125.0	111.0	113.0	155.0	153.0	203.0	151.0	119.0	133.0	139.0	140.0	156.0	640.0	391.0	214.0	132.0	211.0	127.0	137.0	111.0	117.0	100.0	177.0	153.0	163.0
89	20140722 15:22:11.974	241.0	289.0	0.0	0.0	0.0	0.0	0.0	0.0	0.0	0.0	0.0	0.0	0.0	0.0	0.0	0.0	0.0	0.0	0.0	0.0	0.0	0.0	0.0	0.0	0.0	0.0	0.0	0.0	0.0	0.0	0.0	0.0	0.0	0.0	0.0	0.0	0.0	0.0	0.0	0.0	0.0	0.0	0.0	0.0	0.0	200.0	202.0	212.0	248.0	216.0	184.0	167.0	255.0	208.0	229.0	249.0	266.0	270.0	261.0	280.0	268.0	325.0	305.0	338.0	634.0	945.0	910.0	642.0	973.0	731.0	715.0	960.0	626.0	182.0	228.0	155.0	192.0
90	20140722 19:02:50.559	511.0	270.0	78.0	163.0	146.0	124.0	106.0	86.0	103.0	113.0	152.0	93.0	180.0	93.0	143.0	149.0	114.0	118.0	86.0	107.0	123.0	85.0	144.0	94.0	112.0	126.0	112.0	128.0	120.0	134.0	143.0	106.0	103.0	66.0	131.0	99.0	124.0	141.0	130.0	146.0	119.0	121.0	155.0	138.0	156.0	137.0	175.0	138.0	150.0	171.0	121.0	123.0	105.0	169.0	137.0	107.0	130.0	160.0	146.0	189.0	144.0	153.0	232.0	158.0	88.0	161.0	125.0	463.0	572.0	454.0	512.0	530.0	100.0	139.0	168.0	133.0	161.0
91	20140722 05:22:10.81	718.0	267.0	83.0	120.0	151.0	105.0	74.0	119.0	111.0	104.0	125.0	145.0	76.0	118.0	103.0	126.0	132.0	82.0	132.0	122.0	142.0	97.0	138.0	179.0	135.0	156.0	170.0	168.0	199.0	161.0	132.0	165.0	171.0	218.0	150.0	177.0	139.0	145.0	185.0	218.0	226.0	214.0	238.0	186.0	220.0	221.0	213.0	304.0	272.0	309.0	219.0	304.0	319.0	243.0	353.0	291.0	389.0	437.0	370.0	539.0	484.0	550.0	735.0	989.0	1068.0	1445.0	1301.0	779.0	1300.0	983.0	1069.0	1379.0	858.0	251.0	213.0	232.0	210.0
92	20140722 17:22:10.47	119.0	257.0	0.0	0.0	0.0	0.0	0.0	0.0	0.0	0.0	0.0	0.0	0.0	0.0	0.0	0.0	0.0	0.0	0.0	0.0	0.0	0.0	0.0	0.0	0.0	0.0	0.0	0.0	0.0	0.0	0.0	0.0	0.0	0.0	0.0	0.0	0.0	0.0	0.0	0.0	0.0	0.0	0.0	0.0	0.0	0.0	0.0	0.0	0.0	0.0	0.0	0.0	0.0	0.0	0.0	0.0	0.0	0.0	0.0	0.0	0.0	0.0	0.0	0.0	0.0	0.0	790.0	649.0	804.0	682.0	758.0	862.0	716.0	0.0	0.0	0.0	0.0
93	20140722 05:22:10.81	200.0	253.0	0.0	0.0	0.0	0.0	0.0	0.0	0.0	0.0	0.0	0.0	0.0	0.0	0.0	0.0	0.0	0.0	0.0	0.0	0.0	0.0	0.0	0.0	0.0	0.0	0.0	0.0	0.0	0.0	0.0	0.0	0.0	0.0	0.0	0.0	0.0	0.0	0.0	0.0	0.0	0.0	0.0	0.0	0.0	0.0	0.0	0.0	0.0	0.0	0.0	300.0	428.0	418.0	612.0	503.0	696.0	544.0	545.0	770.0	618.0	744.0	739.0	860.0	1584.0	1578.0	1607.0	1264.0	1452.0	1189.0	1303.0	1286.0	890.0	305.0	245.0	190.0	319.0
94	20140722 20:02:55.177	111.0	224.0	0.0	0.0	0.0	0.0	0.0	0.0	0.0	0.0	0.0	0.0	0.0	0.0	0.0	0.0	0.0	0.0	0.0	0.0	0.0	0.0	0.0	0.0	0.0	0.0	0.0	0.0	0.0	0.0	0.0	0.0	0.0	0.0	0.0	0.0	0.0	0.0	0.0	0.0	0.0	0.0	0.0	0.0	0.0	0.0	0.0	0.0	0.0	0.0	0.0	0.0	0.0	0.0	0.0	0.0	0.0	0.0	0.0	0.0	0.0	0.0	0.0	0.0	0.0	0.0	0.0	0.0	633.0	468.0	468.0	615.0	253.0	0.0	0.0	0.0	0.0
95	20140722 17:22:10.47	118.0	216.0	0.0	0.0	0.0	0.0	0.0	0.0	0.0	0.0	0.0	0.0	0.0	0.0	0.0	0.0	0.0	0.0	0.0	0.0	0.0	0.0	0.0	0.0	0.0	0.0	0.0	0.0	0.0	0.0	0.0	0.0	0.0	0.0	0.0	0.0	0.0	0.0	0.0	0.0	0.0	0.0	0.0	0.0	0.0	0.0	0.0	0.0	0.0	0.0	0.0	0.0	0.0	0.0	0.0	0.0	0.0	0.0	0.0	0.0	0.0	0.0	0.0	0.0	0.0	0.0	903.0	696.0	872.0	704.0	880.0	884.0	693.0	0.0	0.0	0.0	0.0
96	20140722 15:22:11.974	157.0	214.0	0.0	0.0	0.0	0.0	0.0	0.0	0.0	0.0	0.0	0.0	0.0	0.0	0.0	0.0	0.0	0.0	0.0	0.0	0.0	0.0	0.0	0.0	0.0	0.0	0.0	0.0	0.0	0.0	0.0	0.0	0.0	0.0	0.0	0.0	0.0	0.0	0.0	0.0	0.0	0.0	0.0	0.0	0.0	0.0	0.0	0.0	0.0	0.0	0.0	0.0	0.0	0.0	0.0	0.0	0.0	0.0	0.0	0.0	0.0	0.0	0.0	0.0	1277.0	1389.0	1656.0	1117.0	1944.0	1386.0	1410.0	1721.0	929.0	239.0	210.0	215.0	197.0
97	20140722 03:22:12.508	236.0	212.0	0.0	0.0	0.0	0.0	0.0	0.0	0.0	0.0	0.0	0.0	0.0	0.0	0.0	0.0	0.0	0.0	0.0	0.0	0.0	0.0	0.0	0.0	0.0	0.0	0.0	0.0	0.0	0.0	0.0	0.0	0.0	0.0	0.0	0.0	0.0	0.0	0.0	0.0	0.0	0.0	0.0	0.0	0.0	235.0	183.0	197.0	186.0	225.0	180.0	197.0	211.0	210.0	251.0	261.0	303.0	256.0	212.0	309.0	310.0	355.0	291.0	306.0	363.0	417.0	442.0	358.0	464.0	351.0	498.0	602.0	628.0	340.0	287.0	240.0	223.0
98	20140722 15:22:11.974	881.0	210.0	123.0	124.0	156.0	126.0	84.0	105.0	137.0	106.0	163.0	153.0	168.0	94.0	85.0	142.0	100.0	106.0	169.0	115.0	95.0	83.0	94.0	140.0	156.0	128.0	115.0	182.0	151.0	124.0	90.0	118.0	135.0	123.0	118.0	116.0	133.0	137.0	178.0	110.0	87.0	170.0	93.0	119.0	127.0	109.0	170.0	165.0	155.0	232.0	102.0	155.0	92.0	110.0	110.0	134.0	77.0	153.0	89.0	121.0	112.0	78.0	106.0	166.0	352.0	473.0	440.0	164.0	196.0	103.0	83.0	136.0	174.0	128.0	96.0	166.0	89.0
99	20140722 15:22:11.974	1074.0	203.0	82.0	145.0	93.0	100.0	96.0	92.0	91.0	114.0	130.0	107.0	95.0	98.0	90.0	121.0	133.0	163.0	110.0	111.0	131.0	120.0	114.0	161.0	161.0	184.0	143.0	183.0	183.0	207.0	158.0	125.0	150.0	157.0	123.0	172.0	184.0	154.0	169.0	126.0	141.0	141.0	183.0	167.0	167.0	282.0	245.0	299.0	301.0	179.0	265.0	248.0	174.0	224.0	297.0	253.0	201.0	283.0	257.0	237.0	221.0	288.0	260.0	253.0	610.0	685.0	691.0	449.0	660.0	545.0	471.0	331.0	178.0	175.0	118.0	133.0	175.0
100	20140722 17:22:10.47	435.0	202.0	129.0	128.0	96.0	129.0	109.0	130.0	122.0	142.0	118.0	86.0	127.0	99.0	158.0	109.0	139.0	159.0	154.0	132.0	182.0	147.0	128.0	167.0	179.0	131.0	183.0	97.0	125.0	131.0	145.0	178.0	107.0	146.0	170.0	146.0	187.0	151.0	166.0	171.0	210.0	126.0	126.0	189.0	230.0	244.0	242.0	292.0	202.0	362.0	199.0	302.0	282.0	249.0	267.0	284.0	298.0	300.0	381.0	361.0	317.0	409.0	365.0	289.0	610.0	663.0	777.0	720.0	1161.0	1023.0	1221.0	1416.0	766.0	285.0	262.0	227.0	230.0
101	20140722 15:22:11.974	713.0	188.0	114.0	82.0	170.0	128.0	124.0	91.0	145.0	103.0	106.0	136.0	83.0	92.0	124.0	120.0	121.0	133.0	97.0	108.0	111.0	79.0	100.0	187.0	184.0	176.0	205.0	130.0	148.0	140.0	169.0	206.0	211.0	210.0	141.0	126.0	177.0	248.0	121.0	238.0	173.0	205.0	148.0	149.0	189.0	158.0	232.0	281.0	219.0	274.0	143.0	232.0	258.0	241.0	280.0	274.0	352.0	351.0	242.0	357.0	247.0	336.0	331.0	308.0	863.0	1391.0	1249.0	669.0	1251.0	860.0	745.0	996.0	842.0	327.0	225.0	195.0	210.0
102	20140722 19:02:50.559	115.0	176.0	0.0	0.0	0.0	0.0	0.0	0.0	0.0	0.0	0.0	0.0	0.0	0.0	0.0	0.0	0.0	0.0	0.0	0.0	0.0	0.0	0.0	0.0	0.0	0.0	0.0	0.0	0.0	0.0	0.0	0.0	0.0	0.0	0.0	0.0	0.0	0.0	0.0	0.0	0.0	0.0	0.0	0.0	0.0	0.0	0.0	0.0	0.0	0.0	0.0	0.0	0.0	0.0	0.0	0.0	0.0	0.0	0.0	0.0	0.0	0.0	0.0	0.0	0.0	0.0	7.0	805.0	1057.0	865.0	922.0	1027.0	693.0	0.0	0.0	0.0	0.0
103	20140722 15:22:11.974	157.0	175.0	0.0	0.0	0.0	0.0	0.0	0.0	0.0	0.0	0.0	0.0	0.0	0.0	0.0	0.0	0.0	0.0	0.0	0.0	0.0	0.0	0.0	0.0	0.0	0.0	0.0	0.0	0.0	0.0	0.0	0.0	0.0	0.0	0.0	0.0	0.0	0.0	0.0	0.0	0.0	0.0	0.0	0.0	0.0	0.0	0.0	0.0	0.0	0.0	0.0	0.0	0.0	0.0	0.0	0.0	0.0	0.0	0.0	0.0	0.0	0.0	0.0	0.0	768.0	806.0	752.0	759.0	768.0	629.0	822.0	746.0	1148.0	233.0	331.0	231.0	235.0
104	20140722 01:22:12.903	195.0	173.0	0.0	0.0	0.0	0.0	0.0	0.0	0.0	0.0	0.0	0.0	0.0	0.0	0.0	0.0	0.0	0.0	0.0	0.0	0.0	0.0	0.0	0.0	0.0	0.0	0.0	0.0	0.0	0.0	0.0	0.0	0.0	0.0	0.0	0.0	0.0	0.0	0.0	0.0	0.0	0.0	0.0	0.0	0.0	0.0	0.0	0.0	0.0	0.0	0.0	0.0	0.0	0.0	0.0	3.0	405.0	492.0	444.0	688.0	563.0	705.0	863.0	809.0	999.0	1237.0	1083.0	777.0	1036.0	833.0	894.0	958.0	598.0	191.0	197.0	219.0	178.0
105	20140722 15:22:11.974	898.0	164.0	90.0	102.0	117.0	107.0	103.0	86.0	107.0	145.0	136.0	107.0	150.0	110.0	95.0	142.0	120.0	89.0	123.0	122.0	132.0	124.0	92.0	122.0	95.0	105.0	155.0	116.0	115.0	125.0	111.0	138.0	116.0	101.0	81.0	147.0	177.0	81.0	95.0	108.0	149.0	121.0	85.0	132.0	221.0	120.0	103.0	127.0	145.0	211.0	185.0	125.0	118.0	146.0	122.0	117.0	138.0	143.0	172.0	145.0	130.0	217.0	128.0	126.0	442.0	570.0	521.0	91.0	203.0	94.0	111.0	145.0	170.0	132.0	126.0	154.0	152.0
106	20140721 17:22:12.765	631.0	152.0	139.0	87.0	165.0	142.0	106.0	114.0	144.0	77.0	109.0	134.0	94.0	102.0	87.0	131.0	93.0	121.0	136.0	160.0	108.0	132.0	118.0	193.0	175.0	181.0	157.0	159.0	132.0	173.0	201.0	185.0	201.0	228.0	220.0	198.0	149.0	188.0	227.0	179.0	197.0	141.0	175.0	162.0	142.0	209.0	218.0	308.0	223.0	352.0	262.0	434.0	316.0	235.0	469.0	444.0	350.0	266.0	402.0	448.0	322.0	392.0	365.0	397.0	516.0	715.0	596.0	379.0	751.0	530.0	499.0	675.0	627.0	167.0	206.0	137.0	191.0
107	20140722 15:22:11.974	309.0	141.0	0.0	0.0	0.0	0.0	0.0	0.0	0.0	0.0	0.0	0.0	0.0	0.0	0.0	0.0	0.0	0.0	0.0	0.0	0.0	0.0	0.0	0.0	0.0	0.0	0.0	0.0	0.0	0.0	0.0	0.0	0.0	0.0	127.0	149.0	130.0	165.0	140.0	192.0	111.0	128.0	146.0	143.0	201.0	124.0	146.0	151.0	148.0	235.0	165.0	207.0	228.0	180.0	241.0	238.0	236.0	241.0	219.0	219.0	229.0	227.0	266.0	234.0	557.0	694.0	524.0	247.0	395.0	242.0	307.0	391.0	227.0	90.0	187.0	118.0	128.0
108	20140722 20:02:55.177	112.0	137.0	0.0	0.0	0.0	0.0	0.0	0.0	0.0	0.0	0.0	0.0	0.0	0.0	0.0	0.0	0.0	0.0	0.0	0.0	0.0	0.0	0.0	0.0	0.0	0.0	0.0	0.0	0.0	0.0	0.0	0.0	0.0	0.0	0.0	0.0	0.0	0.0	0.0	0.0	0.0	0.0	0.0	0.0	0.0	0.0	0.0	0.0	0.0	0.0	0.0	0.0	0.0	0.0	0.0	0.0	0.0	0.0	0.0	0.0	0.0	0.0	0.0	0.0	0.0	0.0	0.0	5.0	903.0	690.0	701.0	915.0	702.0	0.0	0.0	0.0	0.0
109	20140722 15:22:11.974	153.0	136.0	0.0	0.0	0.0	0.0	0.0	0.0	0.0	0.0	0.0	0.0	0.0	0.0	0.0	0.0	0.0	0.0	0.0	0.0	0.0	0.0	0.0	0.0	0.0	0.0	0.0	0.0	0.0	0.0	0.0	0.0	0.0	0.0	0.0	0.0	0.0	0.0	0.0	0.0	0.0	0.0	0.0	0.0	0.0	0.0	0.0	0.0	0.0	0.0	0.0	0.0	0.0	0.0	0.0	0.0	0.0	0.0	0.0	0.0	0.0	0.0	0.0	0.0	670.0	1021.0	993.0	476.0	936.0	568.0	619.0	812.0	466.0	273.0	220.0	217.0	197.0
110	20140722 01:22:12.903	192.0	133.0	0.0	0.0	0.0	0.0	0.0	0.0	0.0	0.0	0.0	0.0	0.0	0.0	0.0	0.0	0.0	0.0	0.0	0.0	0.0	0.0	0.0	0.0	0.0	0.0	0.0	0.0	0.0	0.0	0.0	0.0	0.0	0.0	0.0	0.0	0.0	0.0	0.0	0.0	0.0	0.0	0.0	0.0	0.0	0.0	0.0	0.0	0.0	0.0	0.0	0.0	0.0	0.0	0.0	0.0	0.0	450.0	526.0	801.0	639.0	707.0	837.0	788.0	1069.0	1247.0	1175.0	870.0	1276.0	966.0	1017.0	1211.0	975.0	231.0	212.0	249.0	215.0
111	20140722 15:22:11.974	312.0	127.0	0.0	0.0	0.0	0.0	0.0	0.0	0.0	0.0	0.0	0.0	0.0	0.0	0.0	0.0	0.0	0.0	0.0	0.0	0.0	0.0	0.0	0.0	0.0	0.0	0.0	0.0	0.0	0.0	0.0	0.0	0.0	0.0	187.0	158.0	173.0	134.0	154.0	189.0	162.0	180.0	214.0	182.0	220.0	174.0	180.0	253.0	280.0	316.0	222.0	293.0	382.0	203.0	323.0	341.0	369.0	331.0	355.0	450.0	372.0	395.0	388.0	389.0	1361.0	1617.0	1493.0	1143.0	1433.0	1093.0	1077.0	1137.0	973.0	221.0	190.0	163.0	174.0
112	20140722 23:02:52.422	1064.0	125.0	97.0	106.0	116.0	97.0	89.0	118.0	141.0	124.0	95.0	93.0	110.0	76.0	116.0	119.0	139.0	107.0	101.0	150.0	119.0	68.0	105.0	122.0	138.0	183.0	138.0	120.0	163.0	146.0	132.0	125.0	136.0	107.0	144.0	132.0	102.0	106.0	130.0	136.0	121.0	87.0	107.0	105.0	113.0	144.0	143.0	142.0	134.0	147.0	137.0	151.0	82.0	137.0	191.0	173.0	125.0	142.0	123.0	113.0	136.0	114.0	104.0	138.0	148.0	141.0	175.0	130.0	137.0	130.0	115.0	381.0	135.0	93.0	133.0	144.0	157.0
113	20140722 15:22:11.974	234.0	116.0	0.0	0.0	0.0	0.0	0.0	0.0	0.0	0.0	0.0	0.0	0.0	0.0	0.0	0.0	0.0	0.0	0.0	0.0	0.0	0.0	0.0	0.0	0.0	0.0	0.0	0.0	0.0	0.0	0.0	0.0	0.0	0.0	0.0	0.0	0.0	0.0	0.0	0.0	0.0	0.0	0.0	0.0	0.0	148.0	178.0	137.0	157.0	201.0	129.0	119.0	133.0	144.0	152.0	160.0	204.0	182.0	130.0	151.0	198.0	144.0	140.0	121.0	357.0	348.0	461.0	132.0	143.0	139.0	151.0	133.0	138.0	116.0	152.0	121.0	128.0
114	20140722 16:22:13.722	551.0	116.0	108.0	131.0	112.0	132.0	115.0	134.0	84.0	109.0	122.0	101.0	120.0	90.0	139.0	130.0	134.0	154.0	147.0	105.0	142.0	139.0	138.0	129.0	150.0	141.0	217.0	191.0	201.0	160.0	140.0	193.0	154.0	205.0	205.0	146.0	179.0	154.0	190.0	155.0	136.0	155.0	174.0	140.0	190.0	132.0	294.0	168.0	253.0	324.0	246.0	238.0	232.0	285.0	443.0	387.0	444.0	458.0	412.0	641.0	485.0	584.0	653.0	679.0	754.0	1083.0	1030.0	651.0	1285.0	974.0	1150.0	1483.0	940.0	247.0	263.0	244.0	189.0
115	20140721 17:22:12.765	630.0	112.0	75.0	96.0	98.0	139.0	79.0	111.0	128.0	99.0	99.0	92.0	115.0	71.0	112.0	132.0	151.0	129.0	98.0	145.0	124.0	98.0	110.0	113.0	212.0	196.0	269.0	137.0	156.0	143.0	178.0	183.0	137.0	145.0	150.0	130.0	140.0	120.0	172.0	134.0	146.0	133.0	200.0	138.0	120.0	307.0	332.0	328.0	350.0	356.0	359.0	445.0	406.0	308.0	461.0	415.0	488.0	392.0	350.0	484.0	442.0	444.0	438.0	428.0	640.0	758.0	758.0	606.0	714.0	533.0	669.0	670.0	647.0	310.0	206.0	250.0	235.0
116	20140722 20:02:55.177	111.0	96.0	0.0	0.0	0.0	0.0	0.0	0.0	0.0	0.0	0.0	0.0	0.0	0.0	0.0	0.0	0.0	0.0	0.0	0.0	0.0	0.0	0.0	0.0	0.0	0.0	0.0	0.0	0.0	0.0	0.0	0.0	0.0	0.0	0.0	0.0	0.0	0.0	0.0	0.0	0.0	0.0	0.0	0.0	0.0	0.0	0.0	0.0	0.0	0.0	0.0	0.0	0.0	0.0	0.0	0.0	0.0	0.0	0.0	0.0	0.0	0.0	0.0	0.0	0.0	0.0	0.0	0.0	867.0	554.0	692.0	845.0	844.0	0.0	0.0	0.0	0.0
117	20140722 01:22:12.903	190.0	92.0	0.0	0.0	0.0	0.0	0.0	0.0	0.0	0.0	0.0	0.0	0.0	0.0	0.0	0.0	0.0	0.0	0.0	0.0	0.0	0.0	0.0	0.0	0.0	0.0	0.0	0.0	0.0	0.0	0.0	0.0	0.0	0.0	0.0	0.0	0.0	0.0	0.0	0.0	0.0	0.0	0.0	0.0	0.0	0.0	0.0	0.0	0.0	0.0	0.0	0.0	0.0	0.0	0.0	0.0	0.0	0.0	139.0	365.0	282.0	381.0	353.0	340.0	401.0	423.0	498.0	448.0	518.0	438.0	476.0	476.0	415.0	249.0	214.0	192.0	168.0
118	20140722 15:22:11.974	1053.0	80.0	101.0	161.0	105.0	121.0	92.0	83.0	128.0	107.0	114.0	129.0	101.0	136.0	109.0	127.0	96.0	78.0	141.0	85.0	120.0	103.0	116.0	93.0	154.0	122.0	180.0	120.0	212.0	92.0	136.0	88.0	101.0	92.0	148.0	109.0	97.0	79.0	160.0	98.0	145.0	103.0	122.0	120.0	153.0	160.0	131.0	114.0	114.0	164.0	178.0	165.0	158.0	162.0	129.0	186.0	185.0	174.0	174.0	206.0	124.0	249.0	238.0	217.0	377.0	392.0	422.0	351.0	514.0	370.0	351.0	135.0	115.0	137.0	122.0	122.0	113.0
119	20140722 15:22:11.974	1019.0	68.0	115.0	101.0	106.0	118.0	121.0	92.0	132.0	103.0	137.0	169.0	136.0	101.0	126.0	117.0	97.0	125.0	93.0	112.0	93.0	108.0	112.0	97.0	175.0	123.0	178.0	135.0	99.0	153.0	129.0	126.0	110.0	144.0	122.0	126.0	123.0	155.0	184.0	127.0	85.0	165.0	147.0	101.0	194.0	125.0	119.0	124.0	138.0	149.0	157.0	104.0	95.0	115.0	161.0	131.0	161.0	108.0	138.0	158.0	100.0	130.0	136.0	153.0	297.0	330.0	452.0	347.0	474.0	425.0	427.0	427.0	86.0	110.0	130.0	103.0	84.0
120	20140722 20:02:55.177	110.0	57.0	0.0	0.0	0.0	0.0	0.0	0.0	0.0	0.0	0.0	0.0	0.0	0.0	0.0	0.0	0.0	0.0	0.0	0.0	0.0	0.0	0.0	0.0	0.0	0.0	0.0	0.0	0.0	0.0	0.0	0.0	0.0	0.0	0.0	0.0	0.0	0.0	0.0	0.0	0.0	0.0	0.0	0.0	0.0	0.0	0.0	0.0	0.0	0.0	0.0	0.0	0.0	0.0	0.0	0.0	0.0	0.0	0.0	0.0	0.0	0.0	0.0	0.0	0.0	0.0	0.0	0.0	1079.0	836.0	1116.0	1373.0	948.0	0.0	0.0	0.0	0.0
121	20140722 15:22:11.974	148.0	54.0	0.0	0.0	0.0	0.0	0.0	0.0	0.0	0.0	0.0	0.0	0.0	0.0	0.0	0.0	0.0	0.0	0.0	0.0	0.0	0.0	0.0	0.0	0.0	0.0	0.0	0.0	0.0	0.0	0.0	0.0	0.0	0.0	0.0	0.0	0.0	0.0	0.0	0.0	0.0	0.0	0.0	0.0	0.0	0.0	0.0	0.0	0.0	0.0	0.0	0.0	0.0	0.0	0.0	0.0	0.0	0.0	0.0	0.0	0.0	0.0	0.0	0.0	1053.0	996.0	1019.0	854.0	1132.0	1055.0	1167.0	1349.0	1064.0	323.0	272.0	146.0	0.0
122	20140722 01:22:12.903	187.0	52.0	0.0	0.0	0.0	0.0	0.0	0.0	0.0	0.0	0.0	0.0	0.0	0.0	0.0	0.0	0.0	0.0	0.0	0.0	0.0	0.0	0.0	0.0	0.0	0.0	0.0	0.0	0.0	0.0	0.0	0.0	0.0	0.0	0.0	0.0	0.0	0.0	0.0	0.0	0.0	0.0	0.0	0.0	0.0	0.0	0.0	0.0	0.0	0.0	0.0	0.0	0.0	0.0	0.0	0.0	0.0	0.0	3.0	1372.0	1390.0	1471.0	1393.0	1431.0	1522.0	1371.0	1394.0	1313.0	1364.0	1281.0	1453.0	1287.0	1431.0	281.0	235.0	194.0	159.0
123	20140722 15:22:11.974	917.0	49.0	129.0	149.0	122.0	121.0	96.0	104.0	112.0	104.0	133.0	117.0	99.0	106.0	100.0	103.0	180.0	152.0	120.0	96.0	152.0	93.0	100.0	107.0	184.0	158.0	173.0	148.0	138.0	137.0	144.0	172.0	152.0	158.0	143.0	129.0	51.0	93.0	114.0	136.0	79.0	141.0	120.0	134.0	138.0	160.0	211.0	138.0	177.0	141.0	166.0	135.0	150.0	144.0	145.0	192.0	196.0	202.0	194.0	143.0	162.0	150.0	193.0	248.0	431.0	581.0	548.0	298.0	435.0	307.0	317.0	415.0	137.0	116.0	105.0	151.0	100.0
124	20140722 15:22:11.974	1183.0	44.0	73.0	125.0	125.0	135.0	148.0	124.0	120.0	105.0	131.0	108.0	136.0	115.0	89.0	125.0	168.0	146.0	161.0	98.0	117.0	133.0	127.0	179.0	193.0	159.0	228.0	142.0	165.0	167.0	162.0	214.0	183.0	169.0	211.0	195.0	223.0	286.0	214.0	193.0	200.0	174.0	173.0	220.0	242.0	444.0	493.0	554.0	526.0	644.0	455.0	524.0	384.0	382.0	465.0	465.0	472.0	465.0	480.0	501.0	457.0	540.0	607.0	677.0	1046.0	1003.0	1046.0	888.0	908.0	965.0	1060.0	955.0	1592.0	352.0	272.0	268.0	196.0
125	20140722 15:22:11.974	505.0	37.0	104.0	99.0	99.0	129.0	116.0	107.0	126.0	136.0	97.0	85.0	139.0	111.0	138.0	141.0	130.0	120.0	150.0	123.0	138.0	108.0	167.0	147.0	159.0	151.0	253.0	181.0	181.0	232.0	160.0	194.0	175.0	229.0	215.0	230.0	207.0	181.0	228.0	174.0	213.0	193.0	184.0	207.0	218.0	236.0	264.0	275.0	244.0	419.0	282.0	410.0	385.0	333.0	564.0	344.0	495.0	396.0	454.0	572.0	515.0	533.0	543.0	568.0	1423.0	1752.0	1537.0	1055.0	1702.0	1238.0	1244.0	1564.0	867.0	243.0	196.0	225.0	185.0
126	20140722 15:22:11.974	1274.0	35.0	84.0	109.0	108.0	100.0	102.0	109.0	87.0	130.0	108.0	106.0	115.0	102.0	109.0	153.0	88.0	141.0	104.0	110.0	147.0	97.0	150.0	135.0	144.0	172.0	171.0	111.0	103.0	139.0	174.0	86.0	98.0	136.0	144.0	125.0	146.0	148.0	107.0	166.0	116.0	155.0	112.0	135.0	166.0	173.0	161.0	165.0	129.0	139.0	100.0	129.0	113.0	124.0	170.0	145.0	134.0	175.0	202.0	99.0	139.0	127.0	100.0	113.0	341.0	401.0	344.0	287.0	452.0	353.0	270.0	374.0	108.0	121.0	152.0	147.0	186.0
127	20140722 15:22:11.974	584.0	34.0	103.0	99.0	166.0	103.0	93.0	131.0	105.0	112.0	128.0	104.0	97.0	99.0	98.0	111.0	134.0	179.0	158.0	140.0	109.0	95.0	130.0	208.0	279.0	225.0	236.0	230.0	226.0	214.0	183.0	210.0	269.0	221.0	180.0	170.0	192.0	197.0	178.0	184.0	181.0	157.0	156.0	162.0	286.0	213.0	189.0	174.0	194.0	285.0	276.0	258.0	315.0	396.0	384.0	348.0	407.0	448.0	370.0	519.0	439.0	536.0	581.0	614.0	813.0	896.0	862.0	719.0	944.0	884.0	983.0	1036.0	1250.0	343.0	244.0	234.0	200.0
128	20140722 15:22:11.974	545.0	35.0	213.0	103.0	132.0	152.0	86.0	140.0	100.0	129.0	144.0	116.0	101.0	85.0	108.0	181.0	76.0	128.0	89.0	96.0	155.0	124.0	112.0	180.0	246.0	216.0	242.0	278.0	278.0	246.0	239.0	235.0	273.0	247.0	187.0	200.0	146.0	167.0	183.0	223.0	167.0	150.0	242.0	220.0	313.0	243.0	236.0	285.0	272.0	320.0	263.0	274.0	267.0	328.0	357.0	327.0	376.0	381.0	373.0	533.0	428.0	488.0	488.0	584.0	889.0	1169.0	1273.0	840.0	1302.0	950.0	1015.0	1352.0	536.0	224.0	210.0	168.0	230.0
129	20140722 20:02:55.177	110.0	18.0	0.0	0.0	0.0	0.0	0.0	0.0	0.0	0.0	0.0	0.0	0.0	0.0	0.0	0.0	0.0	0.0	0.0	0.0	0.0	0.0	0.0	0.0	0.0	0.0	0.0	0.0	0.0	0.0	0.0	0.0	0.0	0.0	0.0	0.0	0.0	0.0	0.0	0.0	0.0	0.0	0.0	0.0	0.0	0.0	0.0	0.0	0.0	0.0	0.0	0.0	0.0	0.0	0.0	0.0	0.0	0.0	0.0	0.0	0.0	0.0	0.0	0.0	0.0	0.0	0.0	0.0	552.0	676.0	581.0	678.0	678.0	0.0	0.0	0.0	0.0
130	20140722 15:22:11.974	146.0	14.0	0.0	0.0	0.0	0.0	0.0	0.0	0.0	0.0	0.0	0.0	0.0	0.0	0.0	0.0	0.0	0.0	0.0	0.0	0.0	0.0	0.0	0.0	0.0	0.0	0.0	0.0	0.0	0.0	0.0	0.0	0.0	0.0	0.0	0.0	0.0	0.0	0.0	0.0	0.0	0.0	0.0	0.0	0.0	0.0	0.0	0.0	0.0	0.0	0.0	0.0	0.0	0.0	0.0	0.0	0.0	0.0	0.0	0.0	0.0	0.0	0.0	0.0	1196.0	1487.0	1363.0	997.0	1369.0	1062.0	1119.0	1287.0	833.0	0.0	0.0	0.0	0.0
131	20140722 01:22:12.903	185.0	13.0	0.0	0.0	0.0	0.0	0.0	0.0	0.0	0.0	0.0	0.0	0.0	0.0	0.0	0.0	0.0	0.0	0.0	0.0	0.0	0.0	0.0	0.0	0.0	0.0	0.0	0.0	0.0	0.0	0.0	0.0	0.0	0.0	0.0	0.0	0.0	0.0	0.0	0.0	0.0	0.0	0.0	0.0	0.0	0.0	0.0	0.0	0.0	0.0	0.0	0.0	0.0	0.0	0.0	0.0	0.0	0.0	0.0	1118.0	1217.0	1256.0	1183.0	1193.0	1256.0	1212.0	1185.0	1002.0	1163.0	993.0	1183.0	1144.0	888.0	179.0	189.0	158.0	174.0
132	20140722 20:02:55.177	581.0	12.0	136.0	92.0	106.0	123.0	116.0	106.0	93.0	130.0	109.0	132.0	150.0	98.0	95.0	96.0	113.0	140.0	92.0	124.0	65.0	117.0	182.0	139.0	110.0	103.0	156.0	85.0	192.0	118.0	108.0	144.0	127.0	143.0	148.0	91.0	97.0	114.0	142.0	100.0	103.0	126.0	166.0	144.0	161.0	131.0	138.0	129.0	148.0	119.0	160.0	153.0	136.0	140.0	136.0	145.0	202.0	129.0	212.0	145.0	122.0	173.0	153.0	136.0	186.0	227.0	311.0	348.0	696.0	442.0	310.0	354.0	153.0	96.0	103.0	139.0	175.0
133	20140722 19:02:50.559	1325.0	3.0	0.0	0.0	0.0	0.0	0.0	0.0	0.0	0.0	0.0	0.0	137.0	98.0	103.0	155.0	181.0	123.0	113.0	164.0	75.0	116.0	123.0	154.0	152.0	130.0	105.0	106.0	120.0	96.0	93.0	103.0	146.0	101.0	136.0	130.0	95.0	161.0	119.0	174.0	99.0	127.0	129.0	152.0	162.0	130.0	248.0	151.0	168.0	146.0	153.0	253.0	224.0	155.0	191.0	104.0	173.0	143.0	147.0	149.0	157.0	100.0	170.0	144.0	142.0	197.0	170.0	374.0	709.0	407.0	477.0	88.0	124.0	121.0	76.0	174.0	118.0
