index	mortality	x	y	20150117 19:30:15.438	20150119 20:46:32.336	20150119 21:47:07.929	20150119 22:48:00.767	20150119 23:48:53.287	20150120 00:49:43.40	20150120 01:50:39.432	20150120 02:51:29.258	20150120 03:52:24.622	20150120 04:53:17.176	20150120 05:53:59.753	20150120 06:54:55.786	20150120 07:55:47.434	20150120 08:56:40.161	20150120 09:57:32.52	20150120 10:58:20.761	20150120 11:59:14.718	20150120 13:00:12.268	20150120 14:33:29.984	20150120 15:34:31.366	20150120 16:35:19.781	20150120 17:36:18.450	20150120 18:37:06.941	20150120 19:38:02.113	20150120 20:38:57.209	20150120 21:39:45.861	20150120 22:40:35.286	20150120 23:41:25.891	20150121 00:42:19.992	20150121 01:43:12.863	20150121 02:44:11.124	20150121 03:45:09.392	20150121 04:45:58.250	20150121 05:46:53.923	20150121 06:47:52.371	20150121 07:48:41.802	20150121 08:49:33.153	20150121 09:50:32.322	20150121 10:51:24.507	20150121 12:53:09.990	20150121 13:53:58.159	20150121 14:54:51.680	20150121 15:55:47.816	20150121 16:56:40.385	20150121 17:57:20.698	20150121 18:58:15.961	20150121 19:59:15.983	20150121 21:00:13.676	20150121 22:01:15.433	20150121 23:02:14.508	20150122 00:03:06.57	20150122 03:05:45.223	20150122 04:06:33.85	20150122 05:07:29.907	20150122 06:08:18.629	20150122 07:09:09.773	20150122 08:10:10.465	20150122 09:11:10.235	20150122 10:12:13.270	20150122 17:18:57.257	20150122 18:19:57.489	20150122 19:20:54.42	20150122 20:21:45.414	20150122 21:22:46.188	20150122 23:24:34.476	20150123 00:25:38.334	20150123 01:26:41.858	20150123 02:27:37.478	20150123 03:28:34.531
1	20150122 08:10:10.465	855.0	935.0	0.0	0.0	0.0	79.0	0.0	0.0	0.0	0.0	0.0	0.0	0.0	0.0	0.0	0.0	0.0	0.0	0.0	0.0	0.0	0.0	0.0	0.0	0.0	0.0	0.0	0.0	0.0	0.0	0.0	0.0	109.0	0.0	92.0	0.0	0.0	0.0	0.0	0.0	0.0	0.0	0.0	0.0	0.0	0.0	0.0	0.0	0.0	0.0	0.0	0.0	0.0	0.0	0.0	0.0	0.0	0.0	213.0	103.0	136.0	0.0	0.0	0.0	0.0	0.0	0.0	0.0	163.0	0.0	364.0
2	20150120 21:39:45.861	740.0	931.0	0.0	113.0	134.0	141.0	0.0	0.0	0.0	0.0	0.0	0.0	0.0	0.0	0.0	0.0	0.0	0.0	0.0	0.0	0.0	74.0	100.0	0.0	0.0	0.0	0.0	207.0	218.0	80.0	98.0	117.0	199.0	110.0	115.0	158.0	88.0	177.0	110.0	113.0	98.0	0.0	0.0	0.0	0.0	109.0	67.0	89.0	108.0	124.0	90.0	216.0	101.0	238.0	0.0	137.0	205.0	89.0	118.0	133.0	137.0	82.0	135.0	161.0	300.0	185.0	196.0	129.0	181.0	183.0	170.0
3	20150119 20:46:32.336	575.0	931.0	0.0	138.0	178.0	98.0	0.0	0.0	0.0	0.0	0.0	0.0	0.0	0.0	0.0	0.0	0.0	0.0	0.0	0.0	0.0	106.0	155.0	0.0	0.0	0.0	0.0	69.0	146.0	124.0	116.0	105.0	193.0	175.0	125.0	128.0	108.0	120.0	182.0	104.0	80.0	0.0	0.0	0.0	0.0	135.0	116.0	172.0	127.0	124.0	63.0	102.0	114.0	214.0	0.0	77.0	119.0	133.0	184.0	160.0	114.0	53.0	179.0	171.0	216.0	238.0	153.0	201.0	215.0	189.0	137.0
4	20150119 20:46:32.336	4.0	930.0	0.0	144.0	195.0	163.0	0.0	163.0	126.0	121.0	110.0	0.0	0.0	0.0	0.0	0.0	180.0	0.0	0.0	0.0	0.0	178.0	69.0	0.0	89.0	0.0	0.0	93.0	132.0	153.0	121.0	116.0	143.0	170.0	195.0	178.0	116.0	137.0	165.0	98.0	81.0	138.0	0.0	0.0	126.0	146.0	115.0	112.0	153.0	219.0	128.0	115.0	148.0	207.0	0.0	66.0	150.0	139.0	142.0	144.0	151.0	71.0	123.0	88.0	122.0	156.0	96.0	145.0	210.0	116.0	183.0
5	20150122 10:12:13.270	937.0	922.0	0.0	191.0	141.0	151.0	163.0	178.0	134.0	158.0	147.0	234.0	145.0	167.0	205.0	149.0	203.0	224.0	159.0	164.0	195.0	136.0	205.0	155.0	144.0	170.0	160.0	168.0	236.0	182.0	109.0	144.0	247.0	166.0	129.0	156.0	149.0	124.0	130.0	197.0	97.0	128.0	115.0	143.0	145.0	128.0	172.0	219.0	135.0	160.0	133.0	209.0	143.0	171.0	375.0	331.0	405.0	454.0	435.0	591.0	1235.0	1010.0	924.0	870.0	135.0	122.0	874.0	723.0	870.0	881.0	596.0
6	20150119 20:46:32.336	731.0	920.0	0.0	192.0	122.0	158.0	125.0	160.0	161.0	215.0	172.0	171.0	134.0	162.0	137.0	189.0	155.0	167.0	114.0	159.0	205.0	135.0	236.0	165.0	130.0	193.0	211.0	159.0	117.0	214.0	190.0	82.0	186.0	163.0	131.0	188.0	143.0	172.0	118.0	128.0	204.0	124.0	161.0	135.0	147.0	189.0	188.0	175.0	117.0	139.0	93.0	167.0	179.0	163.0	171.0	140.0	134.0	155.0	151.0	197.0	162.0	163.0	111.0	106.0	149.0	186.0	155.0	182.0	150.0	172.0	147.0
7	20150119 20:46:32.336	722.0	919.0	0.0	146.0	171.0	133.0	149.0	97.0	137.0	174.0	199.0	155.0	170.0	138.0	174.0	145.0	124.0	119.0	128.0	159.0	167.0	144.0	118.0	149.0	87.0	147.0	121.0	133.0	181.0	185.0	122.0	170.0	224.0	100.0	156.0	163.0	139.0	108.0	132.0	177.0	100.0	182.0	179.0	134.0	235.0	130.0	186.0	164.0	120.0	138.0	113.0	167.0	166.0	120.0	165.0	108.0	153.0	156.0	170.0	158.0	156.0	178.0	162.0	123.0	162.0	172.0	162.0	203.0	165.0	138.0	189.0
8	20150119 20:46:32.336	767.0	913.0	0.0	209.0	157.0	172.0	192.0	158.0	123.0	140.0	150.0	190.0	198.0	180.0	188.0	141.0	226.0	160.0	172.0	160.0	134.0	173.0	194.0	144.0	129.0	138.0	156.0	161.0	178.0	262.0	157.0	145.0	230.0	130.0	171.0	166.0	174.0	128.0	165.0	249.0	152.0	147.0	164.0	166.0	131.0	118.0	163.0	155.0	139.0	217.0	174.0	182.0	215.0	168.0	182.0	136.0	143.0	189.0	129.0	191.0	134.0	257.0	186.0	163.0	144.0	180.0	146.0	123.0	157.0	167.0	217.0
9	20150119 21:47:07.929	741.0	902.0	0.0	103.0	126.0	129.0	133.0	154.0	166.0	116.0	161.0	205.0	141.0	171.0	150.0	170.0	144.0	110.0	114.0	161.0	121.0	146.0	139.0	156.0	106.0	172.0	138.0	170.0	185.0	219.0	164.0	140.0	117.0	102.0	159.0	144.0	133.0	135.0	178.0	159.0	156.0	83.0	149.0	243.0	141.0	119.0	199.0	102.0	146.0	153.0	141.0	142.0	180.0	162.0	168.0	152.0	174.0	132.0	178.0	163.0	137.0	176.0	108.0	138.0	176.0	109.0	127.0	210.0	137.0	96.0	147.0
10	20150120 00:49:43.40	401.0	907.0	0.0	152.0	141.0	126.0	131.0	197.0	140.0	206.0	196.0	113.0	125.0	229.0	145.0	133.0	197.0	134.0	123.0	151.0	221.0	155.0	125.0	89.0	135.0	141.0	145.0	172.0	229.0	139.0	109.0	144.0	123.0	92.0	99.0	155.0	133.0	159.0	178.0	92.0	139.0	96.0	160.0	181.0	201.0	153.0	227.0	206.0	175.0	222.0	144.0	158.0	158.0	148.0	123.0	181.0	142.0	169.0	186.0	123.0	154.0	232.0	248.0	236.0	223.0	161.0	294.0	233.0	301.0	352.0	286.0
11	20150123 00:25:38.334	1054.0	899.0	0.0	140.0	124.0	195.0	194.0	196.0	139.0	173.0	217.0	199.0	214.0	210.0	176.0	174.0	219.0	186.0	150.0	206.0	193.0	166.0	264.0	233.0	225.0	221.0	140.0	184.0	180.0	262.0	164.0	146.0	227.0	196.0	155.0	205.0	115.0	113.0	156.0	160.0	126.0	138.0	144.0	189.0	120.0	227.0	222.0	165.0	144.0	166.0	164.0	200.0	185.0	215.0	195.0	182.0	241.0	295.0	148.0	184.0	212.0	310.0	271.0	303.0	249.0	267.0	1089.0	2371.0	2473.0	2479.0	2093.0
12	20150119 20:46:32.336	755.0	897.0	0.0	148.0	123.0	131.0	164.0	117.0	137.0	148.0	120.0	139.0	168.0	127.0	139.0	137.0	135.0	65.0	168.0	227.0	260.0	150.0	182.0	119.0	156.0	115.0	192.0	139.0	222.0	157.0	201.0	161.0	212.0	139.0	148.0	164.0	115.0	183.0	184.0	176.0	166.0	106.0	181.0	164.0	161.0	151.0	153.0	154.0	201.0	179.0	162.0	221.0	227.0	163.0	180.0	143.0	143.0	137.0	118.0	215.0	148.0	199.0	171.0	149.0	159.0	172.0	158.0	175.0	143.0	162.0	195.0
13	20150120 14:33:29.984	709.0	886.0	147.0	160.0	141.0	133.0	151.0	135.0	116.0	172.0	182.0	141.0	179.0	177.0	168.0	86.0	139.0	113.0	95.0	119.0	199.0	174.0	92.0	144.0	139.0	180.0	127.0	171.0	141.0	146.0	167.0	169.0	180.0	135.0	147.0	160.0	102.0	117.0	133.0	162.0	168.0	131.0	188.0	154.0	154.0	151.0	173.0	193.0	121.0	167.0	117.0	198.0	139.0	199.0	182.0	144.0	179.0	141.0	165.0	115.0	99.0	161.0	194.0	157.0	144.0	130.0	119.0	194.0	177.0	154.0	91.0
14	20150121 09:50:32.322	734.0	883.0	129.0	181.0	171.0	130.0	157.0	161.0	129.0	167.0	131.0	126.0	144.0	173.0	142.0	139.0	103.0	182.0	108.0	148.0	174.0	124.0	131.0	129.0	168.0	206.0	144.0	113.0	176.0	183.0	153.0	129.0	120.0	106.0	118.0	128.0	171.0	137.0	100.0	227.0	143.0	163.0	206.0	132.0	166.0	146.0	168.0	158.0	156.0	188.0	109.0	193.0	187.0	167.0	150.0	174.0	195.0	151.0	160.0	183.0	93.0	130.0	183.0	105.0	134.0	153.0	218.0	130.0	216.0	144.0	172.0
15	20150122 18:19:57.489	928.0	883.0	152.0	171.0	142.0	161.0	186.0	223.0	154.0	196.0	195.0	191.0	150.0	159.0	121.0	193.0	173.0	174.0	121.0	181.0	208.0	153.0	177.0	165.0	169.0	168.0	135.0	166.0	222.0	150.0	145.0	119.0	142.0	121.0	183.0	116.0	192.0	190.0	185.0	127.0	180.0	148.0	206.0	157.0	160.0	126.0	119.0	220.0	151.0	123.0	145.0	132.0	79.0	163.0	207.0	196.0	174.0	220.0	141.0	202.0	159.0	256.0	290.0	348.0	151.0	175.0	409.0	379.0	470.0	410.0	490.0
16	20150120 02:51:29.258	723.0	878.0	155.0	213.0	146.0	163.0	183.0	172.0	108.0	231.0	199.0	171.0	183.0	159.0	212.0	93.0	176.0	192.0	136.0	185.0	182.0	154.0	176.0	126.0	139.0	154.0	140.0	138.0	182.0	157.0	160.0	165.0	188.0	170.0	137.0	192.0	167.0	152.0	142.0	158.0	196.0	162.0	185.0	163.0	117.0	136.0	163.0	200.0	198.0	151.0	175.0	149.0	107.0	165.0	167.0	138.0	135.0	139.0	116.0	121.0	112.0	155.0	156.0	137.0	204.0	175.0	164.0	125.0	156.0	180.0	196.0
17	20150121 09:50:32.322	760.0	875.0	121.0	205.0	130.0	173.0	151.0	192.0	136.0	192.0	189.0	178.0	178.0	151.0	143.0	152.0	164.0	230.0	147.0	165.0	132.0	151.0	158.0	152.0	210.0	153.0	203.0	155.0	164.0	129.0	127.0	158.0	168.0	125.0	90.0	127.0	115.0	135.0	144.0	196.0	160.0	160.0	137.0	125.0	121.0	99.0	246.0	208.0	139.0	180.0	191.0	145.0	121.0	174.0	155.0	135.0	130.0	174.0	156.0	178.0	185.0	161.0	152.0	196.0	205.0	183.0	213.0	155.0	197.0	187.0	201.0
18	20150122 10:12:13.270	967.0	875.0	122.0	199.0	158.0	150.0	186.0	147.0	184.0	194.0	178.0	164.0	169.0	181.0	156.0	171.0	213.0	213.0	92.0	179.0	197.0	156.0	224.0	170.0	151.0	181.0	188.0	183.0	146.0	170.0	225.0	125.0	150.0	140.0	133.0	145.0	177.0	135.0	165.0	186.0	175.0	157.0	177.0	136.0	155.0	193.0	145.0	184.0	167.0	189.0	134.0	145.0	168.0	172.0	145.0	169.0	144.0	162.0	179.0	143.0	277.0	191.0	247.0	292.0	141.0	134.0	313.0	366.0	334.0	456.0	378.0
19	20150122 18:19:57.489	1009.0	867.0	130.0	188.0	139.0	173.0	156.0	239.0	199.0	187.0	189.0	166.0	175.0	204.0	177.0	136.0	166.0	237.0	147.0	234.0	182.0	168.0	197.0	173.0	157.0	155.0	121.0	168.0	237.0	152.0	177.0	93.0	174.0	165.0	113.0	190.0	103.0	155.0	157.0	195.0	216.0	130.0	131.0	183.0	156.0	193.0	184.0	139.0	178.0	145.0	192.0	167.0	207.0	177.0	199.0	154.0	214.0	141.0	129.0	156.0	292.0	359.0	1674.0	1373.0	315.0	245.0	1226.0	1115.0	1256.0	1247.0	1015.0
20	20150119 23:48:53.287	719.0	865.0	87.0	115.0	111.0	105.0	200.0	163.0	186.0	145.0	159.0	169.0	144.0	184.0	158.0	105.0	166.0	151.0	90.0	148.0	143.0	195.0	131.0	142.0	150.0	160.0	107.0	168.0	147.0	103.0	165.0	189.0	184.0	137.0	120.0	155.0	140.0	101.0	146.0	130.0	173.0	136.0	169.0	135.0	161.0	173.0	154.0	202.0	198.0	150.0	141.0	119.0	124.0	173.0	173.0	124.0	184.0	162.0	167.0	151.0	141.0	152.0	115.0	129.0	189.0	125.0	109.0	154.0	157.0	101.0	147.0
21	20150120 02:51:29.258	736.0	864.0	186.0	100.0	128.0	109.0	94.0	124.0	129.0	173.0	144.0	214.0	147.0	199.0	188.0	157.0	131.0	109.0	131.0	101.0	130.0	140.0	129.0	130.0	137.0	146.0	160.0	183.0	149.0	202.0	106.0	107.0	144.0	192.0	218.0	145.0	141.0	159.0	174.0	194.0	117.0	137.0	167.0	177.0	189.0	144.0	176.0	139.0	131.0	162.0	174.0	140.0	99.0	159.0	167.0	122.0	128.0	130.0	162.0	146.0	223.0	188.0	168.0	170.0	185.0	110.0	127.0	160.0	214.0	212.0	152.0
22	20150120 23:41:25.891	742.0	856.0	127.0	131.0	128.0	150.0	137.0	119.0	144.0	186.0	148.0	170.0	189.0	125.0	131.0	127.0	147.0	107.0	115.0	151.0	168.0	166.0	162.0	137.0	98.0	103.0	139.0	156.0	133.0	226.0	145.0	143.0	141.0	196.0	146.0	143.0	171.0	128.0	216.0	196.0	152.0	117.0	185.0	168.0	123.0	129.0	150.0	134.0	94.0	166.0	163.0	183.0	123.0	171.0	153.0	180.0	163.0	185.0	198.0	166.0	212.0	193.0	162.0	171.0	166.0	190.0	199.0	174.0	156.0	160.0	140.0
23	20150120 17:36:18.450	717.0	856.0	129.0	165.0	153.0	210.0	149.0	181.0	115.0	115.0	160.0	195.0	147.0	171.0	126.0	149.0	126.0	96.0	144.0	138.0	152.0	143.0	129.0	168.0	172.0	157.0	138.0	164.0	164.0	211.0	161.0	132.0	176.0	116.0	111.0	145.0	149.0	133.0	157.0	189.0	133.0	152.0	127.0	182.0	159.0	158.0	138.0	208.0	123.0	160.0	187.0	113.0	136.0	113.0	169.0	213.0	189.0	125.0	197.0	135.0	109.0	180.0	98.0	149.0	155.0	84.0	125.0	120.0	116.0	182.0	140.0
24	20150123 00:25:38.334	1126.0	843.0	145.0	193.0	230.0	164.0	201.0	188.0	192.0	225.0	262.0	188.0	163.0	207.0	146.0	129.0	230.0	231.0	181.0	148.0	136.0	203.0	203.0	184.0	190.0	160.0	172.0	199.0	181.0	233.0	154.0	149.0	211.0	169.0	166.0	236.0	148.0	159.0	149.0	182.0	162.0	184.0	199.0	125.0	136.0	214.0	146.0	162.0	121.0	144.0	170.0	182.0	119.0	156.0	211.0	213.0	210.0	200.0	282.0	221.0	265.0	250.0	290.0	332.0	247.0	214.0	381.0	2946.0	2704.0	2986.0	2125.0
25	20150122 17:18:57.257	348.0	836.0	121.0	206.0	128.0	151.0	215.0	150.0	162.0	212.0	184.0	199.0	151.0	133.0	139.0	142.0	213.0	197.0	147.0	167.0	152.0	145.0	165.0	209.0	153.0	162.0	194.0	160.0	203.0	192.0	140.0	207.0	238.0	157.0	117.0	155.0	163.0	163.0	127.0	171.0	125.0	152.0	164.0	146.0	201.0	233.0	226.0	323.0	238.0	232.0	208.0	305.0	293.0	354.0	599.0	539.0	600.0	708.0	632.0	651.0	640.0	2030.0	2063.0	1597.0	374.0	283.0	1445.0	1269.0	1289.0	1350.0	884.0
26	20150122 23:24:34.476	551.0	836.0	144.0	183.0	155.0	156.0	121.0	168.0	112.0	240.0	192.0	232.0	157.0	206.0	146.0	189.0	233.0	218.0	111.0	207.0	168.0	167.0	168.0	164.0	166.0	170.0	182.0	134.0	209.0	212.0	137.0	156.0	117.0	189.0	126.0	118.0	204.0	137.0	148.0	165.0	160.0	162.0	203.0	213.0	158.0	148.0	111.0	170.0	163.0	162.0	202.0	141.0	154.0	172.0	163.0	139.0	243.0	143.0	167.0	249.0	206.0	193.0	165.0	180.0	144.0	192.0	274.0	234.0	430.0	351.0	238.0
27	20150123 01:26:41.858	386.0	829.0	143.0	160.0	194.0	160.0	169.0	148.0	179.0	194.0	155.0	126.0	121.0	172.0	148.0	141.0	219.0	144.0	78.0	117.0	226.0	150.0	115.0	122.0	168.0	171.0	173.0	136.0	139.0	160.0	127.0	149.0	155.0	187.0	128.0	139.0	143.0	195.0	113.0	257.0	146.0	166.0	205.0	197.0	120.0	153.0	116.0	150.0	187.0	137.0	197.0	132.0	175.0	182.0	224.0	166.0	180.0	165.0	172.0	151.0	176.0	252.0	258.0	264.0	155.0	230.0	304.0	308.0	453.0	613.0	342.0
28	20150122 17:18:57.257	836.0	819.0	100.0	189.0	134.0	219.0	133.0	186.0	159.0	207.0	202.0	218.0	146.0	237.0	185.0	146.0	241.0	224.0	177.0	166.0	205.0	139.0	147.0	173.0	132.0	131.0	203.0	131.0	179.0	181.0	126.0	123.0	156.0	182.0	152.0	214.0	121.0	197.0	121.0	178.0	215.0	166.0	198.0	173.0	203.0	305.0	146.0	262.0	192.0	131.0	159.0	209.0	198.0	128.0	206.0	298.0	327.0	346.0	384.0	392.0	438.0	1211.0	1453.0	1093.0	172.0	182.0	1033.0	819.0	890.0	882.0	596.0
29	20150122 17:18:57.257	631.0	819.0	139.0	219.0	96.0	176.0	107.0	133.0	217.0	190.0	264.0	185.0	142.0	171.0	145.0	144.0	137.0	251.0	148.0	174.0	131.0	203.0	153.0	154.0	125.0	150.0	102.0	118.0	121.0	178.0	145.0	125.0	185.0	136.0	157.0	156.0	126.0	178.0	167.0	127.0	182.0	126.0	179.0	236.0	197.0	211.0	167.0	229.0	161.0	276.0	178.0	203.0	157.0	212.0	252.0	257.0	280.0	276.0	250.0	233.0	295.0	623.0	541.0	466.0	176.0	176.0	464.0	333.0	429.0	527.0	237.0
30	20150120 04:53:17.176	742.0	813.0	130.0	117.0	136.0	147.0	181.0	127.0	84.0	133.0	163.0	181.0	138.0	143.0	213.0	130.0	152.0	93.0	155.0	142.0	147.0	127.0	120.0	153.0	129.0	187.0	118.0	155.0	112.0	134.0	117.0	108.0	150.0	134.0	84.0	160.0	160.0	136.0	104.0	147.0	165.0	125.0	255.0	253.0	136.0	185.0	151.0	161.0	166.0	175.0	120.0	134.0	136.0	137.0	144.0	160.0	117.0	148.0	116.0	164.0	135.0	148.0	160.0	129.0	146.0	189.0	76.0	112.0	147.0	103.0	131.0
31	20150122 19:20:54.42	506.0	805.0	143.0	225.0	186.0	169.0	245.0	182.0	182.0	169.0	162.0	156.0	142.0	150.0	144.0	142.0	187.0	251.0	126.0	153.0	147.0	151.0	190.0	127.0	182.0	199.0	129.0	147.0	145.0	133.0	110.0	196.0	194.0	131.0	110.0	142.0	134.0	209.0	216.0	123.0	102.0	125.0	230.0	113.0	189.0	185.0	178.0	185.0	164.0	127.0	165.0	227.0	95.0	144.0	142.0	174.0	228.0	203.0	191.0	142.0	137.0	497.0	526.0	2150.0	391.0	359.0	1862.0	1614.0	1698.0	1829.0	1250.0
32	20150121 02:44:11.124	736.0	803.0	189.0	147.0	130.0	153.0	175.0	123.0	159.0	174.0	177.0	214.0	129.0	156.0	97.0	179.0	103.0	135.0	137.0	136.0	195.0	124.0	142.0	146.0	106.0	113.0	111.0	210.0	171.0	104.0	148.0	85.0	182.0	137.0	156.0	123.0	170.0	106.0	123.0	104.0	101.0	197.0	132.0	142.0	116.0	155.0	142.0	156.0	157.0	146.0	155.0	102.0	116.0	176.0	131.0	133.0	160.0	139.0	124.0	218.0	119.0	104.0	155.0	193.0	150.0	111.0	97.0	146.0	129.0	133.0	126.0
33	20150120 03:52:24.622	738.0	793.0	120.0	138.0	158.0	173.0	123.0	93.0	94.0	162.0	241.0	182.0	91.0	181.0	212.0	83.0	149.0	147.0	147.0	120.0	152.0	141.0	140.0	107.0	140.0	231.0	148.0	132.0	110.0	159.0	151.0	100.0	179.0	99.0	93.0	141.0	175.0	163.0	87.0	149.0	153.0	140.0	158.0	142.0	141.0	133.0	140.0	164.0	173.0	129.0	161.0	152.0	102.0	156.0	133.0	120.0	175.0	153.0	157.0	162.0	78.0	133.0	124.0	158.0	169.0	168.0	156.0	125.0	184.0	148.0	149.0
34	20150120 00:49:43.40	744.0	782.0	163.0	151.0	149.0	200.0	91.0	207.0	130.0	120.0	104.0	116.0	180.0	132.0	220.0	162.0	154.0	157.0	155.0	128.0	188.0	144.0	172.0	149.0	148.0	77.0	121.0	168.0	110.0	151.0	148.0	119.0	163.0	136.0	181.0	170.0	146.0	185.0	119.0	146.0	180.0	109.0	159.0	189.0	90.0	148.0	142.0	148.0	193.0	172.0	149.0	155.0	140.0	143.0	132.0	167.0	103.0	122.0	146.0	147.0	158.0	130.0	186.0	181.0	114.0	126.0	163.0	156.0	163.0	186.0	124.0
35	20150122 23:24:34.476	622.0	779.0	121.0	238.0	176.0	162.0	133.0	141.0	162.0	247.0	248.0	186.0	169.0	225.0	208.0	172.0	185.0	191.0	174.0	141.0	196.0	155.0	173.0	136.0	145.0	141.0	154.0	143.0	153.0	191.0	229.0	156.0	225.0	137.0	169.0	174.0	160.0	174.0	169.0	212.0	105.0	105.0	138.0	131.0	246.0	145.0	156.0	124.0	206.0	215.0	181.0	174.0	168.0	132.0	172.0	184.0	229.0	215.0	219.0	224.0	257.0	258.0	336.0	192.0	286.0	204.0	643.0	482.0	589.0	618.0	364.0
36	20150122 05:07:29.907	1149.0	757.0	101.0	190.0	127.0	170.0	76.0	176.0	130.0	184.0	199.0	209.0	231.0	213.0	109.0	144.0	173.0	176.0	184.0	127.0	152.0	136.0	201.0	142.0	125.0	160.0	152.0	151.0	216.0	166.0	172.0	114.0	124.0	194.0	142.0	228.0	139.0	134.0	158.0	125.0	183.0	106.0	142.0	200.0	163.0	234.0	161.0	391.0	159.0	185.0	192.0	265.0	202.0	169.0	596.0	934.0	1240.0	1733.0	1518.0	1642.0	1483.0	814.0	826.0	729.0	253.0	148.0	796.0	748.0	867.0	744.0	652.0
37	20150122 17:18:57.257	767.0	754.0	129.0	150.0	135.0	149.0	80.0	163.0	117.0	140.0	119.0	227.0	125.0	137.0	121.0	166.0	108.0	149.0	89.0	143.0	180.0	171.0	106.0	119.0	180.0	134.0	186.0	156.0	140.0	161.0	164.0	139.0	211.0	197.0	134.0	189.0	99.0	144.0	129.0	141.0	138.0	136.0	130.0	140.0	204.0	217.0	138.0	116.0	169.0	163.0	174.0	99.0	119.0	151.0	103.0	109.0	243.0	119.0	142.0	153.0	189.0	398.0	259.0	367.0	432.0	343.0	357.0	281.0	231.0	316.0	340.0
38	20150122 23:24:34.476	984.0	749.0	129.0	231.0	131.0	133.0	114.0	175.0	114.0	228.0	207.0	125.0	150.0	204.0	129.0	141.0	268.0	185.0	133.0	145.0	244.0	113.0	262.0	165.0	160.0	139.0	155.0	111.0	182.0	170.0	217.0	238.0	182.0	169.0	143.0	174.0	90.0	133.0	143.0	91.0	176.0	110.0	119.0	154.0	262.0	142.0	158.0	178.0	192.0	241.0	166.0	197.0	150.0	161.0	109.0	148.0	173.0	138.0	166.0	201.0	167.0	299.0	282.0	260.0	286.0	199.0	494.0	448.0	484.0	578.0	592.0
39	20150122 19:20:54.42	376.0	747.0	173.0	247.0	139.0	162.0	166.0	122.0	140.0	151.0	154.0	121.0	212.0	212.0	157.0	180.0	166.0	210.0	170.0	132.0	226.0	145.0	214.0	189.0	114.0	244.0	181.0	164.0	164.0	193.0	101.0	148.0	228.0	164.0	102.0	166.0	141.0	184.0	183.0	128.0	127.0	123.0	198.0	201.0	118.0	162.0	143.0	163.0	200.0	126.0	209.0	153.0	113.0	195.0	119.0	173.0	159.0	162.0	142.0	168.0	113.0	245.0	234.0	314.0	514.0	516.0	312.0	310.0	448.0	339.0	383.0
40	20150122 17:18:57.257	377.0	723.0	183.0	148.0	151.0	161.0	131.0	188.0	114.0	161.0	110.0	230.0	154.0	161.0	143.0	203.0	159.0	75.0	113.0	145.0	159.0	193.0	144.0	140.0	163.0	141.0	152.0	126.0	209.0	123.0	157.0	128.0	146.0	123.0	159.0	156.0	135.0	180.0	153.0	212.0	114.0	153.0	114.0	168.0	118.0	121.0	139.0	154.0	180.0	157.0	180.0	122.0	142.0	124.0	189.0	180.0	111.0	191.0	117.0	110.0	147.0	440.0	155.0	187.0	186.0	135.0	143.0	147.0	152.0	220.0	177.0
41	20150122 17:18:57.257	812.0	700.0	93.0	189.0	113.0	175.0	230.0	184.0	168.0	184.0	162.0	184.0	197.0	187.0	167.0	195.0	232.0	162.0	188.0	133.0	225.0	176.0	129.0	188.0	185.0	151.0	198.0	154.0	143.0	127.0	159.0	130.0	131.0	170.0	167.0	125.0	108.0	169.0	127.0	135.0	177.0	133.0	159.0	172.0	225.0	220.0	142.0	143.0	165.0	174.0	126.0	164.0	139.0	158.0	416.0	312.0	364.0	379.0	447.0	489.0	604.0	1313.0	2080.0	1604.0	203.0	222.0	1502.0	1172.0	1257.0	1414.0	847.0
42	20150121 16:56:40.385	793.0	696.0	133.0	202.0	182.0	136.0	157.0	172.0	154.0	121.0	151.0	161.0	94.0	128.0	130.0	199.0	196.0	137.0	72.0	148.0	151.0	150.0	144.0	195.0	154.0	178.0	143.0	248.0	218.0	209.0	125.0	161.0	173.0	159.0	151.0	194.0	96.0	131.0	154.0	173.0	132.0	99.0	144.0	194.0	154.0	443.0	124.0	216.0	158.0	165.0	121.0	116.0	133.0	230.0	157.0	135.0	308.0	239.0	202.0	226.0	179.0	228.0	243.0	209.0	176.0	153.0	262.0	206.0	203.0	249.0	181.0
43	20150119 20:46:32.336	1218.0	697.0	0.0	172.0	171.0	152.0	124.0	165.0	116.0	185.0	170.0	168.0	163.0	255.0	204.0	128.0	201.0	189.0	137.0	173.0	158.0	123.0	116.0	171.0	85.0	150.0	175.0	135.0	139.0	196.0	101.0	168.0	266.0	0.0	0.0	0.0	0.0	87.0	111.0	94.0	137.0	155.0	110.0	166.0	211.0	143.0	150.0	240.0	129.0	233.0	170.0	161.0	162.0	154.0	143.0	215.0	237.0	101.0	161.0	173.0	137.0	144.0	165.0	97.0	171.0	77.0	122.0	112.0	151.0	104.0	0.0
44	20150122 07:09:09.773	1056.0	694.0	116.0	155.0	109.0	137.0	134.0	175.0	157.0	212.0	197.0	188.0	185.0	175.0	135.0	146.0	211.0	248.0	127.0	185.0	162.0	182.0	194.0	177.0	137.0	164.0	143.0	157.0	195.0	158.0	146.0	111.0	162.0	123.0	184.0	140.0	132.0	126.0	119.0	262.0	153.0	175.0	209.0	176.0	107.0	181.0	200.0	211.0	157.0	186.0	173.0	206.0	137.0	162.0	300.0	359.0	383.0	784.0	497.0	580.0	626.0	408.0	417.0	523.0	156.0	153.0	453.0	405.0	351.0	432.0	284.0
45	20150120 17:36:18.450	855.0	688.0	135.0	141.0	162.0	188.0	124.0	172.0	138.0	180.0	178.0	171.0	164.0	149.0	173.0	215.0	168.0	189.0	169.0	191.0	165.0	117.0	175.0	196.0	165.0	153.0	205.0	233.0	115.0	158.0	106.0	80.0	132.0	159.0	87.0	210.0	168.0	147.0	160.0	172.0	136.0	92.0	156.0	197.0	171.0	125.0	152.0	182.0	192.0	131.0	149.0	211.0	148.0	150.0	143.0	125.0	195.0	119.0	129.0	117.0	126.0	122.0	154.0	156.0	146.0	177.0	193.0	233.0	183.0	174.0	140.0
46	20150122 19:20:54.42	387.0	687.0	154.0	151.0	140.0	170.0	183.0	172.0	90.0	138.0	121.0	152.0	181.0	177.0	133.0	81.0	111.0	152.0	126.0	195.0	196.0	212.0	109.0	120.0	147.0	142.0	116.0	151.0	168.0	145.0	147.0	148.0	143.0	117.0	104.0	141.0	144.0	145.0	169.0	124.0	174.0	117.0	203.0	179.0	141.0	130.0	139.0	168.0	214.0	160.0	110.0	159.0	143.0	133.0	189.0	134.0	124.0	139.0	128.0	193.0	177.0	182.0	177.0	416.0	183.0	114.0	171.0	120.0	146.0	137.0	181.0
47	20150121 17:57:20.698	860.0	679.0	184.0	134.0	145.0	168.0	159.0	142.0	117.0	102.0	145.0	171.0	148.0	170.0	151.0	162.0	200.0	138.0	112.0	132.0	183.0	163.0	158.0	160.0	180.0	114.0	174.0	162.0	151.0	170.0	152.0	105.0	216.0	130.0	129.0	116.0	125.0	124.0	141.0	158.0	144.0	150.0	187.0	148.0	131.0	96.0	165.0	221.0	111.0	201.0	178.0	146.0	184.0	176.0	135.0	200.0	170.0	160.0	146.0	178.0	191.0	203.0	159.0	197.0	133.0	159.0	169.0	174.0	186.0	176.0	203.0
48	20150122 17:18:57.257	727.0	677.0	127.0	204.0	150.0	154.0	144.0	91.0	148.0	217.0	204.0	165.0	213.0	216.0	115.0	151.0	186.0	153.0	145.0	135.0	325.0	213.0	138.0	130.0	167.0	116.0	151.0	172.0	207.0	186.0	175.0	222.0	141.0	166.0	144.0	160.0	149.0	189.0	147.0	204.0	177.0	158.0	122.0	146.0	356.0	142.0	233.0	342.0	159.0	226.0	168.0	248.0	167.0	166.0	231.0	274.0	272.0	312.0	234.0	274.0	263.0	2850.0	3134.0	2170.0	302.0	336.0	2162.0	1681.0	1968.0	2210.0	1310.0
49	20150122 08:10:10.465	1215.0	662.0	0.0	172.0	153.0	136.0	195.0	170.0	135.0	188.0	179.0	185.0	188.0	165.0	205.0	220.0	186.0	223.0	149.0	150.0	132.0	164.0	184.0	184.0	120.0	197.0	207.0	136.0	114.0	150.0	191.0	112.0	113.0	65.0	101.0	176.0	146.0	143.0	114.0	109.0	144.0	123.0	177.0	204.0	127.0	208.0	200.0	157.0	229.0	125.0	174.0	144.0	111.0	138.0	290.0	376.0	332.0	333.0	428.0	500.0	713.0	800.0	799.0	611.0	154.0	93.0	660.0	528.0	613.0	567.0	358.0
50	20150122 23:24:34.476	1011.0	662.0	137.0	220.0	152.0	157.0	191.0	142.0	140.0	234.0	221.0	249.0	205.0	179.0	160.0	155.0	160.0	151.0	150.0	136.0	219.0	170.0	199.0	146.0	133.0	188.0	186.0	180.0	142.0	200.0	157.0	159.0	190.0	149.0	189.0	142.0	170.0	127.0	153.0	233.0	140.0	154.0	158.0	136.0	134.0	145.0	165.0	218.0	184.0	226.0	142.0	191.0	124.0	161.0	161.0	225.0	135.0	191.0	170.0	171.0	165.0	235.0	262.0	374.0	145.0	166.0	1608.0	1032.0	1055.0	1063.0	631.0
51	20150122 04:06:33.85	844.0	654.0	148.0	188.0	136.0	160.0	149.0	166.0	180.0	150.0	223.0	176.0	134.0	235.0	178.0	152.0	166.0	208.0	108.0	165.0	110.0	119.0	173.0	177.0	138.0	185.0	232.0	228.0	182.0	142.0	157.0	156.0	178.0	181.0	143.0	135.0	137.0	116.0	158.0	153.0	142.0	180.0	171.0	150.0	276.0	330.0	161.0	256.0	192.0	149.0	151.0	300.0	197.0	181.0	582.0	966.0	788.0	786.0	530.0	594.0	555.0	452.0	441.0	391.0	148.0	117.0	395.0	355.0	371.0	412.0	342.0
52	20150120 19:38:02.113	852.0	651.0	117.0	153.0	165.0	237.0	201.0	149.0	120.0	208.0	207.0	196.0	166.0	181.0	138.0	131.0	194.0	182.0	100.0	137.0	123.0	150.0	172.0	161.0	151.0	179.0	183.0	152.0	176.0	211.0	209.0	154.0	142.0	100.0	134.0	127.0	215.0	195.0	153.0	189.0	169.0	166.0	207.0	152.0	130.0	167.0	192.0	163.0	167.0	162.0	196.0	139.0	131.0	253.0	216.0	241.0	211.0	153.0	156.0	149.0	111.0	195.0	146.0	205.0	217.0	137.0	177.0	188.0	177.0	204.0	189.0
53	20150123 01:26:41.858	475.0	648.0	123.0	267.0	133.0	161.0	185.0	173.0	163.0	221.0	211.0	171.0	109.0	195.0	103.0	129.0	212.0	205.0	146.0	188.0	160.0	169.0	174.0	174.0	134.0	156.0	149.0	192.0	122.0	205.0	98.0	147.0	194.0	203.0	183.0	179.0	156.0	182.0	181.0	197.0	140.0	178.0	192.0	303.0	165.0	120.0	133.0	146.0	198.0	129.0	202.0	121.0	131.0	181.0	140.0	111.0	165.0	146.0	180.0	167.0	178.0	339.0	418.0	542.0	206.0	187.0	931.0	1007.0	1738.0	2298.0	1395.0
54	20150120 07:55:47.434	862.0	649.0	186.0	123.0	142.0	141.0	126.0	197.0	169.0	149.0	132.0	139.0	180.0	107.0	198.0	128.0	161.0	159.0	178.0	192.0	241.0	153.0	186.0	165.0	148.0	128.0	139.0	156.0	157.0	230.0	137.0	197.0	143.0	105.0	150.0	184.0	120.0	141.0	186.0	184.0	133.0	143.0	182.0	155.0	233.0	147.0	146.0	119.0	162.0	167.0	150.0	126.0	114.0	156.0	149.0	148.0	181.0	175.0	167.0	169.0	109.0	113.0	138.0	106.0	143.0	160.0	159.0	165.0	150.0	152.0	121.0
55	20150123 01:26:41.858	678.0	646.0	124.0	210.0	125.0	121.0	203.0	206.0	102.0	171.0	182.0	140.0	194.0	220.0	89.0	180.0	212.0	138.0	114.0	190.0	144.0	143.0	160.0	129.0	127.0	162.0	151.0	180.0	216.0	158.0	89.0	102.0	165.0	115.0	140.0	137.0	172.0	141.0	117.0	178.0	151.0	100.0	199.0	140.0	215.0	131.0	187.0	299.0	213.0	217.0	155.0	161.0	125.0	246.0	218.0	162.0	222.0	202.0	150.0	233.0	193.0	255.0	294.0	304.0	148.0	177.0	749.0	939.0	1745.0	2288.0	937.0
56	20150120 03:52:24.622	880.0	646.0	130.0	183.0	146.0	207.0	182.0	181.0	150.0	199.0	256.0	289.0	186.0	198.0	174.0	170.0	223.0	234.0	140.0	203.0	186.0	170.0	116.0	194.0	137.0	158.0	118.0	195.0	152.0	172.0	115.0	181.0	198.0	114.0	134.0	153.0	127.0	193.0	107.0	136.0	188.0	117.0	197.0	186.0	273.0	181.0	162.0	154.0	131.0	179.0	204.0	147.0	162.0	174.0	168.0	140.0	205.0	132.0	110.0	164.0	192.0	194.0	150.0	121.0	205.0	159.0	253.0	170.0	150.0	132.0	145.0
57	20150121 02:44:11.124	770.0	644.0	144.0	166.0	145.0	181.0	137.0	153.0	131.0	133.0	142.0	234.0	193.0	138.0	216.0	120.0	132.0	153.0	158.0	139.0	127.0	88.0	188.0	159.0	177.0	121.0	109.0	145.0	188.0	180.0	216.0	85.0	183.0	112.0	144.0	142.0	241.0	121.0	139.0	163.0	138.0	90.0	129.0	244.0	137.0	107.0	141.0	233.0	162.0	174.0	136.0	130.0	170.0	176.0	131.0	110.0	90.0	172.0	147.0	164.0	136.0	225.0	150.0	181.0	164.0	63.0	164.0	238.0	150.0	208.0	168.0
58	20150121 10:51:24.507	762.0	640.0	115.0	174.0	232.0	150.0	119.0	162.0	99.0	172.0	165.0	180.0	144.0	202.0	151.0	116.0	153.0	191.0	150.0	148.0	158.0	157.0	127.0	197.0	160.0	193.0	157.0	174.0	119.0	207.0	178.0	146.0	210.0	152.0	159.0	98.0	155.0	136.0	141.0	135.0	185.0	118.0	156.0	162.0	172.0	110.0	176.0	132.0	120.0	216.0	120.0	152.0	163.0	183.0	150.0	207.0	203.0	199.0	157.0	170.0	166.0	129.0	247.0	165.0	154.0	104.0	183.0	201.0	177.0	213.0	254.0
59	20150120 06:54:55.786	781.0	632.0	116.0	165.0	135.0	206.0	116.0	106.0	129.0	105.0	153.0	159.0	129.0	173.0	181.0	139.0	163.0	153.0	110.0	164.0	154.0	125.0	136.0	124.0	151.0	190.0	122.0	129.0	129.0	121.0	162.0	177.0	184.0	170.0	139.0	151.0	147.0	204.0	135.0	202.0	135.0	136.0	105.0	182.0	213.0	115.0	148.0	151.0	185.0	114.0	155.0	157.0	108.0	186.0	152.0	150.0	155.0	115.0	153.0	129.0	116.0	165.0	179.0	148.0	144.0	147.0	97.0	152.0	135.0	191.0	127.0
60	20150123 00:25:38.334	757.0	631.0	123.0	196.0	176.0	205.0	144.0	167.0	169.0	218.0	227.0	185.0	202.0	173.0	195.0	147.0	292.0	202.0	111.0	146.0	242.0	129.0	174.0	128.0	185.0	162.0	92.0	139.0	200.0	171.0	177.0	155.0	161.0	205.0	131.0	171.0	190.0	168.0	156.0	137.0	164.0	132.0	144.0	261.0	149.0	166.0	214.0	172.0	199.0	150.0	234.0	147.0	249.0	171.0	160.0	196.0	233.0	150.0	237.0	204.0	166.0	254.0	242.0	231.0	204.0	186.0	342.0	405.0	493.0	594.0	558.0
61	20150120 06:54:55.786	772.0	627.0	149.0	144.0	113.0	171.0	123.0	143.0	97.0	177.0	122.0	177.0	153.0	185.0	188.0	98.0	169.0	134.0	107.0	144.0	264.0	127.0	168.0	123.0	213.0	152.0	119.0	142.0	139.0	175.0	129.0	124.0	125.0	127.0	131.0	117.0	138.0	138.0	144.0	146.0	125.0	143.0	113.0	173.0	180.0	89.0	179.0	161.0	106.0	123.0	114.0	166.0	136.0	148.0	135.0	137.0	121.0	236.0	142.0	169.0	118.0	163.0	122.0	119.0	191.0	191.0	145.0	163.0	96.0	179.0	96.0
62	20150122 04:06:33.85	20.0	617.0	126.0	164.0	156.0	171.0	157.0	176.0	131.0	239.0	231.0	139.0	137.0	362.0	162.0	195.0	369.0	270.0	218.0	222.0	240.0	189.0	213.0	193.0	206.0	196.0	263.0	233.0	296.0	244.0	213.0	197.0	225.0	192.0	178.0	213.0	214.0	165.0	228.0	194.0	196.0	208.0	259.0	157.0	296.0	233.0	268.0	320.0	201.0	190.0	245.0	409.0	351.0	197.0	733.0	1195.0	1137.0	1057.0	707.0	829.0	1025.0	655.0	768.0	622.0	273.0	238.0	738.0	586.0	624.0	695.0	411.0
63	20150122 18:19:57.489	421.0	576.0	127.0	196.0	153.0	117.0	186.0	127.0	103.0	236.0	162.0	189.0	176.0	196.0	182.0	129.0	202.0	226.0	152.0	135.0	186.0	85.0	112.0	114.0	117.0	126.0	156.0	161.0	104.0	176.0	168.0	200.0	143.0	151.0	141.0	162.0	140.0	110.0	146.0	132.0	131.0	142.0	212.0	218.0	229.0	176.0	99.0	128.0	142.0	171.0	197.0	130.0	156.0	203.0	128.0	125.0	203.0	209.0	163.0	148.0	163.0	862.0	2639.0	1867.0	402.0	380.0	2287.0	1580.0	1898.0	1864.0	1230.0
64	20150122 17:18:57.257	460.0	568.0	183.0	173.0	149.0	150.0	172.0	154.0	157.0	222.0	211.0	233.0	185.0	192.0	196.0	178.0	201.0	161.0	126.0	164.0	228.0	201.0	130.0	143.0	267.0	163.0	170.0	174.0	192.0	255.0	135.0	247.0	149.0	105.0	104.0	222.0	180.0	172.0	201.0	170.0	175.0	184.0	190.0	192.0	185.0	168.0	141.0	194.0	206.0	160.0	199.0	119.0	172.0	128.0	197.0	162.0	219.0	170.0	131.0	131.0	168.0	1709.0	1576.0	1542.0	301.0	324.0	1702.0	1415.0	1781.0	1733.0	1358.0
65	20150122 23:24:34.476	742.0	552.0	120.0	183.0	180.0	148.0	100.0	180.0	142.0	254.0	233.0	225.0	145.0	193.0	225.0	110.0	214.0	170.0	185.0	176.0	232.0	134.0	176.0	130.0	146.0	141.0	230.0	161.0	106.0	130.0	221.0	160.0	242.0	119.0	171.0	146.0	130.0	132.0	165.0	138.0	143.0	102.0	173.0	147.0	171.0	199.0	121.0	265.0	162.0	147.0	95.0	164.0	133.0	208.0	237.0	163.0	225.0	182.0	177.0	192.0	161.0	249.0	270.0	230.0	179.0	172.0	478.0	345.0	421.0	668.0	732.0
66	20150122 23:24:34.476	1151.0	551.0	172.0	225.0	192.0	126.0	164.0	181.0	172.0	158.0	206.0	196.0	192.0	170.0	163.0	158.0	229.0	200.0	170.0	174.0	152.0	213.0	197.0	199.0	151.0	160.0	211.0	191.0	185.0	193.0	192.0	127.0	173.0	125.0	149.0	105.0	146.0	128.0	148.0	164.0	165.0	152.0	168.0	289.0	101.0	173.0	179.0	232.0	208.0	184.0	161.0	129.0	146.0	137.0	194.0	161.0	187.0	183.0	144.0	203.0	137.0	219.0	225.0	163.0	160.0	200.0	792.0	587.0	595.0	646.0	370.0
67	20150122 17:18:57.257	413.0	537.0	129.0	159.0	205.0	171.0	147.0	209.0	190.0	171.0	192.0	148.0	163.0	225.0	186.0	174.0	198.0	173.0	162.0	136.0	211.0	122.0	190.0	177.0	116.0	134.0	171.0	132.0	204.0	211.0	130.0	187.0	155.0	130.0	171.0	113.0	108.0	157.0	147.0	146.0	172.0	118.0	128.0	125.0	157.0	181.0	151.0	185.0	157.0	177.0	152.0	169.0	165.0	166.0	163.0	160.0	193.0	156.0	124.0	201.0	118.0	263.0	286.0	165.0	161.0	186.0	308.0	259.0	247.0	371.0	346.0
68	20150122 04:06:33.85	860.0	528.0	79.0	173.0	166.0	156.0	182.0	174.0	146.0	182.0	199.0	176.0	133.0	218.0	123.0	147.0	173.0	187.0	193.0	164.0	140.0	135.0	127.0	165.0	139.0	163.0	138.0	125.0	128.0	184.0	153.0	148.0	162.0	188.0	263.0	180.0	179.0	166.0	223.0	232.0	207.0	160.0	203.0	225.0	196.0	262.0	201.0	349.0	195.0	139.0	187.0	218.0	255.0	174.0	594.0	952.0	1071.0	996.0	526.0	663.0	742.0	411.0	505.0	406.0	166.0	214.0	454.0	438.0	383.0	481.0	286.0
69	20150122 19:20:54.42	1105.0	519.0	139.0	225.0	138.0	126.0	179.0	186.0	149.0	229.0	160.0	190.0	130.0	225.0	148.0	105.0	210.0	167.0	100.0	141.0	163.0	201.0	169.0	185.0	140.0	217.0	227.0	276.0	154.0	201.0	192.0	135.0	252.0	192.0	128.0	151.0	132.0	171.0	136.0	177.0	128.0	116.0	201.0	160.0	141.0	158.0	127.0	125.0	182.0	192.0	160.0	158.0	133.0	183.0	154.0	154.0	150.0	222.0	165.0	211.0	224.0	270.0	334.0	1350.0	365.0	309.0	2541.0	2135.0	2245.0	2349.0	1678.0
70	20150122 17:18:57.257	902.0	519.0	115.0	142.0	144.0	146.0	211.0	169.0	116.0	232.0	188.0	175.0	187.0	193.0	198.0	147.0	205.0	190.0	169.0	147.0	184.0	149.0	195.0	161.0	114.0	215.0	180.0	187.0	163.0	178.0	122.0	122.0	157.0	171.0	149.0	184.0	141.0	128.0	150.0	103.0	148.0	114.0	142.0	126.0	235.0	135.0	206.0	166.0	178.0	173.0	149.0	132.0	116.0	189.0	430.0	361.0	316.0	380.0	344.0	404.0	502.0	1055.0	1137.0	896.0	304.0	269.0	984.0	818.0	879.0	866.0	581.0
71	20150119 22:48:00.767	977.0	502.0	208.0	206.0	98.0	205.0	193.0	182.0	156.0	203.0	180.0	247.0	124.0	183.0	108.0	184.0	166.0	207.0	150.0	219.0	189.0	127.0	146.0	172.0	178.0	139.0	173.0	210.0	290.0	214.0	134.0	166.0	203.0	141.0	136.0	165.0	115.0	141.0	160.0	177.0	209.0	166.0	169.0	169.0	136.0	177.0	142.0	157.0	201.0	151.0	147.0	135.0	192.0	170.0	146.0	135.0	125.0	165.0	162.0	188.0	106.0	131.0	118.0	162.0	196.0	199.0	182.0	190.0	158.0	197.0	168.0
72	20150122 17:18:57.257	1019.0	496.0	192.0	183.0	189.0	156.0	130.0	299.0	181.0	190.0	260.0	112.0	156.0	150.0	166.0	150.0	260.0	207.0	129.0	171.0	161.0	187.0	145.0	213.0	142.0	155.0	208.0	174.0	230.0	197.0	166.0	134.0	110.0	163.0	140.0	127.0	60.0	135.0	120.0	173.0	150.0	128.0	124.0	167.0	151.0	110.0	200.0	134.0	164.0	168.0	219.0	236.0	146.0	176.0	232.0	230.0	147.0	244.0	231.0	294.0	308.0	1034.0	978.0	680.0	158.0	155.0	881.0	653.0	770.0	767.0	459.0
73	20150120 05:53:59.753	988.0	469.0	117.0	119.0	130.0	117.0	119.0	219.0	132.0	95.0	104.0	142.0	193.0	199.0	137.0	136.0	110.0	147.0	131.0	148.0	135.0	144.0	207.0	116.0	99.0	177.0	175.0	98.0	161.0	271.0	116.0	94.0	161.0	176.0	172.0	176.0	107.0	141.0	153.0	127.0	150.0	135.0	160.0	137.0	166.0	138.0	130.0	182.0	151.0	145.0	188.0	125.0	104.0	133.0	138.0	147.0	118.0	132.0	214.0	193.0	139.0	134.0	122.0	166.0	143.0	113.0	64.0	133.0	140.0	153.0	120.0
74	20150122 23:24:34.476	936.0	474.0	161.0	169.0	131.0	193.0	188.0	191.0	118.0	140.0	222.0	141.0	203.0	197.0	141.0	196.0	154.0	172.0	190.0	174.0	206.0	210.0	193.0	163.0	101.0	148.0	136.0	179.0	166.0	159.0	154.0	153.0	188.0	116.0	110.0	178.0	138.0	158.0	154.0	188.0	96.0	138.0	135.0	162.0	181.0	191.0	173.0	210.0	120.0	155.0	214.0	167.0	162.0	151.0	149.0	151.0	130.0	139.0	131.0	93.0	121.0	208.0	136.0	162.0	160.0	181.0	356.0	606.0	454.0	565.0	416.0
75	20150122 23:24:34.476	1137.0	472.0	123.0	204.0	165.0	133.0	186.0	157.0	148.0	172.0	162.0	195.0	161.0	182.0	137.0	163.0	238.0	158.0	133.0	295.0	113.0	188.0	204.0	181.0	150.0	174.0	194.0	224.0	138.0	135.0	180.0	149.0	182.0	134.0	132.0	176.0	144.0	150.0	140.0	142.0	170.0	169.0	117.0	118.0	109.0	131.0	184.0	165.0	283.0	133.0	102.0	182.0	109.0	140.0	168.0	217.0	151.0	170.0	161.0	198.0	200.0	276.0	278.0	316.0	126.0	160.0	2800.0	1743.0	1663.0	1961.0	1274.0
76	20150123 00:25:38.334	942.0	473.0	113.0	151.0	121.0	135.0	135.0	93.0	136.0	168.0	160.0	231.0	100.0	151.0	181.0	143.0	193.0	147.0	103.0	137.0	122.0	146.0	162.0	149.0	146.0	114.0	122.0	168.0	155.0	160.0	169.0	118.0	215.0	118.0	123.0	143.0	137.0	152.0	204.0	119.0	160.0	148.0	149.0	151.0	176.0	130.0	186.0	210.0	110.0	166.0	148.0	148.0	170.0	146.0	165.0	137.0	165.0	147.0	130.0	97.0	172.0	153.0	139.0	154.0	153.0	213.0	338.0	605.0	523.0	486.0	493.0
77	20150123 00:25:38.334	945.0	463.0	152.0	175.0	138.0	96.0	132.0	208.0	150.0	168.0	138.0	138.0	195.0	189.0	159.0	165.0	177.0	118.0	126.0	132.0	196.0	160.0	141.0	117.0	129.0	164.0	151.0	128.0	172.0	126.0	155.0	147.0	190.0	170.0	198.0	159.0	163.0	141.0	125.0	150.0	169.0	138.0	173.0	147.0	133.0	156.0	168.0	142.0	121.0	154.0	157.0	167.0	137.0	121.0	167.0	94.0	132.0	202.0	103.0	158.0	142.0	202.0	158.0	141.0	132.0	155.0	301.0	577.0	368.0	429.0	368.0
78	20150121 02:44:11.124	976.0	443.0	211.0	166.0	145.0	146.0	158.0	162.0	107.0	127.0	130.0	139.0	148.0	154.0	170.0	152.0	171.0	158.0	167.0	155.0	140.0	128.0	178.0	119.0	93.0	147.0	135.0	139.0	124.0	120.0	160.0	93.0	186.0	180.0	138.0	175.0	126.0	152.0	160.0	192.0	131.0	116.0	144.0	206.0	149.0	170.0	194.0	200.0	233.0	122.0	157.0	129.0	164.0	113.0	137.0	99.0	188.0	99.0	165.0	158.0	155.0	176.0	183.0	138.0	138.0	163.0	157.0	149.0	156.0	141.0	127.0
79	20150120 05:53:59.753	1013.0	439.0	124.0	109.0	147.0	221.0	187.0	184.0	106.0	131.0	116.0	158.0	177.0	120.0	144.0	122.0	172.0	147.0	128.0	126.0	159.0	131.0	133.0	129.0	166.0	150.0	162.0	183.0	129.0	156.0	160.0	114.0	135.0	144.0	123.0	132.0	169.0	136.0	141.0	193.0	142.0	154.0	184.0	226.0	107.0	125.0	163.0	113.0	136.0	152.0	187.0	133.0	116.0	113.0	143.0	124.0	175.0	136.0	172.0	111.0	226.0	117.0	157.0	140.0	143.0	153.0	167.0	149.0	143.0	192.0	189.0
80	20150122 07:09:09.773	987.0	418.0	95.0	151.0	136.0	170.0	93.0	90.0	152.0	159.0	179.0	185.0	113.0	157.0	143.0	124.0	145.0	164.0	138.0	171.0	196.0	208.0	101.0	129.0	113.0	131.0	169.0	166.0	132.0	152.0	161.0	147.0	150.0	181.0	124.0	192.0	141.0	141.0	124.0	221.0	112.0	94.0	186.0	152.0	210.0	137.0	142.0	150.0	184.0	121.0	164.0	139.0	82.0	98.0	146.0	150.0	133.0	175.0	173.0	178.0	245.0	173.0	97.0	182.0	114.0	169.0	164.0	145.0	190.0	115.0	183.0
81	20150120 02:51:29.258	999.0	418.0	107.0	153.0	168.0	173.0	161.0	168.0	129.0	208.0	143.0	146.0	180.0	196.0	132.0	191.0	177.0	178.0	126.0	133.0	173.0	167.0	252.0	140.0	146.0	164.0	182.0	177.0	222.0	185.0	166.0	141.0	268.0	175.0	134.0	81.0	194.0	176.0	117.0	246.0	165.0	174.0	148.0	205.0	132.0	156.0	217.0	151.0	173.0	146.0	126.0	154.0	131.0	128.0	170.0	64.0	157.0	173.0	159.0	154.0	146.0	182.0	133.0	194.0	178.0	184.0	212.0	152.0	127.0	151.0	172.0
82	20150122 04:06:33.85	1043.0	410.0	164.0	173.0	178.0	211.0	130.0	138.0	119.0	165.0	170.0	181.0	138.0	234.0	146.0	215.0	182.0	201.0	166.0	187.0	194.0	203.0	144.0	143.0	138.0	132.0	165.0	167.0	177.0	198.0	183.0	171.0	174.0	170.0	150.0	175.0	115.0	198.0	117.0	168.0	172.0	143.0	137.0	211.0	164.0	197.0	150.0	220.0	172.0	154.0	136.0	133.0	123.0	198.0	1274.0	1225.0	1108.0	1222.0	1063.0	1400.0	1498.0	627.0	750.0	541.0	153.0	151.0	661.0	500.0	627.0	592.0	389.0
83	20150122 17:18:57.257	634.0	409.0	127.0	288.0	187.0	209.0	184.0	288.0	160.0	228.0	252.0	241.0	150.0	287.0	247.0	142.0	227.0	240.0	158.0	209.0	286.0	195.0	222.0	146.0	145.0	140.0	151.0	134.0	190.0	219.0	150.0	175.0	150.0	124.0	114.0	151.0	196.0	161.0	147.0	181.0	131.0	116.0	129.0	106.0	210.0	147.0	208.0	180.0	130.0	127.0	214.0	149.0	177.0	201.0	251.0	199.0	209.0	207.0	186.0	211.0	218.0	357.0	466.0	348.0	242.0	200.0	431.0	351.0	329.0	399.0	319.0
84	20150120 04:53:17.176	989.0	407.0	155.0	157.0	184.0	146.0	140.0	164.0	134.0	97.0	140.0	187.0	212.0	161.0	116.0	118.0	148.0	187.0	169.0	178.0	170.0	171.0	144.0	185.0	138.0	189.0	160.0	111.0	152.0	164.0	190.0	182.0	129.0	201.0	205.0	137.0	126.0	214.0	141.0	144.0	152.0	181.0	157.0	181.0	227.0	149.0	137.0	162.0	150.0	171.0	174.0	140.0	142.0	189.0	157.0	132.0	144.0	183.0	112.0	196.0	144.0	200.0	198.0	125.0	147.0	169.0	171.0	151.0	212.0	133.0	132.0
85	20150122 18:19:57.489	674.0	401.0	177.0	163.0	141.0	130.0	151.0	160.0	175.0	219.0	261.0	160.0	201.0	214.0	171.0	218.0	235.0	196.0	123.0	159.0	189.0	117.0	159.0	152.0	158.0	158.0	164.0	193.0	191.0	152.0	104.0	129.0	214.0	148.0	142.0	182.0	126.0	115.0	221.0	140.0	173.0	154.0	153.0	189.0	155.0	96.0	192.0	189.0	162.0	306.0	163.0	176.0	198.0	151.0	238.0	169.0	172.0	188.0	175.0	156.0	137.0	386.0	861.0	565.0	242.0	265.0	565.0	409.0	463.0	540.0	269.0
86	20150122 23:24:34.476	1122.0	392.0	149.0	192.0	184.0	105.0	162.0	148.0	139.0	172.0	214.0	226.0	148.0	218.0	109.0	210.0	208.0	193.0	145.0	134.0	146.0	139.0	205.0	192.0	116.0	153.0	158.0	223.0	141.0	205.0	191.0	112.0	165.0	139.0	127.0	117.0	159.0	151.0	161.0	111.0	222.0	144.0	195.0	204.0	141.0	151.0	165.0	196.0	190.0	193.0	174.0	182.0	171.0	205.0	247.0	227.0	201.0	166.0	290.0	141.0	226.0	199.0	251.0	235.0	141.0	216.0	1211.0	872.0	836.0	961.0	410.0
87	20150120 02:51:29.258	958.0	390.0	126.0	137.0	216.0	162.0	181.0	101.0	151.0	186.0	175.0	106.0	230.0	208.0	182.0	140.0	143.0	139.0	118.0	159.0	174.0	209.0	161.0	176.0	136.0	123.0	192.0	233.0	205.0	154.0	114.0	107.0	245.0	184.0	121.0	132.0	192.0	138.0	210.0	176.0	136.0	114.0	141.0	167.0	163.0	158.0	137.0	190.0	212.0	151.0	175.0	190.0	138.0	138.0	137.0	171.0	136.0	132.0	132.0	126.0	135.0	171.0	171.0	195.0	199.0	154.0	136.0	156.0	158.0	171.0	138.0
88	20150123 01:26:41.858	751.0	386.0	107.0	172.0	131.0	181.0	183.0	238.0	171.0	190.0	162.0	129.0	190.0	238.0	165.0	114.0	172.0	186.0	146.0	179.0	139.0	151.0	139.0	180.0	115.0	161.0	176.0	167.0	165.0	156.0	167.0	129.0	307.0	119.0	107.0	152.0	123.0	145.0	91.0	172.0	162.0	125.0	150.0	152.0	123.0	143.0	121.0	156.0	159.0	219.0	143.0	137.0	149.0	139.0	148.0	187.0	216.0	155.0	188.0	185.0	152.0	404.0	442.0	389.0	311.0	288.0	720.0	670.0	1156.0	1670.0	1585.0
89	20150122 23:24:34.476	791.0	378.0	114.0	177.0	161.0	203.0	161.0	155.0	181.0	209.0	204.0	123.0	155.0	260.0	154.0	122.0	199.0	246.0	114.0	129.0	184.0	173.0	205.0	130.0	176.0	180.0	188.0	128.0	162.0	179.0	146.0	145.0	175.0	139.0	182.0	157.0	156.0	130.0	137.0	182.0	113.0	150.0	194.0	233.0	202.0	196.0	113.0	220.0	155.0	209.0	131.0	123.0	163.0	149.0	168.0	136.0	143.0	146.0	150.0	150.0	162.0	196.0	230.0	267.0	217.0	165.0	373.0	411.0	418.0	481.0	341.0
90	20150119 20:46:32.336	1072.0	359.0	101.0	192.0	179.0	239.0	192.0	216.0	185.0	174.0	162.0	168.0	198.0	178.0	172.0	151.0	190.0	170.0	186.0	152.0	186.0	159.0	193.0	166.0	135.0	164.0	194.0	145.0	167.0	216.0	102.0	113.0	123.0	184.0	133.0	216.0	150.0	190.0	131.0	129.0	176.0	129.0	165.0	174.0	130.0	141.0	171.0	159.0	160.0	184.0	213.0	170.0	140.0	173.0	179.0	189.0	163.0	150.0	118.0	168.0	138.0	163.0	146.0	163.0	172.0	206.0	171.0	139.0	170.0	222.0	147.0
91	20150122 19:20:54.42	745.0	346.0	79.0	200.0	193.0	173.0	137.0	206.0	120.0	201.0	194.0	179.0	270.0	199.0	179.0	154.0	197.0	246.0	169.0	173.0	281.0	206.0	135.0	191.0	183.0	190.0	164.0	182.0	185.0	181.0	179.0	160.0	163.0	148.0	112.0	144.0	148.0	98.0	180.0	186.0	196.0	114.0	190.0	140.0	190.0	140.0	163.0	192.0	230.0	169.0	138.0	226.0	177.0	186.0	167.0	187.0	159.0	123.0	134.0	188.0	152.0	626.0	1146.0	1994.0	299.0	276.0	2140.0	1838.0	2229.0	1991.0	1368.0
92	20150122 17:18:57.257	620.0	330.0	143.0	185.0	157.0	154.0	118.0	155.0	168.0	189.0	135.0	267.0	166.0	197.0	201.0	171.0	179.0	187.0	95.0	208.0	169.0	137.0	143.0	194.0	163.0	159.0	241.0	175.0	229.0	263.0	162.0	206.0	248.0	128.0	151.0	166.0	171.0	213.0	181.0	146.0	195.0	148.0	241.0	181.0	166.0	176.0	194.0	231.0	191.0	189.0	179.0	200.0	145.0	198.0	266.0	233.0	268.0	315.0	414.0	475.0	610.0	1462.0	1377.0	1242.0	248.0	205.0	1313.0	1029.0	1102.0	1137.0	681.0
93	20150121 14:54:51.680	1090.0	326.0	186.0	112.0	198.0	149.0	155.0	143.0	105.0	141.0	156.0	165.0	147.0	181.0	138.0	142.0	167.0	162.0	123.0	128.0	164.0	181.0	139.0	117.0	161.0	130.0	147.0	131.0	160.0	146.0	136.0	133.0	115.0	181.0	133.0	130.0	118.0	127.0	133.0	139.0	134.0	110.0	131.0	208.0	192.0	139.0	152.0	173.0	106.0	221.0	175.0	125.0	116.0	149.0	156.0	148.0	125.0	154.0	154.0	147.0	159.0	185.0	192.0	155.0	196.0	159.0	235.0	279.0	275.0	193.0	298.0
94	20150122 23:24:34.476	1067.0	322.0	136.0	162.0	135.0	188.0	159.0	198.0	160.0	180.0	172.0	167.0	145.0	200.0	228.0	134.0	190.0	214.0	112.0	203.0	135.0	136.0	165.0	154.0	199.0	168.0	167.0	194.0	212.0	166.0	178.0	156.0	158.0	141.0	229.0	126.0	188.0	121.0	185.0	125.0	178.0	151.0	167.0	204.0	161.0	192.0	163.0	165.0	157.0	221.0	119.0	197.0	146.0	296.0	430.0	390.0	322.0	444.0	345.0	327.0	320.0	522.0	618.0	877.0	615.0	483.0	3210.0	2743.0	2762.0	2881.0	2093.0
95	20150120 03:52:24.622	1102.0	316.0	125.0	174.0	177.0	161.0	155.0	143.0	106.0	158.0	186.0	183.0	142.0	190.0	119.0	177.0	252.0	154.0	138.0	124.0	233.0	197.0	144.0	171.0	143.0	169.0	262.0	156.0	138.0	202.0	249.0	145.0	141.0	129.0	137.0	186.0	164.0	190.0	129.0	186.0	186.0	158.0	133.0	189.0	180.0	97.0	192.0	226.0	208.0	148.0	230.0	139.0	138.0	144.0	139.0	133.0	122.0	108.0	156.0	166.0	183.0	191.0	171.0	131.0	178.0	166.0	126.0	195.0	169.0	175.0	213.0
96	20150123 01:26:41.858	901.0	315.0	143.0	220.0	143.0	213.0	157.0	173.0	200.0	175.0	157.0	184.0	154.0	233.0	135.0	120.0	205.0	194.0	164.0	205.0	194.0	147.0	173.0	138.0	132.0	129.0	191.0	125.0	155.0	119.0	151.0	131.0	242.0	172.0	114.0	229.0	228.0	137.0	167.0	190.0	165.0	172.0	196.0	132.0	208.0	253.0	148.0	123.0	210.0	198.0	156.0	163.0	200.0	292.0	191.0	168.0	195.0	206.0	222.0	260.0	195.0	512.0	496.0	561.0	262.0	260.0	956.0	1450.0	2654.0	3480.0	2576.0
97	20150121 23:02:14.508	1072.0	311.0	166.0	152.0	123.0	147.0	124.0	180.0	131.0	138.0	101.0	173.0	143.0	121.0	168.0	162.0	129.0	146.0	135.0	223.0	160.0	149.0	176.0	221.0	103.0	206.0	178.0	157.0	147.0	174.0	109.0	172.0	109.0	130.0	126.0	147.0	204.0	120.0	120.0	148.0	178.0	208.0	179.0	226.0	202.0	136.0	142.0	143.0	129.0	177.0	93.0	205.0	155.0	140.0	140.0	191.0	109.0	138.0	132.0	145.0	179.0	186.0	202.0	172.0	235.0	239.0	272.0	240.0	309.0	260.0	248.0
98	20150122 04:06:33.85	1021.0	292.0	134.0	179.0	142.0	195.0	199.0	201.0	162.0	255.0	193.0	182.0	153.0	193.0	186.0	141.0	177.0	140.0	119.0	180.0	108.0	120.0	147.0	153.0	116.0	154.0	232.0	190.0	201.0	190.0	187.0	89.0	161.0	136.0	141.0	187.0	154.0	91.0	140.0	152.0	167.0	111.0	159.0	154.0	176.0	160.0	180.0	161.0	161.0	169.0	160.0	156.0	92.0	143.0	262.0	276.0	225.0	397.0	264.0	183.0	139.0	142.0	104.0	175.0	197.0	190.0	168.0	171.0	190.0	152.0	137.0
99	20150122 17:18:57.257	1060.0	282.0	129.0	163.0	157.0	231.0	156.0	174.0	160.0	206.0	194.0	173.0	197.0	179.0	137.0	135.0	261.0	176.0	128.0	156.0	241.0	188.0	181.0	168.0	156.0	139.0	185.0	193.0	159.0	168.0	167.0	126.0	214.0	119.0	172.0	163.0	139.0	144.0	146.0	113.0	144.0	139.0	185.0	202.0	175.0	182.0	149.0	208.0	170.0	158.0	158.0	160.0	168.0	291.0	480.0	458.0	483.0	514.0	469.0	528.0	642.0	3386.0	2765.0	2230.0	390.0	327.0	1988.0	1630.0	1651.0	1763.0	1282.0
100	20150122 23:24:34.476	1098.0	275.0	147.0	147.0	171.0	201.0	164.0	179.0	173.0	158.0	171.0	191.0	177.0	122.0	229.0	204.0	178.0	225.0	171.0	220.0	139.0	243.0	137.0	186.0	147.0	191.0	177.0	215.0	154.0	207.0	148.0	138.0	119.0	136.0	138.0	143.0	194.0	165.0	126.0	141.0	112.0	156.0	181.0	191.0	183.0	149.0	103.0	201.0	209.0	179.0	162.0	196.0	137.0	178.0	179.0	278.0	228.0	180.0	157.0	167.0	164.0	295.0	431.0	487.0	213.0	255.0	935.0	646.0	665.0	728.0	442.0
101	20150121 09:50:32.322	1120.0	273.0	145.0	158.0	162.0	141.0	177.0	158.0	113.0	150.0	113.0	157.0	200.0	141.0	126.0	118.0	147.0	166.0	140.0	123.0	208.0	129.0	150.0	138.0	203.0	148.0	122.0	145.0	143.0	177.0	143.0	133.0	173.0	132.0	144.0	146.0	165.0	83.0	154.0	183.0	126.0	119.0	160.0	157.0	164.0	158.0	192.0	182.0	143.0	114.0	119.0	124.0	113.0	134.0	211.0	124.0	182.0	115.0	196.0	109.0	128.0	103.0	213.0	146.0	193.0	164.0	184.0	115.0	274.0	135.0	158.0
102	20150120 16:35:19.781	1133.0	269.0	110.0	185.0	150.0	122.0	155.0	137.0	182.0	131.0	172.0	147.0	142.0	176.0	144.0	150.0	125.0	163.0	146.0	188.0	186.0	103.0	205.0	134.0	202.0	209.0	164.0	206.0	141.0	162.0	154.0	169.0	235.0	208.0	177.0	135.0	131.0	178.0	178.0	166.0	198.0	142.0	149.0	161.0	130.0	122.0	172.0	236.0	217.0	132.0	184.0	122.0	101.0	109.0	190.0	133.0	135.0	130.0	149.0	94.0	104.0	163.0	96.0	147.0	169.0	136.0	187.0	195.0	199.0	128.0	128.0
103	20150121 18:58:15.961	1153.0	264.0	118.0	187.0	129.0	184.0	189.0	124.0	147.0	139.0	152.0	182.0	181.0	131.0	147.0	109.0	126.0	125.0	140.0	194.0	177.0	169.0	143.0	172.0	129.0	101.0	155.0	169.0	151.0	169.0	160.0	126.0	174.0	140.0	121.0	131.0	110.0	141.0	141.0	175.0	107.0	126.0	202.0	247.0	151.0	168.0	78.0	272.0	181.0	202.0	170.0	158.0	117.0	139.0	129.0	101.0	146.0	145.0	106.0	183.0	187.0	156.0	142.0	129.0	167.0	169.0	127.0	198.0	158.0	100.0	122.0
105	20150119 20:46:32.336	1216.0	249.0	0.0	258.0	167.0	193.0	191.0	157.0	207.0	187.0	162.0	194.0	160.0	261.0	190.0	203.0	200.0	144.0	143.0	242.0	204.0	233.0	225.0	183.0	165.0	194.0	153.0	181.0	152.0	203.0	182.0	41.0	176.0	0.0	77.0	77.0	126.0	120.0	142.0	181.0	216.0	222.0	110.0	196.0	109.0	199.0	141.0	242.0	98.0	192.0	101.0	213.0	178.0	141.0	114.0	178.0	125.0	163.0	101.0	145.0	155.0	174.0	229.0	131.0	193.0	107.0	119.0	122.0	126.0	150.0	153.0
106	20150122 23:24:34.476	847.0	243.0	155.0	187.0	159.0	149.0	137.0	136.0	99.0	187.0	188.0	158.0	227.0	190.0	145.0	118.0	187.0	209.0	119.0	146.0	215.0	181.0	197.0	122.0	133.0	146.0	137.0	167.0	242.0	180.0	180.0	199.0	152.0	121.0	145.0	152.0	162.0	100.0	139.0	207.0	163.0	115.0	188.0	183.0	151.0	191.0	194.0	305.0	308.0	252.0	219.0	145.0	153.0	294.0	206.0	237.0	188.0	259.0	227.0	164.0	180.0	459.0	558.0	661.0	321.0	408.0	1767.0	1389.0	1522.0	1501.0	1065.0
107	20150119 20:46:32.336	1177.0	232.0	0.0	215.0	145.0	140.0	184.0	110.0	140.0	150.0	110.0	172.0	161.0	119.0	99.0	129.0	174.0	182.0	120.0	158.0	191.0	143.0	117.0	129.0	162.0	145.0	148.0	146.0	139.0	148.0	202.0	179.0	180.0	117.0	145.0	133.0	120.0	93.0	106.0	131.0	213.0	115.0	94.0	135.0	127.0	156.0	173.0	159.0	166.0	148.0	170.0	129.0	155.0	224.0	202.0	133.0	182.0	116.0	162.0	147.0	110.0	164.0	130.0	98.0	99.0	118.0	142.0	154.0	159.0	161.0	121.0
108	20150122 17:18:57.257	479.0	237.0	126.0	174.0	151.0	205.0	204.0	138.0	179.0	183.0	195.0	188.0	134.0	211.0	182.0	149.0	189.0	189.0	106.0	156.0	195.0	168.0	193.0	170.0	120.0	161.0	136.0	164.0	158.0	127.0	160.0	159.0	128.0	206.0	141.0	162.0	140.0	154.0	161.0	131.0	170.0	115.0	226.0	265.0	198.0	176.0	116.0	207.0	117.0	140.0	150.0	143.0	153.0	158.0	180.0	116.0	197.0	142.0	137.0	200.0	109.0	1026.0	1091.0	894.0	246.0	217.0	969.0	960.0	826.0	1037.0	692.0
109	20150122 18:19:57.489	928.0	227.0	134.0	216.0	166.0	204.0	172.0	193.0	133.0	193.0	177.0	136.0	217.0	195.0	197.0	190.0	214.0	235.0	119.0	152.0	240.0	171.0	142.0	165.0	165.0	171.0	165.0	181.0	190.0	176.0	145.0	175.0	162.0	157.0	145.0	158.0	135.0	131.0	165.0	141.0	210.0	120.0	163.0	117.0	214.0	153.0	215.0	131.0	168.0	127.0	176.0	191.0	171.0	146.0	286.0	173.0	211.0	191.0	147.0	176.0	199.0	318.0	470.0	615.0	197.0	166.0	482.0	414.0	391.0	464.0	260.0
110	20150123 00:25:38.334	479.0	217.0	164.0	96.0	145.0	132.0	147.0	199.0	168.0	215.0	216.0	148.0	119.0	136.0	158.0	146.0	149.0	116.0	136.0	132.0	209.0	163.0	188.0	93.0	145.0	149.0	122.0	209.0	173.0	169.0	129.0	131.0	136.0	99.0	216.0	132.0	155.0	147.0	176.0	159.0	149.0	107.0	173.0	188.0	164.0	113.0	162.0	164.0	187.0	198.0	139.0	146.0	124.0	140.0	185.0	171.0	126.0	162.0	141.0	119.0	110.0	303.0	235.0	224.0	170.0	192.0	248.0	652.0	617.0	588.0	642.0
111	20150120 05:53:59.753	1217.0	225.0	0.0	80.0	91.0	104.0	161.0	153.0	94.0	159.0	114.0	159.0	193.0	116.0	156.0	172.0	130.0	91.0	143.0	184.0	186.0	149.0	125.0	128.0	135.0	121.0	117.0	181.0	187.0	221.0	150.0	94.0	219.0	0.0	0.0	0.0	98.0	95.0	107.0	86.0	130.0	173.0	127.0	153.0	105.0	121.0	113.0	157.0	184.0	177.0	83.0	213.0	115.0	126.0	144.0	106.0	118.0	121.0	99.0	114.0	124.0	167.0	366.0	186.0	211.0	126.0	326.0	171.0	161.0	207.0	158.0
112	20150119 20:46:32.336	1167.0	223.0	0.0	122.0	111.0	158.0	139.0	193.0	125.0	147.0	138.0	181.0	142.0	123.0	181.0	145.0	149.0	139.0	124.0	163.0	172.0	176.0	142.0	170.0	124.0	107.0	206.0	203.0	128.0	193.0	164.0	157.0	167.0	164.0	147.0	186.0	197.0	209.0	191.0	212.0	145.0	161.0	219.0	204.0	152.0	151.0	147.0	161.0	200.0	207.0	125.0	133.0	154.0	204.0	128.0	122.0	156.0	159.0	203.0	151.0	168.0	196.0	128.0	148.0	170.0	162.0	153.0	104.0	184.0	151.0	144.0
113	20150123 01:26:41.858	966.0	219.0	130.0	201.0	163.0	199.0	104.0	188.0	128.0	205.0	210.0	191.0	177.0	152.0	201.0	173.0	240.0	165.0	123.0	156.0	176.0	168.0	185.0	134.0	150.0	156.0	152.0	193.0	169.0	118.0	139.0	144.0	137.0	109.0	93.0	200.0	153.0	145.0	126.0	163.0	171.0	127.0	204.0	118.0	226.0	213.0	138.0	174.0	211.0	165.0	129.0	146.0	166.0	165.0	176.0	192.0	212.0	223.0	146.0	142.0	172.0	176.0	186.0	221.0	198.0	225.0	502.0	557.0	832.0	1086.0	582.0
114	20150120 14:33:29.984	292.0	216.0	133.0	214.0	152.0	173.0	159.0	140.0	144.0	144.0	151.0	153.0	168.0	146.0	106.0	244.0	181.0	245.0	136.0	177.0	402.0	168.0	113.0	126.0	151.0	152.0	130.0	151.0	207.0	171.0	134.0	200.0	109.0	223.0	127.0	130.0	159.0	140.0	108.0	136.0	139.0	115.0	164.0	226.0	269.0	212.0	131.0	181.0	153.0	110.0	129.0	151.0	129.0	207.0	162.0	151.0	170.0	174.0	144.0	171.0	150.0	178.0	173.0	159.0	236.0	129.0	254.0	138.0	192.0	211.0	236.0
115	20150122 18:19:57.489	1212.0	211.0	0.0	191.0	95.0	137.0	171.0	205.0	95.0	185.0	178.0	151.0	170.0	180.0	129.0	128.0	193.0	189.0	164.0	208.0	192.0	180.0	198.0	156.0	92.0	137.0	169.0	246.0	193.0	225.0	137.0	110.0	216.0	161.0	77.0	160.0	124.0	198.0	98.0	125.0	155.0	176.0	177.0	175.0	165.0	188.0	115.0	208.0	212.0	141.0	135.0	124.0	169.0	299.0	255.0	265.0	279.0	306.0	252.0	340.0	345.0	492.0	3971.0	3379.0	681.0	571.0	2996.0	2777.0	2701.0	2965.0	2761.0
116	20150119 20:46:32.336	801.0	212.0	110.0	276.0	218.0	157.0	110.0	144.0	133.0	246.0	212.0	203.0	158.0	230.0	176.0	169.0	190.0	234.0	171.0	185.0	237.0	205.0	149.0	147.0	135.0	135.0	138.0	203.0	179.0	200.0	138.0	118.0	152.0	231.0	136.0	180.0	191.0	157.0	151.0	139.0	141.0	171.0	157.0	262.0	144.0	224.0	187.0	188.0	218.0	205.0	256.0	174.0	153.0	148.0	157.0	155.0	186.0	135.0	150.0	120.0	212.0	161.0	178.0	219.0	238.0	207.0	276.0	249.0	317.0	369.0	215.0
117	20150122 17:18:57.257	841.0	204.0	127.0	223.0	174.0	165.0	127.0	182.0	165.0	259.0	199.0	157.0	159.0	219.0	215.0	101.0	255.0	266.0	115.0	216.0	186.0	167.0	157.0	150.0	183.0	147.0	158.0	140.0	165.0	152.0	224.0	171.0	172.0	135.0	165.0	188.0	138.0	172.0	139.0	150.0	157.0	112.0	134.0	158.0	176.0	167.0	159.0	213.0	168.0	157.0	127.0	124.0	159.0	192.0	223.0	147.0	197.0	209.0	205.0	213.0	230.0	403.0	464.0	341.0	142.0	251.0	432.0	317.0	428.0	353.0	246.0
118	20150122 23:24:34.476	472.0	201.0	104.0	124.0	107.0	137.0	151.0	195.0	154.0	158.0	148.0	141.0	165.0	173.0	110.0	132.0	168.0	165.0	145.0	110.0	223.0	179.0	136.0	109.0	171.0	115.0	184.0	111.0	173.0	186.0	177.0	177.0	146.0	144.0	133.0	145.0	152.0	117.0	154.0	169.0	212.0	158.0	194.0	164.0	176.0	177.0	109.0	206.0	149.0	203.0	185.0	134.0	126.0	165.0	141.0	174.0	209.0	157.0	174.0	138.0	117.0	238.0	226.0	233.0	210.0	265.0	324.0	373.0	438.0	428.0	379.0
119	20150122 03:05:45.223	639.0	195.0	169.0	158.0	160.0	158.0	155.0	200.0	138.0	120.0	101.0	157.0	129.0	138.0	183.0	141.0	132.0	120.0	137.0	161.0	139.0	141.0	161.0	168.0	136.0	167.0	92.0	125.0	155.0	154.0	113.0	116.0	192.0	119.0	159.0	141.0	158.0	144.0	160.0	151.0	112.0	108.0	200.0	175.0	116.0	149.0	108.0	132.0	131.0	191.0	108.0	106.0	66.0	139.0	143.0	188.0	152.0	166.0	139.0	136.0	129.0	174.0	127.0	166.0	174.0	110.0	192.0	170.0	188.0	128.0	207.0
120	20150122 17:18:57.257	444.0	189.0	143.0	140.0	161.0	205.0	169.0	182.0	153.0	143.0	159.0	140.0	148.0	156.0	125.0	154.0	184.0	129.0	118.0	119.0	176.0	112.0	138.0	150.0	144.0	153.0	140.0	134.0	170.0	136.0	125.0	130.0	125.0	120.0	187.0	153.0	150.0	118.0	100.0	175.0	147.0	146.0	116.0	175.0	180.0	144.0	182.0	157.0	161.0	145.0	252.0	136.0	160.0	155.0	120.0	116.0	143.0	158.0	149.0	190.0	130.0	295.0	170.0	287.0	205.0	146.0	216.0	284.0	235.0	276.0	482.0
121	20150122 19:20:54.42	1203.0	172.0	0.0	192.0	155.0	163.0	200.0	112.0	142.0	206.0	192.0	167.0	192.0	187.0	202.0	131.0	206.0	211.0	121.0	178.0	152.0	186.0	203.0	182.0	118.0	141.0	196.0	249.0	182.0	160.0	126.0	160.0	170.0	98.0	130.0	200.0	210.0	116.0	197.0	157.0	183.0	174.0	124.0	150.0	194.0	155.0	141.0	147.0	157.0	145.0	228.0	146.0	194.0	208.0	206.0	220.0	246.0	194.0	209.0	326.0	341.0	506.0	603.0	1477.0	297.0	274.0	1761.0	1690.0	1643.0	1522.0	1347.0
122	20150122 20:21:45.414	1150.0	150.0	148.0	188.0	186.0	127.0	159.0	242.0	119.0	130.0	136.0	133.0	235.0	172.0	122.0	168.0	160.0	154.0	135.0	160.0	114.0	119.0	178.0	139.0	109.0	162.0	216.0	157.0	186.0	136.0	168.0	125.0	199.0	143.0	103.0	187.0	139.0	146.0	137.0	196.0	145.0	141.0	226.0	161.0	225.0	132.0	143.0	139.0	94.0	195.0	214.0	86.0	94.0	140.0	106.0	132.0	169.0	178.0	153.0	162.0	174.0	192.0	221.0	193.0	324.0	466.0	403.0	289.0	288.0	375.0	344.0
123	20150122 04:06:33.85	707.0	150.0	137.0	160.0	148.0	221.0	171.0	142.0	166.0	165.0	167.0	187.0	129.0	188.0	192.0	184.0	178.0	288.0	165.0	134.0	142.0	206.0	124.0	126.0	149.0	119.0	126.0	212.0	136.0	159.0	164.0	104.0	162.0	166.0	139.0	166.0	163.0	135.0	129.0	175.0	136.0	108.0	167.0	153.0	136.0	138.0	188.0	162.0	223.0	160.0	189.0	157.0	147.0	184.0	285.0	224.0	247.0	326.0	278.0	339.0	396.0	230.0	238.0	195.0	209.0	189.0	314.0	253.0	337.0	262.0	193.0
124	20150122 19:20:54.42	338.0	144.0	114.0	201.0	135.0	172.0	186.0	259.0	162.0	225.0	180.0	166.0	150.0	229.0	184.0	159.0	153.0	189.0	167.0	121.0	143.0	173.0	129.0	161.0	126.0	140.0	117.0	138.0	191.0	161.0	149.0	177.0	164.0	152.0	125.0	180.0	145.0	123.0	170.0	195.0	175.0	151.0	248.0	181.0	143.0	134.0	167.0	177.0	188.0	129.0	124.0	164.0	129.0	163.0	181.0	126.0	199.0	150.0	170.0	172.0	200.0	258.0	257.0	350.0	170.0	187.0	313.0	316.0	385.0	453.0	395.0
125	20150120 05:53:59.753	393.0	130.0	131.0	96.0	131.0	96.0	143.0	147.0	143.0	137.0	121.0	148.0	170.0	159.0	172.0	157.0	170.0	151.0	129.0	175.0	225.0	178.0	166.0	98.0	130.0	157.0	144.0	142.0	202.0	147.0	207.0	169.0	223.0	140.0	128.0	103.0	148.0	184.0	238.0	202.0	158.0	164.0	200.0	188.0	164.0	159.0	143.0	141.0	116.0	139.0	147.0	136.0	125.0	145.0	181.0	84.0	139.0	115.0	141.0	172.0	135.0	149.0	191.0	140.0	170.0	159.0	199.0	141.0	141.0	111.0	180.0
126	20150122 17:18:57.257	1149.0	101.0	120.0	227.0	150.0	130.0	184.0	112.0	89.0	285.0	195.0	169.0	142.0	238.0	148.0	142.0	201.0	234.0	168.0	155.0	188.0	158.0	235.0	154.0	156.0	100.0	187.0	140.0	149.0	171.0	152.0	166.0	209.0	127.0	160.0	192.0	134.0	132.0	136.0	149.0	120.0	138.0	171.0	223.0	195.0	136.0	124.0	153.0	177.0	188.0	170.0	119.0	134.0	165.0	276.0	256.0	362.0	372.0	394.0	333.0	392.0	3699.0	4453.0	3913.0	694.0	524.0	3206.0	2769.0	2777.0	2993.0	2162.0
127	20150122 17:18:57.257	331.0	104.0	170.0	168.0	183.0	166.0	174.0	194.0	159.0	159.0	172.0	177.0	165.0	177.0	126.0	147.0	246.0	162.0	134.0	193.0	237.0	145.0	182.0	130.0	203.0	142.0	214.0	155.0	177.0	208.0	187.0	120.0	196.0	131.0	116.0	177.0	110.0	152.0	178.0	133.0	159.0	121.0	151.0	148.0	170.0	164.0	159.0	167.0	166.0	151.0	164.0	118.0	135.0	175.0	170.0	167.0	193.0	173.0	182.0	153.0	161.0	392.0	378.0	303.0	210.0	205.0	386.0	353.0	441.0	445.0	233.0
128	20150122 18:19:57.489	856.0	86.0	187.0	118.0	224.0	239.0	143.0	138.0	201.0	127.0	157.0	213.0	226.0	124.0	180.0	121.0	160.0	229.0	145.0	164.0	283.0	167.0	174.0	148.0	107.0	183.0	145.0	163.0	161.0	139.0	146.0	239.0	134.0	154.0	139.0	197.0	127.0	170.0	138.0	129.0	169.0	114.0	199.0	177.0	209.0	116.0	144.0	145.0	132.0	252.0	192.0	149.0	144.0	176.0	125.0	101.0	155.0	141.0	130.0	146.0	169.0	272.0	348.0	379.0	478.0	462.0	385.0	415.0	383.0	474.0	388.0
129	20150122 23:24:34.476	897.0	69.0	135.0	215.0	201.0	169.0	129.0	132.0	172.0	224.0	218.0	158.0	157.0	231.0	185.0	173.0	294.0	270.0	170.0	198.0	200.0	168.0	182.0	117.0	164.0	153.0	173.0	142.0	201.0	267.0	141.0	116.0	157.0	193.0	140.0	199.0	135.0	146.0	127.0	219.0	161.0	168.0	147.0	128.0	226.0	188.0	136.0	204.0	264.0	237.0	222.0	145.0	174.0	187.0	124.0	154.0	161.0	151.0	175.0	118.0	178.0	348.0	437.0	417.0	292.0	291.0	1052.0	1050.0	1017.0	1215.0	949.0
130	20150122 23:24:34.476	883.0	64.0	126.0	198.0	122.0	123.0	152.0	133.0	99.0	99.0	118.0	122.0	121.0	208.0	123.0	180.0	196.0	111.0	137.0	125.0	161.0	153.0	171.0	104.0	164.0	105.0	188.0	155.0	113.0	166.0	142.0	144.0	141.0	118.0	51.0	180.0	119.0	118.0	173.0	174.0	122.0	115.0	185.0	176.0	226.0	106.0	184.0	116.0	146.0	121.0	122.0	134.0	99.0	173.0	126.0	184.0	117.0	163.0	162.0	121.0	160.0	153.0	228.0	207.0	186.0	229.0	900.0	926.0	897.0	973.0	902.0
131	20150122 17:18:57.257	1175.0	64.0	0.0	212.0	119.0	76.0	127.0	113.0	108.0	124.0	208.0	127.0	120.0	117.0	161.0	118.0	235.0	162.0	128.0	110.0	260.0	138.0	144.0	206.0	117.0	156.0	168.0	181.0	175.0	135.0	143.0	165.0	90.0	132.0	93.0	181.0	125.0	134.0	188.0	230.0	128.0	133.0	193.0	242.0	173.0	145.0	226.0	148.0	197.0	277.0	137.0	108.0	113.0	127.0	143.0	198.0	164.0	157.0	157.0	134.0	107.0	565.0	611.0	593.0	565.0	558.0	460.0	420.0	454.0	417.0	476.0
132	20150122 04:06:33.85	367.0	48.0	133.0	162.0	197.0	159.0	124.0	190.0	117.0	126.0	174.0	178.0	226.0	124.0	174.0	143.0	201.0	181.0	86.0	147.0	193.0	208.0	156.0	117.0	125.0	168.0	84.0	138.0	159.0	161.0	151.0	113.0	159.0	147.0	170.0	153.0	144.0	122.0	123.0	139.0	174.0	150.0	139.0	169.0	134.0	88.0	105.0	163.0	143.0	181.0	130.0	147.0	94.0	148.0	258.0	297.0	406.0	299.0	397.0	246.0	289.0	112.0	177.0	150.0	185.0	109.0	205.0	172.0	175.0	149.0	126.0
133	20150123 01:26:41.858	442.0	40.0	131.0	151.0	162.0	148.0	222.0	153.0	111.0	162.0	190.0	150.0	153.0	155.0	184.0	196.0	171.0	135.0	124.0	157.0	161.0	166.0	148.0	148.0	163.0	160.0	83.0	147.0	104.0	182.0	156.0	115.0	132.0	130.0	97.0	146.0	171.0	153.0	120.0	146.0	122.0	196.0	179.0	166.0	112.0	124.0	150.0	177.0	177.0	176.0	137.0	177.0	110.0	179.0	110.0	137.0	170.0	148.0	148.0	144.0	115.0	281.0	296.0	305.0	176.0	172.0	500.0	521.0	637.0	1078.0	980.0
