index	mortality	x	y	20150906 18:14:51.422	20150909 04:29:15.198	20150909 05:39:42.617	20150909 06:50:00.955	20150909 08:00:22.340	20150909 09:10:45.883	20150909 10:21:12.550	20150909 11:31:43.661	20150909 12:42:15.502	20150909 13:52:36.745	20150909 15:03:01.580	20150909 16:13:32.693	20150909 17:23:56.454	20150909 18:34:16.815	20150909 19:44:34.223	20150909 20:54:56.620	20150909 22:05:30.81	20150909 23:15:52.737	20150910 00:26:13.358	20150910 01:36:31.289	20150910 02:47:01.66	20150910 03:57:21.948	20150910 05:07:30.147	20150910 06:17:49.506	20150910 07:28:05.131	20150910 08:38:23.324	20150910 09:48:16.760	20150910 10:57:20.625	20150910 12:06:21.415	20150910 13:15:19.10	20150910 14:24:18.44	20150910 15:33:20.843	20150910 16:42:20.230	20150910 17:51:27.276	20150910 19:00:26.589	20150910 20:09:19.395	20150910 21:18:12.163	20150910 22:27:09.696	20150910 23:36:01.712	20150911 00:45:00.540	20150911 01:53:49.597	20150911 03:02:45.459	20150911 04:11:38.387	20150911 05:20:25.642	20150911 06:29:17.275	20150911 07:38:12.559	20150911 08:47:10.46	20150911 09:56:29.582	20150911 11:06:46.459	20150911 12:17:08.737	20150911 13:27:25.159	20150911 17:01:02.405	20150911 18:11:26.505	20150911 19:21:39.353	20150911 20:32:06.980	20150911 21:42:33.773	20150911 22:52:58.863	20150912 00:03:22.251	20150912 01:13:48.149	20150912 02:24:15.332	20150912 03:34:44.930	20150912 04:45:16.671
1	20150909 16:13:32.693	523.0	1030.0	0.0	0.0	0.0	0.0	0.0	0.0	0.0	0.0	146.0	160.0	152.0	181.0	121.0	109.0	182.0	112.0	161.0	170.0	128.0	164.0	178.0	192.0	147.0	213.0	186.0	131.0	217.0	237.0	218.0	191.0	231.0	239.0	276.0	167.0	213.0	228.0	289.0	266.0	270.0	230.0	257.0	335.0	278.0	219.0	249.0	228.0	210.0	224.0	221.0	222.0	215.0	218.0	250.0	222.0	231.0	261.0	189.0	262.0	227.0	173.0	224.0	306.0
2	20150910 13:15:19.10	1036.0	1012.0	0.0	132.0	148.0	175.0	116.0	129.0	165.0	154.0	122.0	164.0	133.0	163.0	160.0	168.0	180.0	110.0	208.0	165.0	136.0	105.0	148.0	140.0	160.0	111.0	136.0	142.0	132.0	174.0	173.0	442.0	433.0	496.0	425.0	436.0	467.0	367.0	416.0	440.0	441.0	422.0	333.0	393.0	379.0	185.0	177.0	219.0	158.0	289.0	159.0	248.0	215.0	183.0	237.0	250.0	225.0	208.0	202.0	158.0	193.0	173.0	185.0	179.0
3	20150910 13:15:19.10	1041.0	1010.0	0.0	145.0	172.0	151.0	134.0	144.0	117.0	159.0	134.0	130.0	199.0	144.0	166.0	167.0	178.0	120.0	146.0	190.0	167.0	131.0	122.0	143.0	133.0	193.0	125.0	98.0	145.0	221.0	169.0	310.0	241.0	346.0	311.0	282.0	259.0	252.0	274.0	336.0	302.0	250.0	272.0	249.0	253.0	283.0	296.0	299.0	343.0	353.0	398.0	386.0	473.0	294.0	366.0	402.0	297.0	280.0	310.0	384.0	314.0	299.0	354.0	290.0
4	20150910 13:15:19.10	1039.0	1008.0	0.0	87.0	172.0	135.0	131.0	144.0	109.0	172.0	159.0	130.0	137.0	139.0	108.0	122.0	139.0	175.0	137.0	182.0	112.0	112.0	204.0	145.0	108.0	172.0	106.0	156.0	187.0	166.0	173.0	425.0	398.0	451.0	396.0	441.0	442.0	388.0	390.0	347.0	433.0	369.0	348.0	438.0	329.0	339.0	417.0	344.0	356.0	353.0	397.0	467.0	399.0	328.0	366.0	478.0	338.0	299.0	370.0	390.0	314.0	362.0	354.0	367.0
5	20150910 13:15:19.10	1037.0	1008.0	0.0	152.0	159.0	135.0	131.0	117.0	147.0	120.0	163.0	161.0	140.0	139.0	125.0	228.0	139.0	175.0	137.0	123.0	139.0	188.0	186.0	145.0	122.0	169.0	241.0	147.0	187.0	166.0	167.0	501.0	483.0	540.0	420.0	477.0	456.0	453.0	449.0	405.0	515.0	454.0	393.0	446.0	329.0	339.0	323.0	298.0	348.0	246.0	397.0	312.0	344.0	328.0	338.0	345.0	338.0	266.0	368.0	390.0	295.0	241.0	344.0	298.0
6	20150910 13:15:19.10	1040.0	1006.0	0.0	120.0	130.0	141.0	115.0	154.0	130.0	172.0	159.0	115.0	123.0	177.0	99.0	121.0	141.0	162.0	137.0	152.0	135.0	114.0	204.0	145.0	144.0	172.0	163.0	156.0	187.0	145.0	173.0	358.0	284.0	318.0	490.0	352.0	285.0	440.0	357.0	280.0	360.0	312.0	304.0	355.0	367.0	327.0	417.0	344.0	369.0	415.0	411.0	467.0	416.0	339.0	407.0	478.0	341.0	299.0	382.0	415.0	377.0	386.0	344.0	390.0
7	20150910 13:15:19.10	1038.0	1006.0	0.0	152.0	159.0	148.0	142.0	127.0	130.0	120.0	163.0	122.0	85.0	139.0	125.0	228.0	141.0	162.0	137.0	123.0	135.0	176.0	186.0	201.0	140.0	172.0	160.0	147.0	187.0	167.0	172.0	425.0	514.0	550.0	490.0	464.0	442.0	440.0	419.0	419.0	453.0	500.0	393.0	438.0	379.0	339.0	345.0	347.0	369.0	415.0	411.0	451.0	463.0	339.0	407.0	478.0	341.0	266.0	382.0	415.0	377.0	386.0	344.0	390.0
8	20150910 13:15:19.10	1036.0	1006.0	0.0	152.0	159.0	149.0	142.0	117.0	127.0	141.0	163.0	122.0	104.0	139.0	171.0	228.0	135.0	177.0	123.0	204.0	173.0	176.0	186.0	201.0	122.0	111.0	241.0	147.0	164.0	167.0	167.0	470.0	557.0	665.0	549.0	511.0	470.0	403.0	449.0	443.0	479.0	500.0	396.0	438.0	440.0	339.0	323.0	347.0	363.0	370.0	343.0	364.0	463.0	325.0	306.0	430.0	338.0	231.0	368.0	378.0	269.0	246.0	280.0	277.0
9	20150910 13:15:19.10	1034.0	1006.0	0.0	133.0	142.0	149.0	149.0	117.0	113.0	149.0	120.0	110.0	104.0	174.0	171.0	130.0	131.0	177.0	131.0	204.0	177.0	175.0	147.0	170.0	148.0	93.0	241.0	140.0	99.0	211.0	137.0	470.0	557.0	665.0	549.0	511.0	470.0	403.0	449.0	443.0	479.0	454.0	396.0	424.0	440.0	286.0	299.0	267.0	289.0	338.0	317.0	252.0	274.0	262.0	306.0	350.0	302.0	250.0	263.0	301.0	277.0	223.0	280.0	277.0
10	20150911 07:38:12.559	1005.0	1006.0	0.0	88.0	112.0	161.0	171.0	162.0	148.0	146.0	100.0	114.0	115.0	169.0	119.0	129.0	130.0	210.0	173.0	136.0	136.0	127.0	142.0	194.0	89.0	120.0	152.0	138.0	203.0	162.0	156.0	155.0	198.0	207.0	220.0	182.0	145.0	140.0	162.0	171.0	150.0	188.0	130.0	178.0	216.0	178.0	179.0	251.0	300.0	185.0	254.0	157.0	300.0	223.0	363.0	366.0	456.0	278.0	438.0	422.0	348.0	388.0	338.0	307.0
11	20150910 13:15:19.10	1084.0	1003.0	0.0	204.0	144.0	209.0	127.0	203.0	120.0	177.0	136.0	166.0	173.0	173.0	205.0	191.0	183.0	160.0	185.0	173.0	91.0	164.0	168.0	224.0	169.0	171.0	190.0	346.0	386.0	282.0	388.0	793.0	829.0	956.0	941.0	948.0	841.0	887.0	763.0	958.0	941.0	787.0	705.0	711.0	680.0	586.0	717.0	613.0	707.0	739.0	767.0	757.0	722.0	699.0	684.0	713.0	640.0	581.0	630.0	663.0	554.0	573.0	572.0	659.0
12	20150910 13:15:19.10	1082.0	1004.0	0.0	174.0	172.0	209.0	127.0	203.0	201.0	135.0	136.0	170.0	140.0	174.0	205.0	191.0	163.0	167.0	157.0	143.0	170.0	168.0	192.0	163.0	145.0	144.0	190.0	251.0	321.0	282.0	410.0	793.0	813.0	956.0	941.0	948.0	841.0	832.0	730.0	958.0	941.0	787.0	705.0	711.0	680.0	563.0	717.0	613.0	707.0	739.0	767.0	714.0	722.0	699.0	684.0	713.0	640.0	581.0	627.0	663.0	554.0	573.0	572.0	659.0
13	20150910 12:06:21.415	1040.0	1004.0	0.0	121.0	116.0	176.0	147.0	154.0	142.0	155.0	137.0	115.0	120.0	135.0	145.0	153.0	141.0	163.0	119.0	131.0	139.0	112.0	204.0	171.0	144.0	133.0	163.0	111.0	189.0	178.0	250.0	358.0	282.0	330.0	490.0	352.0	304.0	440.0	357.0	281.0	360.0	297.0	304.0	333.0	367.0	327.0	347.0	267.0	369.0	415.0	411.0	390.0	416.0	418.0	425.0	419.0	341.0	319.0	382.0	424.0	377.0	386.0	345.0	390.0
14	20150910 13:15:19.10	1038.0	1004.0	0.0	120.0	116.0	241.0	161.0	136.0	140.0	113.0	161.0	122.0	85.0	139.0	172.0	210.0	204.0	140.0	119.0	117.0	142.0	112.0	162.0	201.0	140.0	133.0	160.0	111.0	189.0	178.0	172.0	371.0	514.0	550.0	492.0	427.0	430.0	450.0	419.0	419.0	443.0	500.0	411.0	391.0	379.0	316.0	347.0	347.0	369.0	415.0	411.0	390.0	463.0	418.0	425.0	430.0	341.0	319.0	382.0	424.0	377.0	386.0	345.0	390.0
15	20150910 13:15:19.10	1036.0	1004.0	0.0	143.0	113.0	241.0	161.0	136.0	166.0	141.0	161.0	122.0	104.0	139.0	172.0	210.0	204.0	177.0	123.0	204.0	173.0	145.0	143.0	201.0	106.0	108.0	160.0	140.0	180.0	167.0	126.0	470.0	557.0	665.0	577.0	511.0	470.0	450.0	419.0	455.0	471.0	500.0	411.0	399.0	440.0	316.0	356.0	347.0	367.0	370.0	370.0	364.0	463.0	363.0	425.0	430.0	303.0	237.0	293.0	405.0	303.0	325.0	280.0	314.0
16	20150910 13:15:19.10	1034.0	1004.0	0.0	143.0	119.0	198.0	116.0	131.0	166.0	174.0	119.0	115.0	120.0	174.0	171.0	130.0	126.0	177.0	131.0	204.0	173.0	145.0	132.0	153.0	95.0	94.0	132.0	140.0	108.0	211.0	102.0	470.0	557.0	665.0	577.0	511.0	470.0	399.0	390.0	455.0	471.0	451.0	396.0	399.0	440.0	286.0	356.0	267.0	296.0	338.0	317.0	337.0	274.0	292.0	370.0	350.0	303.0	250.0	293.0	387.0	277.0	223.0	280.0	277.0
17	20150911 13:27:25.159	1007.0	1004.0	0.0	108.0	153.0	101.0	186.0	153.0	146.0	151.0	130.0	107.0	125.0	169.0	119.0	121.0	135.0	169.0	187.0	138.0	165.0	111.0	118.0	173.0	154.0	120.0	152.0	123.0	164.0	107.0	126.0	167.0	178.0	193.0	242.0	182.0	144.0	217.0	206.0	219.0	203.0	188.0	165.0	155.0	180.0	169.0	224.0	175.0	260.0	247.0	225.0	269.0	316.0	332.0	397.0	567.0	456.0	362.0	568.0	554.0	509.0	535.0	498.0	479.0
18	20150911 08:47:10.46	1004.0	1004.0	0.0	169.0	112.0	90.0	186.0	217.0	127.0	172.0	130.0	118.0	137.0	141.0	100.0	158.0	89.0	141.0	162.0	116.0	117.0	127.0	129.0	173.0	145.0	106.0	152.0	138.0	203.0	162.0	156.0	227.0	183.0	216.0	220.0	184.0	152.0	140.0	217.0	219.0	203.0	210.0	119.0	180.0	180.0	189.0	188.0	218.0	300.0	185.0	254.0	263.0	247.0	285.0	397.0	384.0	399.0	343.0	438.0	509.0	345.0	435.0	369.0	398.0
19	20150910 13:15:19.10	1038.0	1002.0	0.0	105.0	196.0	241.0	161.0	136.0	146.0	160.0	137.0	163.0	177.0	134.0	172.0	163.0	204.0	140.0	166.0	192.0	156.0	130.0	162.0	171.0	160.0	243.0	143.0	120.0	220.0	178.0	152.0	360.0	400.0	485.0	492.0	409.0	349.0	450.0	392.0	360.0	427.0	315.0	411.0	385.0	374.0	315.0	347.0	300.0	393.0	361.0	382.0	364.0	415.0	418.0	425.0	419.0	343.0	379.0	368.0	424.0	390.0	473.0	345.0	415.0
20	20150911 17:01:02.405	1009.0	1002.0	0.0	142.0	127.0	151.0	131.0	141.0	124.0	134.0	106.0	148.0	128.0	197.0	134.0	130.0	127.0	123.0	152.0	162.0	154.0	111.0	98.0	134.0	107.0	145.0	129.0	123.0	183.0	118.0	126.0	182.0	167.0	252.0	242.0	255.0	193.0	217.0	206.0	227.0	243.0	195.0	193.0	225.0	179.0	200.0	253.0	155.0	242.0	247.0	287.0	257.0	280.0	345.0	484.0	568.0	484.0	399.0	568.0	554.0	491.0	581.0	522.0	492.0
21	20150911 11:06:46.459	1005.0	1002.0	0.0	108.0	153.0	132.0	186.0	217.0	104.0	172.0	130.0	118.0	137.0	230.0	119.0	158.0	131.0	169.0	179.0	174.0	185.0	103.0	127.0	143.0	145.0	130.0	117.0	167.0	154.0	135.0	182.0	143.0	216.0	235.0	187.0	277.0	199.0	193.0	229.0	219.0	212.0	192.0	147.0	180.0	187.0	190.0	232.0	182.0	260.0	177.0	317.0	269.0	316.0	308.0	397.0	567.0	419.0	343.0	519.0	578.0	509.0	514.0	464.0	479.0
22	20150910 13:15:19.10	1084.0	1001.0	0.0	204.0	160.0	136.0	127.0	146.0	107.0	177.0	136.0	166.0	173.0	174.0	134.0	143.0	141.0	146.0	185.0	173.0	196.0	164.0	222.0	203.0	173.0	171.0	155.0	351.0	386.0	320.0	388.0	721.0	829.0	956.0	913.0	867.0	841.0	832.0	730.0	680.0	941.0	706.0	675.0	619.0	615.0	586.0	656.0	613.0	707.0	739.0	745.0	714.0	722.0	571.0	684.0	713.0	640.0	535.0	630.0	607.0	497.0	573.0	476.0	659.0
23	20150910 13:15:19.10	1082.0	1001.0	0.0	174.0	133.0	145.0	129.0	136.0	171.0	177.0	136.0	162.0	147.0	174.0	134.0	129.0	176.0	146.0	205.0	106.0	209.0	164.0	153.0	238.0	173.0	171.0	180.0	351.0	413.0	320.0	410.0	721.0	784.0	956.0	913.0	818.0	841.0	832.0	730.0	680.0	941.0	700.0	663.0	619.0	615.0	563.0	613.0	613.0	707.0	739.0	745.0	714.0	722.0	571.0	684.0	713.0	640.0	535.0	630.0	595.0	497.0	573.0	476.0	659.0
24	20150910 06:17:49.506	1038.0	1000.0	0.0	96.0	196.0	152.0	110.0	148.0	146.0	160.0	122.0	163.0	177.0	183.0	145.0	163.0	124.0	130.0	188.0	192.0	156.0	130.0	150.0	156.0	160.0	243.0	143.0	120.0	220.0	163.0	152.0	245.0	294.0	277.0	185.0	266.0	284.0	227.0	265.0	271.0	296.0	287.0	205.0	296.0	227.0	299.0	332.0	300.0	393.0	339.0	291.0	364.0	329.0	297.0	372.0	391.0	343.0	379.0	368.0	347.0	391.0	473.0	323.0	415.0
25	20150911 17:01:02.405	1011.0	1000.0	0.0	142.0	136.0	146.0	156.0	119.0	127.0	100.0	137.0	186.0	99.0	197.0	143.0	139.0	127.0	140.0	159.0	217.0	136.0	116.0	169.0	177.0	135.0	199.0	167.0	153.0	138.0	181.0	152.0	172.0	210.0	272.0	240.0	245.0	171.0	207.0	220.0	227.0	255.0	235.0	149.0	231.0	199.0	192.0	170.0	169.0	225.0	290.0	287.0	257.0	236.0	307.0	412.0	496.0	432.0	358.0	495.0	598.0	510.0	518.0	522.0	496.0
26	20150911 11:06:46.459	1008.0	1000.0	0.0	142.0	157.0	164.0	125.0	141.0	147.0	134.0	118.0	117.0	148.0	230.0	134.0	136.0	135.0	124.0	179.0	217.0	138.0	116.0	98.0	144.0	123.0	199.0	129.0	109.0	172.0	131.0	156.0	222.0	221.0	248.0	215.0	255.0	228.0	193.0	162.0	227.0	255.0	240.0	193.0	225.0	215.0	200.0	226.0	182.0	225.0	237.0	317.0	266.0	280.0	345.0	484.0	568.0	542.0	399.0	510.0	578.0	491.0	581.0	522.0	492.0
27	20150911 11:06:46.459	1006.0	1000.0	0.0	103.0	157.0	164.0	125.0	133.0	125.0	134.0	118.0	159.0	157.0	230.0	119.0	149.0	131.0	124.0	179.0	174.0	185.0	114.0	91.0	143.0	113.0	130.0	109.0	167.0	172.0	131.0	156.0	222.0	248.0	248.0	215.0	277.0	228.0	193.0	229.0	181.0	243.0	240.0	148.0	225.0	215.0	178.0	232.0	213.0	239.0	177.0	317.0	266.0	280.0	345.0	446.0	568.0	542.0	399.0	433.0	578.0	491.0	581.0	487.0	492.0
28	20150912 01:13:48.149	700.0	998.0	0.0	174.0	141.0	121.0	117.0	146.0	80.0	174.0	205.0	146.0	143.0	130.0	120.0	152.0	118.0	165.0	154.0	114.0	158.0	117.0	200.0	146.0	91.0	160.0	145.0	150.0	152.0	146.0	144.0	144.0	114.0	149.0	141.0	144.0	217.0	156.0	153.0	128.0	182.0	193.0	132.0	156.0	186.0	175.0	148.0	209.0	157.0	136.0	187.0	200.0	173.0	191.0	167.0	200.0	216.0	214.0	130.0	126.0	387.0	543.0	478.0	401.0
29	20150912 01:13:48.149	704.0	999.0	0.0	191.0	157.0	163.0	140.0	144.0	128.0	135.0	119.0	121.0	107.0	129.0	122.0	115.0	100.0	136.0	215.0	198.0	172.0	117.0	161.0	138.0	148.0	125.0	148.0	131.0	133.0	153.0	117.0	171.0	89.0	151.0	185.0	163.0	130.0	182.0	118.0	225.0	177.0	125.0	162.0	106.0	174.0	120.0	180.0	185.0	128.0	168.0	165.0	166.0	208.0	144.0	102.0	169.0	154.0	156.0	148.0	163.0	390.0	415.0	404.0	478.0
30	20150911 18:11:26.505	1012.0	998.0	0.0	131.0	115.0	156.0	136.0	125.0	136.0	103.0	105.0	148.0	100.0	112.0	163.0	138.0	168.0	140.0	168.0	127.0	177.0	114.0	169.0	177.0	135.0	154.0	107.0	113.0	166.0	181.0	107.0	223.0	210.0	272.0	233.0	200.0	171.0	219.0	138.0	249.0	204.0	235.0	207.0	231.0	183.0	163.0	165.0	174.0	214.0	182.0	265.0	245.0	226.0	231.0	412.0	496.0	406.0	330.0	495.0	598.0	510.0	512.0	487.0	496.0
31	20150911 17:01:02.405	1009.0	998.0	0.0	101.0	157.0	164.0	136.0	112.0	147.0	92.0	152.0	134.0	148.0	159.0	163.0	137.0	135.0	140.0	138.0	217.0	162.0	137.0	120.0	149.0	135.0	199.0	114.0	113.0	216.0	151.0	108.0	223.0	179.0	272.0	202.0	213.0	213.0	235.0	157.0	194.0	255.0	240.0	132.0	244.0	215.0	194.0	192.0	193.0	225.0	184.0	293.0	266.0	219.0	307.0	465.0	496.0	542.0	363.0	510.0	598.0	510.0	515.0	464.0	496.0
32	20150911 11:06:46.459	1007.0	998.0	0.0	137.0	157.0	164.0	131.0	80.0	147.0	92.0	118.0	159.0	157.0	148.0	137.0	149.0	135.0	123.0	134.0	153.0	182.0	141.0	120.0	149.0	123.0	117.0	122.0	109.0	216.0	131.0	132.0	222.0	221.0	248.0	215.0	213.0	228.0	235.0	222.0	192.0	237.0	240.0	184.0	244.0	215.0	194.0	226.0	213.0	216.0	142.0	293.0	266.0	220.0	336.0	465.0	477.0	542.0	363.0	510.0	523.0	382.0	505.0	457.0	472.0
33	20150912 01:13:48.149	702.0	997.0	0.0	123.0	141.0	123.0	117.0	108.0	146.0	174.0	100.0	143.0	143.0	130.0	126.0	150.0	95.0	119.0	215.0	198.0	158.0	115.0	161.0	129.0	102.0	160.0	148.0	152.0	168.0	153.0	168.0	163.0	166.0	171.0	112.0	122.0	217.0	190.0	153.0	225.0	187.0	191.0	132.0	156.0	105.0	130.0	148.0	212.0	128.0	146.0	178.0	185.0	173.0	164.0	131.0	156.0	149.0	204.0	123.0	126.0	390.0	543.0	478.0	401.0
34	20150909 16:13:32.693	1010.0	996.0	0.0	107.0	114.0	160.0	136.0	125.0	134.0	139.0	152.0	109.0	171.0	287.0	193.0	140.0	168.0	140.0	168.0	127.0	162.0	137.0	114.0	221.0	152.0	132.0	137.0	152.0	216.0	151.0	148.0	223.0	179.0	229.0	216.0	188.0	179.0	218.0	199.0	249.0	194.0	210.0	136.0	148.0	151.0	163.0	192.0	167.0	216.0	172.0	206.0	228.0	196.0	255.0	370.0	438.0	406.0	357.0	440.0	481.0	392.0	416.0	457.0	406.0
35	20150910 15:33:20.843	804.0	994.0	0.0	151.0	126.0	146.0	162.0	225.0	183.0	172.0	159.0	173.0	193.0	207.0	200.0	142.0	178.0	181.0	162.0	162.0	149.0	153.0	196.0	226.0	178.0	185.0	233.0	164.0	267.0	265.0	294.0	290.0	272.0	676.0	656.0	593.0	593.0	623.0	520.0	543.0	625.0	582.0	470.0	592.0	546.0	449.0	489.0	475.0	540.0	517.0	536.0	551.0	527.0	505.0	609.0	555.0	638.0	434.0	541.0	556.0	474.0	469.0	468.0	492.0
36	20150912 01:13:48.149	700.0	996.0	0.0	123.0	116.0	121.0	80.0	146.0	146.0	174.0	148.0	157.0	143.0	181.0	114.0	150.0	118.0	165.0	135.0	136.0	174.0	117.0	134.0	114.0	96.0	160.0	145.0	152.0	168.0	154.0	144.0	147.0	95.0	149.0	116.0	144.0	217.0	126.0	153.0	128.0	187.0	193.0	132.0	156.0	169.0	175.0	148.0	209.0	157.0	136.0	187.0	200.0	140.0	164.0	135.0	200.0	149.0	190.0	168.0	123.0	387.0	459.0	406.0	401.0
37	20150910 15:33:20.843	801.0	994.0	0.0	162.0	149.0	139.0	162.0	183.0	192.0	146.0	148.0	193.0	193.0	207.0	166.0	120.0	227.0	181.0	146.0	217.0	164.0	185.0	161.0	195.0	172.0	171.0	184.0	157.0	189.0	201.0	235.0	246.0	248.0	602.0	541.0	593.0	499.0	503.0	447.0	407.0	534.0	491.0	451.0	472.0	461.0	362.0	444.0	351.0	511.0	471.0	479.0	417.0	427.0	453.0	510.0	433.0	488.0	330.0	379.0	546.0	338.0	414.0	321.0	383.0
38	20150909 16:13:32.693	698.0	994.0	0.0	150.0	116.0	110.0	171.0	152.0	174.0	151.0	136.0	157.0	139.0	203.0	119.0	134.0	103.0	158.0	177.0	156.0	174.0	149.0	134.0	203.0	165.0	109.0	147.0	129.0	144.0	154.0	108.0	147.0	92.0	166.0	167.0	103.0	129.0	135.0	114.0	128.0	124.0	130.0	106.0	160.0	169.0	147.0	142.0	160.0	165.0	170.0	156.0	196.0	134.0	134.0	160.0	163.0	181.0	190.0	164.0	150.0	377.0	351.0	355.0	385.0
39	20150910 15:33:20.843	806.0	991.0	0.0	174.0	149.0	221.0	157.0	134.0	171.0	149.0	201.0	140.0	150.0	173.0	200.0	162.0	122.0	141.0	173.0	166.0	177.0	174.0	186.0	226.0	231.0	205.0	218.0	177.0	230.0	250.0	232.0	253.0	250.0	627.0	545.0	589.0	593.0	623.0	548.0	607.0	638.0	555.0	511.0	576.0	531.0	485.0	523.0	533.0	456.0	518.0	618.0	579.0	604.0	505.0	566.0	560.0	638.0	393.0	537.0	583.0	500.0	524.0	493.0	448.0
40	20150910 15:33:20.843	804.0	991.0	0.0	174.0	204.0	153.0	157.0	115.0	171.0	177.0	144.0	140.0	193.0	148.0	200.0	136.0	216.0	181.0	124.0	162.0	159.0	146.0	196.0	226.0	178.0	185.0	218.0	137.0	207.0	232.0	226.0	253.0	243.0	554.0	508.0	591.0	593.0	623.0	548.0	517.0	625.0	550.0	500.0	564.0	531.0	485.0	485.0	475.0	511.0	518.0	551.0	551.0	532.0	505.0	566.0	544.0	638.0	400.0	537.0	583.0	500.0	524.0	493.0	448.0
41	20150910 15:33:20.843	809.0	988.0	0.0	198.0	178.0	179.0	176.0	202.0	161.0	180.0	149.0	179.0	153.0	157.0	250.0	156.0	185.0	155.0	204.0	217.0	123.0	230.0	163.0	232.0	191.0	168.0	176.0	227.0	258.0	250.0	197.0	269.0	323.0	718.0	648.0	676.0	603.0	596.0	581.0	626.0	670.0	656.0	553.0	532.0	591.0	438.0	523.0	509.0	667.0	560.0	670.0	592.0	772.0	568.0	593.0	659.0	478.0	527.0	490.0	635.0	448.0	516.0	477.0	476.0
42	20150910 15:33:20.843	807.0	986.0	0.0	181.0	181.0	179.0	178.0	224.0	167.0	141.0	144.0	171.0	150.0	191.0	213.0	159.0	151.0	192.0	253.0	223.0	143.0	175.0	166.0	245.0	178.0	157.0	191.0	227.0	258.0	250.0	198.0	269.0	269.0	669.0	663.0	624.0	556.0	588.0	574.0	626.0	634.0	656.0	553.0	525.0	537.0	435.0	485.0	509.0	667.0	560.0	581.0	498.0	687.0	559.0	591.0	659.0	473.0	527.0	486.0	596.0	388.0	484.0	492.0	488.0
43	20150910 15:33:20.843	811.0	986.0	0.0	153.0	178.0	153.0	141.0	196.0	184.0	150.0	162.0	179.0	228.0	171.0	250.0	156.0	189.0	220.0	182.0	156.0	153.0	214.0	146.0	232.0	191.0	137.0	184.0	200.0	226.0	225.0	211.0	278.0	305.0	718.0	609.0	628.0	603.0	596.0	541.0	605.0	670.0	640.0	537.0	570.0	491.0	438.0	637.0	548.0	600.0	555.0	670.0	517.0	772.0	553.0	593.0	638.0	571.0	434.0	529.0	573.0	444.0	523.0	483.0	481.0
44	20150910 15:33:20.843	812.0	984.0	0.0	153.0	182.0	167.0	182.0	172.0	229.0	150.0	170.0	172.0	228.0	171.0	172.0	161.0	189.0	209.0	223.0	172.0	154.0	214.0	150.0	211.0	207.0	169.0	234.0	210.0	226.0	225.0	166.0	262.0	305.0	671.0	586.0	589.0	598.0	552.0	541.0	508.0	590.0	583.0	466.0	570.0	554.0	425.0	486.0	548.0	533.0	501.0	581.0	464.0	553.0	484.0	568.0	492.0	571.0	434.0	496.0	560.0	426.0	490.0	396.0	481.0
45	20150910 09:48:16.760	810.0	983.0	0.0	146.0	182.0	194.0	169.0	172.0	203.0	150.0	130.0	172.0	126.0	134.0	172.0	173.0	202.0	209.0	223.0	171.0	198.0	214.0	171.0	193.0	158.0	147.0	184.0	210.0	344.0	225.0	178.0	282.0	305.0	588.0	619.0	544.0	490.0	552.0	541.0	600.0	590.0	561.0	473.0	498.0	554.0	376.0	436.0	414.0	466.0	501.0	581.0	450.0	462.0	484.0	543.0	530.0	421.0	368.0	511.0	492.0	367.0	484.0	483.0	390.0
46	20150910 09:48:16.760	812.0	981.0	0.0	137.0	182.0	173.0	232.0	172.0	203.0	156.0	163.0	167.0	147.0	199.0	145.0	173.0	154.0	209.0	223.0	185.0	256.0	217.0	151.0	193.0	207.0	162.0	184.0	191.0	344.0	222.0	211.0	262.0	286.0	498.0	531.0	497.0	402.0	486.0	358.0	341.0	472.0	422.0	426.0	329.0	441.0	303.0	422.0	306.0	466.0	382.0	411.0	374.0	375.0	415.0	422.0	372.0	394.0	361.0	380.0	400.0	307.0	366.0	441.0	376.0
47	20150910 19:00:26.589	1325.0	966.0	0.0	228.0	272.0	180.0	198.0	213.0	205.0	184.0	124.0	182.0	172.0	150.0	152.0	156.0	165.0	207.0	156.0	133.0	183.0	197.0	163.0	207.0	194.0	173.0	192.0	213.0	228.0	222.0	188.0	224.0	253.0	252.0	286.0	275.0	410.0	485.0	478.0	562.0	568.0	535.0	522.0	625.0	506.0	446.0	562.0	495.0	539.0	503.0	534.0	453.0	546.0	494.0	540.0	614.0	430.0	442.0	500.0	611.0	411.0	565.0	492.0	530.0
48	20150911 20:32:06.980	1045.0	964.0	0.0	159.0	188.0	191.0	179.0	176.0	140.0	178.0	144.0	178.0	163.0	184.0	268.0	191.0	188.0	155.0	157.0	244.0	218.0	167.0	164.0	223.0	176.0	167.0	219.0	155.0	167.0	265.0	121.0	183.0	186.0	203.0	160.0	174.0	175.0	243.0	208.0	186.0	137.0	199.0	166.0	238.0	235.0	221.0	217.0	197.0	216.0	224.0	272.0	224.0	226.0	273.0	271.0	274.0	316.0	211.0	300.0	278.0	337.0	307.0	405.0	623.0
49	20150910 19:00:26.589	1326.0	964.0	0.0	129.0	272.0	180.0	206.0	213.0	194.0	212.0	133.0	160.0	169.0	165.0	148.0	169.0	128.0	207.0	161.0	171.0	183.0	197.0	174.0	199.0	199.0	191.0	192.0	211.0	228.0	222.0	188.0	224.0	253.0	265.0	286.0	275.0	448.0	485.0	489.0	556.0	568.0	586.0	515.0	625.0	585.0	425.0	549.0	495.0	600.0	503.0	534.0	515.0	518.0	507.0	540.0	614.0	444.0	442.0	500.0	573.0	475.0	565.0	479.0	530.0
50	20150910 19:00:26.589	1323.0	964.0	0.0	184.0	272.0	192.0	203.0	213.0	205.0	184.0	124.0	160.0	175.0	150.0	171.0	169.0	157.0	167.0	200.0	171.0	177.0	186.0	181.0	239.0	190.0	139.0	205.0	140.0	179.0	172.0	191.0	224.0	253.0	219.0	286.0	253.0	448.0	485.0	467.0	524.0	555.0	586.0	468.0	625.0	494.0	398.0	549.0	454.0	582.0	488.0	505.0	515.0	518.0	507.0	540.0	555.0	402.0	442.0	500.0	511.0	411.0	561.0	492.0	530.0
51	20150910 19:00:26.589	1327.0	962.0	0.0	112.0	218.0	223.0	206.0	155.0	194.0	238.0	141.0	162.0	213.0	234.0	144.0	144.0	135.0	207.0	161.0	244.0	191.0	253.0	174.0	252.0	203.0	191.0	186.0	211.0	227.0	156.0	197.0	222.0	244.0	265.0	238.0	282.0	343.0	427.0	492.0	556.0	577.0	581.0	515.0	550.0	585.0	425.0	514.0	452.0	600.0	498.0	503.0	478.0	467.0	537.0	519.0	511.0	444.0	388.0	472.0	573.0	475.0	560.0	555.0	525.0
52	20150910 19:00:26.589	1324.0	962.0	0.0	182.0	194.0	238.0	206.0	175.0	194.0	184.0	117.0	124.0	135.0	234.0	147.0	169.0	151.0	159.0	200.0	171.0	181.0	186.0	128.0	151.0	203.0	161.0	205.0	149.0	198.0	196.0	186.0	223.0	238.0	261.0	233.0	240.0	448.0	427.0	462.0	548.0	555.0	586.0	500.0	550.0	585.0	425.0	549.0	429.0	600.0	495.0	505.0	515.0	433.0	507.0	463.0	555.0	444.0	388.0	477.0	482.0	475.0	560.0	441.0	525.0
53	20150912 00:03:22.251	1048.0	962.0	0.0	158.0	151.0	246.0	172.0	179.0	169.0	145.0	133.0	145.0	191.0	211.0	155.0	207.0	261.0	168.0	224.0	265.0	191.0	163.0	164.0	201.0	161.0	147.0	186.0	140.0	207.0	209.0	176.0	192.0	183.0	172.0	221.0	191.0	187.0	243.0	162.0	200.0	219.0	235.0	209.0	281.0	260.0	257.0	277.0	250.0	265.0	246.0	286.0	269.0	320.0	276.0	344.0	367.0	343.0	226.0	382.0	393.0	414.0	488.0	467.0	779.0
54	20150911 18:11:26.505	1052.0	961.0	0.0	146.0	123.0	152.0	158.0	223.0	171.0	282.0	171.0	163.0	134.0	209.0	169.0	161.0	221.0	185.0	175.0	185.0	234.0	202.0	202.0	200.0	139.0	165.0	170.0	134.0	182.0	193.0	189.0	270.0	184.0	164.0	222.0	153.0	172.0	247.0	214.0	247.0	266.0	300.0	252.0	246.0	259.0	251.0	299.0	315.0	377.0	357.0	353.0	310.0	309.0	343.0	436.0	459.0	357.0	258.0	345.0	413.0	385.0	598.0	661.0	809.0
55	20150910 19:00:26.589	1328.0	960.0	0.0	135.0	218.0	176.0	139.0	182.0	131.0	238.0	141.0	205.0	213.0	167.0	126.0	159.0	204.0	207.0	160.0	244.0	191.0	253.0	152.0	252.0	203.0	198.0	238.0	210.0	232.0	191.0	218.0	249.0	297.0	262.0	247.0	282.0	343.0	411.0	492.0	448.0	577.0	545.0	445.0	487.0	522.0	367.0	514.0	452.0	595.0	477.0	486.0	460.0	467.0	537.0	519.0	433.0	390.0	345.0	472.0	459.0	417.0	542.0	555.0	432.0
56	20150910 20:09:19.395	1325.0	960.0	0.0	188.0	194.0	238.0	197.0	182.0	131.0	178.0	126.0	205.0	135.0	234.0	125.0	153.0	138.0	207.0	152.0	199.0	191.0	137.0	150.0	154.0	203.0	195.0	186.0	161.0	232.0	200.0	174.0	204.0	251.0	266.0	217.0	282.0	278.0	378.0	492.0	512.0	577.0	490.0	419.0	458.0	522.0	398.0	472.0	391.0	581.0	495.0	503.0	439.0	447.0	537.0	463.0	431.0	404.0	345.0	450.0	446.0	443.0	560.0	441.0	419.0
57	20150912 01:13:48.149	1304.0	960.0	0.0	151.0	153.0	168.0	172.0	140.0	93.0	164.0	108.0	121.0	114.0	190.0	117.0	111.0	174.0	114.0	110.0	187.0	121.0	118.0	166.0	162.0	146.0	125.0	139.0	124.0	134.0	133.0	130.0	126.0	166.0	146.0	156.0	113.0	145.0	160.0	144.0	159.0	139.0	217.0	167.0	170.0	230.0	168.0	195.0	200.0	208.0	142.0	141.0	123.0	191.0	154.0	161.0	135.0	163.0	178.0	132.0	133.0	471.0	453.0	471.0	540.0
58	20150911 18:11:26.505	1050.0	960.0	0.0	146.0	210.0	189.0	172.0	223.0	171.0	138.0	143.0	164.0	191.0	211.0	169.0	161.0	211.0	175.0	175.0	171.0	234.0	166.0	165.0	200.0	162.0	165.0	186.0	131.0	207.0	209.0	183.0	270.0	214.0	206.0	221.0	191.0	172.0	247.0	174.0	245.0	239.0	300.0	237.0	246.0	314.0	251.0	299.0	220.0	377.0	323.0	325.0	310.0	273.0	343.0	436.0	459.0	357.0	251.0	313.0	413.0	414.0	598.0	661.0	809.0
59	20150909 11:31:43.661	1329.0	958.0	0.0	184.0	209.0	172.0	154.0	174.0	116.0	249.0	145.0	197.0	150.0	167.0	126.0	159.0	204.0	174.0	174.0	176.0	171.0	177.0	177.0	214.0	198.0	198.0	238.0	164.0	181.0	191.0	215.0	249.0	297.0	262.0	247.0	206.0	274.0	418.0	415.0	411.0	458.0	460.0	403.0	421.0	392.0	307.0	458.0	397.0	459.0	443.0	441.0	424.0	384.0	346.0	433.0	433.0	390.0	296.0	348.0	458.0	370.0	392.0	405.0	423.0
60	20150910 19:00:26.589	1326.0	958.0	0.0	214.0	193.0	188.0	220.0	182.0	131.0	178.0	145.0	205.0	114.0	152.0	126.0	159.0	160.0	161.0	174.0	215.0	154.0	177.0	198.0	214.0	198.0	198.0	238.0	146.0	232.0	200.0	143.0	249.0	251.0	266.0	247.0	204.0	278.0	418.0	432.0	405.0	385.0	429.0	403.0	458.0	522.0	306.0	407.0	397.0	534.0	470.0	441.0	424.0	384.0	359.0	433.0	405.0	390.0	292.0	341.0	458.0	406.0	392.0	382.0	423.0
61	20150912 01:13:48.149	1307.0	958.0	0.0	94.0	181.0	130.0	115.0	137.0	132.0	179.0	139.0	126.0	169.0	190.0	143.0	177.0	179.0	124.0	126.0	175.0	129.0	156.0	153.0	174.0	116.0	149.0	225.0	162.0	143.0	190.0	202.0	148.0	126.0	148.0	151.0	132.0	121.0	177.0	178.0	166.0	165.0	179.0	159.0	190.0	224.0	168.0	157.0	144.0	214.0	150.0	175.0	218.0	135.0	188.0	114.0	138.0	141.0	133.0	200.0	147.0	542.0	534.0	539.0	527.0
62	20150912 01:13:48.149	1305.0	958.0	0.0	152.0	181.0	113.0	115.0	125.0	150.0	153.0	139.0	88.0	117.0	190.0	117.0	133.0	179.0	124.0	115.0	134.0	121.0	190.0	153.0	174.0	98.0	149.0	127.0	162.0	100.0	190.0	149.0	132.0	166.0	126.0	151.0	132.0	141.0	132.0	118.0	166.0	165.0	169.0	159.0	187.0	184.0	168.0	157.0	165.0	214.0	150.0	141.0	206.0	191.0	204.0	117.0	152.0	136.0	124.0	200.0	147.0	556.0	488.0	539.0	542.0
63	20150912 01:13:48.149	1302.0	958.0	0.0	152.0	141.0	170.0	99.0	125.0	84.0	132.0	107.0	127.0	105.0	123.0	113.0	113.0	166.0	127.0	110.0	134.0	145.0	190.0	204.0	162.0	153.0	143.0	207.0	125.0	134.0	141.0	128.0	126.0	97.0	137.0	143.0	131.0	145.0	112.0	209.0	133.0	125.0	107.0	144.0	133.0	156.0	116.0	199.0	170.0	101.0	120.0	188.0	150.0	191.0	204.0	127.0	152.0	132.0	171.0	132.0	167.0	491.0	424.0	485.0	512.0
64	20150911 22:52:58.863	1054.0	958.0	0.0	165.0	150.0	242.0	190.0	213.0	158.0	143.0	171.0	189.0	158.0	127.0	152.0	168.0	169.0	183.0	204.0	178.0	227.0	202.0	209.0	216.0	178.0	153.0	164.0	124.0	199.0	177.0	189.0	165.0	242.0	175.0	205.0	140.0	187.0	241.0	205.0	230.0	266.0	233.0	260.0	229.0	231.0	232.0	303.0	315.0	322.0	312.0	294.0	256.0	288.0	278.0	346.0	335.0	303.0	258.0	393.0	390.0	385.0	503.0	541.0	705.0
65	20150911 19:21:39.353	1051.0	958.0	0.0	146.0	210.0	223.0	175.0	213.0	172.0	130.0	139.0	189.0	175.0	209.0	127.0	166.0	211.0	154.0	173.0	178.0	227.0	166.0	179.0	152.0	162.0	156.0	184.0	131.0	189.0	164.0	183.0	270.0	162.0	175.0	203.0	165.0	163.0	212.0	188.0	219.0	239.0	193.0	237.0	237.0	314.0	206.0	299.0	217.0	322.0	258.0	325.0	310.0	288.0	343.0	377.0	443.0	357.0	251.0	393.0	413.0	385.0	598.0	582.0	809.0
66	20150912 01:13:48.149	1309.0	956.0	0.0	128.0	107.0	144.0	154.0	144.0	127.0	137.0	86.0	159.0	169.0	169.0	165.0	168.0	179.0	108.0	132.0	139.0	113.0	132.0	185.0	218.0	116.0	146.0	113.0	154.0	149.0	145.0	202.0	146.0	156.0	151.0	144.0	110.0	174.0	177.0	178.0	131.0	189.0	179.0	125.0	134.0	209.0	148.0	234.0	159.0	172.0	133.0	175.0	218.0	165.0	188.0	124.0	175.0	150.0	131.0	171.0	132.0	542.0	556.0	443.0	491.0
67	20150912 01:13:48.149	1307.0	956.0	0.0	128.0	181.0	167.0	120.0	68.0	107.0	137.0	139.0	95.0	169.0	96.0	143.0	168.0	179.0	113.0	132.0	131.0	113.0	156.0	185.0	174.0	128.0	149.0	113.0	162.0	143.0	190.0	202.0	132.0	131.0	124.0	151.0	100.0	121.0	177.0	178.0	166.0	126.0	179.0	119.0	143.0	197.0	155.0	185.0	130.0	214.0	143.0	175.0	218.0	141.0	188.0	126.0	138.0	169.0	123.0	200.0	181.0	542.0	556.0	539.0	527.0
68	20150912 01:13:48.149	1304.0	956.0	0.0	152.0	132.0	116.0	110.0	125.0	150.0	153.0	70.0	108.0	105.0	201.0	113.0	163.0	195.0	145.0	167.0	134.0	145.0	190.0	163.0	174.0	128.0	143.0	152.0	117.0	135.0	190.0	108.0	132.0	138.0	141.0	151.0	132.0	144.0	182.0	115.0	169.0	126.0	169.0	137.0	133.0	147.0	114.0	171.0	130.0	214.0	148.0	188.0	210.0	123.0	204.0	145.0	152.0	153.0	171.0	200.0	181.0	556.0	488.0	526.0	542.0
69	20150911 22:52:58.863	1055.0	956.0	0.0	165.0	132.0	242.0	190.0	181.0	158.0	143.0	171.0	168.0	164.0	176.0	149.0	174.0	137.0	182.0	214.0	291.0	190.0	157.0	155.0	182.0	202.0	189.0	166.0	144.0	120.0	177.0	128.0	146.0	208.0	174.0	205.0	176.0	149.0	241.0	205.0	207.0	264.0	255.0	199.0	208.0	226.0	232.0	227.0	211.0	217.0	232.0	281.0	233.0	246.0	220.0	292.0	287.0	286.0	255.0	325.0	344.0	348.0	445.0	453.0	610.0
70	20150912 02:24:15.332	1052.0	956.0	0.0	143.0	178.0	242.0	175.0	202.0	184.0	184.0	171.0	189.0	175.0	149.0	148.0	201.0	174.0	182.0	182.0	178.0	149.0	157.0	179.0	148.0	202.0	189.0	209.0	152.0	129.0	164.0	165.0	201.0	208.0	138.0	160.0	176.0	132.0	241.0	160.0	207.0	143.0	193.0	199.0	162.0	253.0	202.0	199.0	183.0	240.0	242.0	276.0	208.0	271.0	293.0	292.0	314.0	309.0	238.0	325.0	344.0	315.0	445.0	406.0	705.0
71	20150912 01:13:48.149	1308.0	954.0	0.0	128.0	120.0	167.0	120.0	184.0	107.0	146.0	96.0	159.0	132.0	107.0	161.0	209.0	179.0	108.0	135.0	161.0	156.0	134.0	185.0	135.0	115.0	146.0	176.0	179.0	149.0	174.0	127.0	101.0	131.0	151.0	144.0	95.0	201.0	151.0	204.0	131.0	166.0	179.0	123.0	161.0	197.0	155.0	185.0	178.0	152.0	130.0	150.0	174.0	142.0	136.0	131.0	175.0	169.0	134.0	162.0	152.0	419.0	556.0	465.0	522.0
72	20150912 01:13:48.149	1306.0	954.0	0.0	128.0	111.0	167.0	120.0	159.0	127.0	115.0	96.0	142.0	125.0	201.0	161.0	163.0	159.0	117.0	156.0	119.0	113.0	134.0	163.0	150.0	128.0	100.0	176.0	154.0	135.0	174.0	110.0	101.0	131.0	174.0	129.0	136.0	185.0	182.0	138.0	169.0	109.0	179.0	137.0	161.0	147.0	186.0	172.0	178.0	152.0	148.0	147.0	159.0	142.0	136.0	224.0	171.0	175.0	172.0	162.0	196.0	419.0	556.0	462.0	522.0
73	20150912 01:13:48.149	1303.0	954.0	0.0	126.0	111.0	162.0	75.0	114.0	127.0	94.0	151.0	142.0	135.0	201.0	104.0	144.0	195.0	152.0	167.0	119.0	95.0	116.0	135.0	163.0	98.0	115.0	152.0	141.0	135.0	135.0	146.0	132.0	146.0	174.0	129.0	96.0	144.0	182.0	137.0	169.0	95.0	130.0	137.0	128.0	152.0	186.0	174.0	136.0	149.0	148.0	168.0	210.0	106.0	187.0	149.0	132.0	157.0	172.0	102.0	132.0	465.0	482.0	407.0	450.0
74	20150911 18:11:26.505	1305.0	952.0	0.0	113.0	108.0	214.0	142.0	114.0	148.0	115.0	127.0	142.0	120.0	151.0	104.0	120.0	159.0	147.0	117.0	119.0	170.0	108.0	127.0	150.0	101.0	85.0	157.0	120.0	119.0	174.0	127.0	184.0	146.0	174.0	129.0	136.0	143.0	133.0	137.0	172.0	111.0	150.0	199.0	161.0	198.0	186.0	172.0	193.0	134.0	137.0	143.0	129.0	163.0	187.0	224.0	171.0	175.0	192.0	150.0	196.0	352.0	422.0	430.0	430.0
75	20150910 09:48:16.760	1365.0	928.0	0.0	114.0	185.0	135.0	163.0	153.0	152.0	230.0	133.0	229.0	192.0	147.0	126.0	120.0	241.0	169.0	184.0	173.0	159.0	200.0	145.0	180.0	170.0	168.0	184.0	185.0	287.0	275.0	363.0	427.0	506.0	561.0	401.0	459.0	438.0	398.0	445.0	394.0	454.0	478.0	410.0	484.0	443.0	156.0	164.0	172.0	153.0	119.0	128.0	145.0	129.0	138.0	109.0	113.0	131.0	129.0	110.0	122.0	166.0	155.0	148.0	101.0
76	20150910 09:48:16.760	1367.0	928.0	0.0	123.0	155.0	135.0	99.0	169.0	152.0	230.0	127.0	156.0	182.0	147.0	167.0	143.0	241.0	107.0	143.0	183.0	167.0	156.0	145.0	171.0	177.0	187.0	184.0	179.0	287.0	275.0	363.0	427.0	506.0	561.0	401.0	481.0	438.0	398.0	445.0	470.0	510.0	482.0	410.0	484.0	486.0	156.0	125.0	147.0	140.0	119.0	143.0	163.0	130.0	138.0	144.0	182.0	238.0	122.0	110.0	155.0	166.0	155.0	104.0	155.0
77	20150910 09:48:16.760	1367.0	925.0	0.0	115.0	151.0	118.0	140.0	186.0	174.0	230.0	160.0	188.0	150.0	147.0	167.0	110.0	241.0	157.0	134.0	141.0	207.0	162.0	145.0	170.0	177.0	168.0	151.0	177.0	270.0	260.0	302.0	427.0	412.0	532.0	401.0	481.0	406.0	375.0	356.0	376.0	421.0	482.0	396.0	426.0	486.0	156.0	163.0	142.0	174.0	93.0	124.0	127.0	151.0	138.0	158.0	182.0	153.0	112.0	160.0	178.0	166.0	117.0	124.0	136.0
78	20150911 21:42:33.773	1084.0	923.0	87.0	116.0	133.0	155.0	154.0	185.0	155.0	188.0	126.0	142.0	133.0	195.0	122.0	130.0	125.0	194.0	99.0	153.0	172.0	194.0	183.0	199.0	154.0	160.0	160.0	113.0	107.0	154.0	140.0	147.0	147.0	169.0	144.0	174.0	175.0	167.0	178.0	113.0	172.0	182.0	137.0	139.0	181.0	105.0	119.0	107.0	131.0	115.0	155.0	135.0	200.0	123.0	158.0	107.0	132.0	250.0	154.0	170.0	386.0	332.0	334.0	332.0
79	20150911 05:20:25.642	1377.0	920.0	131.0	88.0	134.0	135.0	145.0	111.0	77.0	127.0	125.0	186.0	171.0	138.0	110.0	89.0	110.0	186.0	139.0	181.0	150.0	125.0	132.0	129.0	91.0	177.0	167.0	126.0	139.0	173.0	157.0	175.0	205.0	186.0	134.0	99.0	146.0	158.0	147.0	132.0	118.0	112.0	149.0	149.0	198.0	349.0	406.0	322.0	415.0	268.0	381.0	318.0	296.0	327.0	402.0	405.0	331.0	186.0	328.0	404.0	159.0	141.0	177.0	196.0
80	20150911 05:20:25.642	1375.0	920.0	177.0	88.0	134.0	139.0	145.0	131.0	161.0	103.0	129.0	144.0	171.0	106.0	101.0	101.0	127.0	186.0	139.0	181.0	137.0	125.0	132.0	144.0	112.0	177.0	167.0	156.0	168.0	173.0	145.0	120.0	163.0	208.0	184.0	115.0	146.0	139.0	106.0	138.0	149.0	138.0	145.0	121.0	168.0	349.0	406.0	295.0	415.0	268.0	330.0	273.0	274.0	278.0	402.0	382.0	271.0	205.0	328.0	404.0	159.0	141.0	164.0	165.0
81	20150911 05:20:25.642	1379.0	918.0	116.0	111.0	128.0	82.0	157.0	115.0	116.0	137.0	151.0	186.0	135.0	128.0	172.0	106.0	97.0	93.0	151.0	124.0	160.0	165.0	109.0	171.0	191.0	140.0	148.0	89.0	218.0	123.0	206.0	143.0	168.0	190.0	164.0	110.0	166.0	175.0	147.0	145.0	151.0	116.0	142.0	164.0	198.0	262.0	360.0	322.0	381.0	253.0	381.0	318.0	276.0	327.0	364.0	405.0	423.0	186.0	309.0	394.0	139.0	136.0	177.0	196.0
82	20150911 05:20:25.642	1377.0	918.0	104.0	91.0	134.0	135.0	145.0	106.0	185.0	127.0	143.0	186.0	171.0	128.0	140.0	109.0	110.0	104.0	145.0	181.0	163.0	126.0	132.0	113.0	191.0	177.0	148.0	175.0	218.0	173.0	206.0	85.0	186.0	190.0	132.0	129.0	166.0	158.0	147.0	118.0	185.0	116.0	155.0	127.0	198.0	349.0	360.0	322.0	381.0	297.0	381.0	318.0	322.0	327.0	402.0	405.0	423.0	284.0	328.0	404.0	159.0	141.0	177.0	196.0
83	20150911 05:20:25.642	1375.0	918.0	104.0	73.0	134.0	135.0	145.0	129.0	185.0	117.0	142.0	144.0	171.0	105.0	110.0	121.0	127.0	104.0	143.0	181.0	163.0	125.0	132.0	144.0	155.0	177.0	137.0	175.0	132.0	200.0	164.0	141.0	186.0	175.0	184.0	129.0	146.0	140.0	114.0	138.0	185.0	137.0	155.0	142.0	148.0	349.0	335.0	295.0	375.0	297.0	330.0	305.0	322.0	289.0	402.0	382.0	271.0	284.0	328.0	404.0	159.0	141.0	164.0	122.0
84	20150910 14:24:18.44	886.0	917.0	94.0	170.0	156.0	162.0	148.0	190.0	227.0	160.0	116.0	191.0	107.0	169.0	132.0	124.0	145.0	129.0	102.0	192.0	214.0	159.0	150.0	184.0	158.0	130.0	159.0	164.0	168.0	151.0	203.0	232.0	321.0	367.0	398.0	377.0	382.0	382.0	330.0	335.0	387.0	340.0	331.0	386.0	367.0	288.0	287.0	222.0	354.0	306.0	329.0	270.0	276.0	266.0	333.0	453.0	283.0	246.0	245.0	326.0	232.0	257.0	296.0	329.0
85	20150911 05:20:25.642	1377.0	915.0	106.0	109.0	117.0	133.0	156.0	220.0	139.0	112.0	143.0	187.0	165.0	193.0	140.0	105.0	157.0	135.0	143.0	242.0	177.0	121.0	102.0	144.0	101.0	127.0	148.0	175.0	184.0	165.0	182.0	133.0	118.0	140.0	166.0	129.0	166.0	215.0	162.0	152.0	181.0	156.0	155.0	165.0	171.0	283.0	328.0	291.0	368.0	225.0	299.0	305.0	242.0	248.0	303.0	345.0	286.0	201.0	278.0	336.0	138.0	206.0	152.0	178.0
86	20150910 14:24:18.44	887.0	914.0	146.0	170.0	134.0	169.0	232.0	190.0	141.0	135.0	116.0	149.0	114.0	155.0	128.0	116.0	138.0	157.0	128.0	144.0	200.0	194.0	118.0	161.0	177.0	153.0	160.0	164.0	161.0	212.0	203.0	203.0	312.0	399.0	412.0	453.0	449.0	332.0	337.0	370.0	409.0	374.0	361.0	389.0	427.0	282.0	318.0	269.0	340.0	306.0	335.0	337.0	310.0	285.0	345.0	453.0	354.0	263.0	270.0	406.0	249.0	285.0	304.0	329.0
87	20150912 01:13:48.149	645.0	914.0	150.0	122.0	196.0	161.0	170.0	100.0	147.0	150.0	126.0	125.0	161.0	165.0	158.0	205.0	128.0	115.0	172.0	153.0	120.0	125.0	162.0	142.0	184.0	136.0	187.0	164.0	184.0	147.0	164.0	170.0	168.0	152.0	127.0	156.0	208.0	173.0	210.0	176.0	198.0	170.0	170.0	191.0	211.0	141.0	197.0	166.0	173.0	226.0	194.0	189.0	221.0	222.0	270.0	256.0	214.0	178.0	207.0	326.0	441.0	567.0	467.0	561.0
88	20150912 01:13:48.149	648.0	911.0	165.0	186.0	189.0	137.0	210.0	190.0	220.0	145.0	151.0	193.0	178.0	154.0	159.0	205.0	124.0	160.0	162.0	143.0	165.0	168.0	157.0	217.0	167.0	122.0	183.0	133.0	163.0	148.0	132.0	143.0	205.0	134.0	244.0	141.0	126.0	185.0	247.0	194.0	187.0	177.0	157.0	196.0	208.0	204.0	190.0	192.0	123.0	176.0	235.0	241.0	193.0	251.0	164.0	213.0	174.0	230.0	244.0	326.0	441.0	468.0	463.0	561.0
89	20150912 01:13:48.149	644.0	912.0	150.0	122.0	176.0	161.0	134.0	144.0	147.0	202.0	105.0	207.0	136.0	165.0	158.0	177.0	154.0	219.0	195.0	169.0	190.0	125.0	162.0	254.0	184.0	135.0	202.0	164.0	138.0	145.0	202.0	170.0	165.0	152.0	217.0	151.0	195.0	182.0	210.0	176.0	198.0	180.0	138.0	191.0	172.0	237.0	173.0	168.0	164.0	226.0	230.0	226.0	221.0	187.0	270.0	256.0	304.0	176.0	236.0	297.0	395.0	567.0	467.0	455.0
90	20150910 15:33:20.843	887.0	911.0	120.0	173.0	219.0	133.0	181.0	171.0	146.0	165.0	105.0	164.0	142.0	151.0	172.0	131.0	138.0	104.0	134.0	140.0	200.0	174.0	160.0	222.0	164.0	153.0	205.0	206.0	188.0	203.0	182.0	248.0	249.0	464.0	427.0	453.0	401.0	340.0	329.0	367.0	479.0	375.0	361.0	325.0	398.0	296.0	327.0	318.0	372.0	352.0	384.0	394.0	416.0	326.0	345.0	407.0	354.0	243.0	272.0	320.0	240.0	299.0	282.0	282.0
91	20150911 20:32:06.980	645.0	910.0	112.0	158.0	139.0	153.0	210.0	172.0	177.0	147.0	115.0	207.0	136.0	200.0	158.0	163.0	162.0	219.0	136.0	159.0	190.0	121.0	144.0	254.0	134.0	177.0	183.0	133.0	127.0	148.0	202.0	110.0	205.0	156.0	244.0	151.0	217.0	223.0	159.0	141.0	130.0	180.0	131.0	200.0	162.0	237.0	173.0	154.0	164.0	176.0	235.0	241.0	183.0	194.0	213.0	213.0	304.0	176.0	244.0	278.0	395.0	408.0	463.0	363.0
92	20150910 15:33:20.843	888.0	908.0	151.0	143.0	160.0	143.0	157.0	172.0	183.0	142.0	126.0	184.0	150.0	151.0	130.0	158.0	159.0	126.0	140.0	140.0	176.0	163.0	160.0	173.0	164.0	154.0	205.0	206.0	171.0	178.0	176.0	243.0	271.0	387.0	453.0	402.0	354.0	332.0	353.0	395.0	479.0	434.0	341.0	336.0	382.0	296.0	326.0	313.0	296.0	352.0	386.0	394.0	423.0	278.0	345.0	407.0	359.0	247.0	327.0	362.0	288.0	293.0	318.0	282.0
93	20150910 14:24:18.44	888.0	906.0	141.0	143.0	122.0	135.0	139.0	137.0	183.0	123.0	126.0	155.0	150.0	132.0	130.0	179.0	159.0	155.0	157.0	171.0	176.0	129.0	158.0	173.0	188.0	153.0	167.0	164.0	187.0	178.0	211.0	243.0	290.0	376.0	453.0	428.0	419.0	379.0	353.0	395.0	383.0	434.0	344.0	388.0	356.0	312.0	324.0	321.0	435.0	310.0	386.0	372.0	423.0	369.0	334.0	390.0	416.0	278.0	319.0	384.0	288.0	293.0	318.0	318.0
94	20150910 15:33:20.843	1048.0	879.0	163.0	204.0	163.0	174.0	164.0	160.0	148.0	201.0	158.0	157.0	166.0	159.0	141.0	172.0	198.0	158.0	181.0	185.0	135.0	182.0	187.0	180.0	193.0	154.0	222.0	206.0	230.0	220.0	221.0	283.0	294.0	339.0	498.0	431.0	418.0	377.0	371.0	485.0	432.0	465.0	416.0	344.0	357.0	302.0	389.0	324.0	401.0	350.0	370.0	484.0	416.0	340.0	405.0	388.0	315.0	296.0	385.0	402.0	365.0	391.0	338.0	358.0
95	20150910 15:33:20.843	1046.0	878.0	163.0	204.0	163.0	174.0	186.0	143.0	203.0	201.0	105.0	211.0	151.0	148.0	162.0	171.0	188.0	158.0	151.0	185.0	187.0	182.0	175.0	162.0	193.0	185.0	171.0	150.0	230.0	198.0	221.0	233.0	294.0	320.0	498.0	420.0	394.0	377.0	272.0	358.0	361.0	345.0	275.0	344.0	339.0	257.0	296.0	297.0	363.0	327.0	344.0	309.0	343.0	332.0	338.0	388.0	280.0	296.0	352.0	296.0	307.0	272.0	338.0	223.0
96	20150910 14:24:18.44	1051.0	877.0	176.0	162.0	173.0	171.0	253.0	141.0	154.0	141.0	185.0	171.0	134.0	194.0	207.0	176.0	198.0	181.0	148.0	222.0	216.0	167.0	147.0	244.0	213.0	183.0	221.0	180.0	184.0	220.0	171.0	213.0	325.0	376.0	438.0	462.0	474.0	456.0	393.0	514.0	463.0	475.0	398.0	401.0	423.0	302.0	392.0	348.0	401.0	356.0	446.0	484.0	470.0	389.0	446.0	385.0	371.0	313.0	375.0	412.0	365.0	363.0	366.0	363.0
97	20150910 15:33:20.843	1048.0	877.0	163.0	204.0	170.0	204.0	155.0	157.0	155.0	153.0	158.0	175.0	166.0	134.0	159.0	164.0	198.0	158.0	181.0	222.0	160.0	182.0	174.0	135.0	193.0	185.0	257.0	174.0	230.0	220.0	221.0	283.0	294.0	339.0	404.0	431.0	449.0	377.0	371.0	485.0	432.0	465.0	416.0	359.0	357.0	302.0	389.0	324.0	401.0	356.0	370.0	484.0	396.0	340.0	405.0	388.0	315.0	293.0	385.0	402.0	365.0	391.0	338.0	358.0
98	20150910 16:42:20.230	1055.0	876.0	146.0	176.0	124.0	252.0	114.0	120.0	237.0	258.0	142.0	158.0	117.0	150.0	139.0	157.0	258.0	168.0	184.0	170.0	198.0	167.0	136.0	186.0	141.0	165.0	175.0	184.0	178.0	166.0	167.0	252.0	280.0	252.0	436.0	414.0	428.0	429.0	374.0	431.0	528.0	571.0	410.0	423.0	375.0	355.0	485.0	327.0	410.0	437.0	418.0	413.0	480.0	381.0	423.0	430.0	337.0	327.0	337.0	394.0	302.0	370.0	345.0	408.0
99	20150910 14:24:18.44	1051.0	875.0	176.0	187.0	173.0	204.0	253.0	141.0	196.0	141.0	185.0	180.0	124.0	179.0	207.0	126.0	244.0	181.0	215.0	222.0	216.0	167.0	147.0	244.0	166.0	140.0	161.0	206.0	270.0	245.0	146.0	213.0	325.0	376.0	438.0	476.0	474.0	436.0	393.0	514.0	460.0	475.0	367.0	401.0	423.0	298.0	392.0	348.0	388.0	356.0	446.0	369.0	470.0	389.0	446.0	385.0	349.0	320.0	372.0	412.0	334.0	349.0	366.0	363.0
100	20150910 14:24:18.44	1059.0	874.0	200.0	191.0	126.0	99.0	168.0	130.0	175.0	228.0	208.0	152.0	173.0	224.0	203.0	189.0	146.0	195.0	98.0	184.0	155.0	141.0	155.0	180.0	216.0	179.0	168.0	200.0	212.0	174.0	189.0	297.0	320.0	307.0	507.0	464.0	383.0	316.0	338.0	401.0	456.0	453.0	349.0	402.0	437.0	340.0	429.0	347.0	413.0	298.0	405.0	377.0	369.0	398.0	376.0	416.0	296.0	267.0	462.0	359.0	275.0	298.0	319.0	388.0
101	20150910 14:24:18.44	1055.0	873.0	146.0	162.0	160.0	165.0	90.0	137.0	140.0	133.0	142.0	204.0	161.0	119.0	163.0	158.0	258.0	173.0	142.0	170.0	153.0	139.0	187.0	184.0	138.0	181.0	178.0	207.0	221.0	181.0	176.0	252.0	336.0	303.0	436.0	398.0	428.0	429.0	351.0	383.0	440.0	571.0	394.0	410.0	358.0	250.0	485.0	321.0	410.0	299.0	394.0	351.0	387.0	378.0	386.0	420.0	295.0	327.0	337.0	378.0	306.0	345.0	345.0	408.0
102	20150910 15:33:20.843	1061.0	872.0	129.0	155.0	182.0	125.0	168.0	143.0	169.0	228.0	208.0	152.0	133.0	151.0	153.0	175.0	140.0	195.0	116.0	154.0	155.0	222.0	136.0	180.0	216.0	175.0	187.0	180.0	157.0	183.0	183.0	209.0	245.0	333.0	464.0	387.0	355.0	381.0	417.0	322.0	452.0	403.0	282.0	361.0	408.0	261.0	429.0	280.0	297.0	290.0	325.0	303.0	345.0	314.0	325.0	309.0	270.0	301.0	293.0	300.0	254.0	298.0	297.0	323.0
103	20150910 14:24:18.44	1057.0	872.0	167.0	94.0	160.0	161.0	140.0	137.0	175.0	164.0	146.0	167.0	161.0	224.0	125.0	170.0	159.0	153.0	119.0	184.0	160.0	141.0	174.0	184.0	138.0	146.0	201.0	207.0	199.0	229.0	189.0	207.0	336.0	303.0	419.0	400.0	345.0	313.0	351.0	401.0	456.0	375.0	349.0	402.0	358.0	268.0	377.0	317.0	396.0	298.0	405.0	377.0	369.0	362.0	366.0	420.0	296.0	252.0	301.0	359.0	306.0	317.0	264.0	388.0
104	20150910 14:24:18.44	411.0	866.0	134.0	180.0	127.0	149.0	151.0	219.0	152.0	150.0	137.0	158.0	164.0	153.0	151.0	165.0	181.0	170.0	123.0	265.0	209.0	163.0	145.0	216.0	158.0	121.0	191.0	198.0	214.0	219.0	247.0	302.0	540.0	718.0	537.0	552.0	522.0	551.0	475.0	523.0	577.0	493.0	518.0	438.0	405.0	389.0	456.0	384.0	455.0	487.0	384.0	432.0	549.0	371.0	569.0	463.0	528.0	329.0	408.0	434.0	399.0	440.0	404.0	370.0
105	20150910 14:24:18.44	414.0	862.0	118.0	92.0	185.0	160.0	179.0	141.0	177.0	176.0	140.0	184.0	181.0	179.0	148.0	180.0	160.0	144.0	196.0	153.0	134.0	170.0	146.0	174.0	134.0	168.0	225.0	188.0	240.0	205.0	224.0	345.0	476.0	750.0	701.0	691.0	621.0	603.0	585.0	586.0	613.0	581.0	571.0	531.0	488.0	443.0	527.0	382.0	522.0	492.0	525.0	540.0	522.0	538.0	558.0	538.0	418.0	343.0	471.0	546.0	411.0	418.0	417.0	463.0
106	20150911 17:01:02.405	1209.0	839.0	134.0	104.0	194.0	171.0	152.0	192.0	143.0	165.0	158.0	203.0	196.0	162.0	197.0	151.0	173.0	127.0	148.0	201.0	138.0	131.0	138.0	153.0	157.0	184.0	127.0	108.0	170.0	203.0	185.0	118.0	177.0	210.0	160.0	86.0	185.0	106.0	156.0	154.0	140.0	165.0	165.0	168.0	250.0	165.0	148.0	161.0	210.0	224.0	203.0	194.0	292.0	502.0	601.0	517.0	455.0	343.0	576.0	574.0	433.0	481.0	408.0	580.0
107	20150911 17:01:02.405	1220.0	837.0	130.0	158.0	160.0	177.0	163.0	125.0	162.0	155.0	182.0	133.0	162.0	196.0	151.0	148.0	97.0	171.0	186.0	254.0	124.0	209.0	108.0	150.0	156.0	126.0	176.0	83.0	184.0	187.0	178.0	128.0	135.0	158.0	117.0	146.0	168.0	170.0	183.0	153.0	183.0	160.0	233.0	148.0	181.0	140.0	224.0	211.0	188.0	208.0	267.0	172.0	265.0	370.0	489.0	368.0	287.0	255.0	271.0	386.0	195.0	142.0	146.0	223.0
108	20150910 20:09:19.395	1388.0	831.0	120.0	125.0	118.0	117.0	121.0	129.0	148.0	146.0	79.0	118.0	151.0	197.0	168.0	193.0	205.0	214.0	179.0	200.0	175.0	148.0	186.0	204.0	241.0	141.0	172.0	201.0	129.0	152.0	166.0	416.0	349.0	413.0	384.0	0.0	0.0	229.0	325.0	323.0	415.0	355.0	298.0	339.0	311.0	285.0	382.0	300.0	300.0	236.0	0.0	0.0	0.0	349.0	309.0	228.0	245.0	284.0	242.0	355.0	383.0	406.0	395.0	452.0
109	20150911 00:45:00.540	892.0	789.0	151.0	125.0	162.0	187.0	175.0	201.0	140.0	126.0	155.0	159.0	212.0	211.0	188.0	163.0	200.0	115.0	144.0	164.0	197.0	164.0	207.0	140.0	258.0	221.0	190.0	173.0	206.0	187.0	256.0	210.0	242.0	265.0	269.0	300.0	224.0	259.0	228.0	225.0	330.0	499.0	588.0	540.0	583.0	417.0	546.0	448.0	594.0	510.0	558.0	546.0	501.0	496.0	599.0	565.0	492.0	380.0	544.0	477.0	389.0	522.0	451.0	577.0
110	20150909 10:21:12.550	325.0	778.0	152.0	139.0	162.0	138.0	170.0	171.0	276.0	184.0	181.0	155.0	169.0	147.0	174.0	148.0	198.0	156.0	224.0	184.0	227.0	209.0	215.0	251.0	203.0	158.0	169.0	195.0	175.0	223.0	195.0	176.0	200.0	258.0	268.0	201.0	169.0	215.0	174.0	248.0	229.0	207.0	258.0	271.0	344.0	216.0	269.0	207.0	219.0	220.0	283.0	245.0	290.0	227.0	300.0	310.0	233.0	291.0	231.0	227.0	185.0	259.0	177.0	208.0
111	20150910 15:33:20.843	336.0	774.0	112.0	137.0	186.0	191.0	143.0	263.0	164.0	233.0	186.0	217.0	195.0	178.0	210.0	152.0	266.0	251.0	170.0	219.0	223.0	252.0	230.0	197.0	200.0	230.0	199.0	209.0	266.0	232.0	266.0	232.0	255.0	303.0	295.0	250.0	275.0	255.0	277.0	360.0	256.0	298.0	321.0	345.0	325.0	297.0	254.0	238.0	357.0	305.0	327.0	330.0	322.0	286.0	266.0	339.0	436.0	300.0	316.0	277.0	258.0	257.0	269.0	340.0
112	20150910 13:15:19.10	1213.0	718.0	121.0	112.0	149.0	142.0	157.0	158.0	181.0	175.0	146.0	144.0	122.0	156.0	147.0	166.0	200.0	98.0	185.0	174.0	137.0	114.0	120.0	146.0	126.0	185.0	112.0	104.0	128.0	150.0	120.0	383.0	586.0	598.0	536.0	538.0	516.0	452.0	423.0	503.0	574.0	560.0	526.0	486.0	496.0	130.0	134.0	135.0	148.0	115.0	222.0	129.0	148.0	123.0	154.0	171.0	166.0	148.0	145.0	163.0	169.0	96.0	133.0	139.0
113	20150910 13:15:19.10	1209.0	721.0	170.0	141.0	149.0	190.0	125.0	172.0	159.0	167.0	179.0	200.0	200.0	132.0	182.0	125.0	143.0	131.0	197.0	181.0	130.0	117.0	93.0	128.0	151.0	140.0	138.0	131.0	198.0	146.0	194.0	323.0	413.0	479.0	496.0	468.0	367.0	477.0	468.0	389.0	488.0	420.0	481.0	492.0	368.0	154.0	129.0	124.0	136.0	103.0	171.0	168.0	173.0	135.0	104.0	110.0	167.0	143.0	135.0	132.0	109.0	102.0	116.0	130.0
114	20150910 13:15:19.10	1211.0	717.0	139.0	112.0	149.0	160.0	157.0	142.0	135.0	169.0	146.0	165.0	128.0	165.0	147.0	166.0	135.0	164.0	148.0	174.0	132.0	80.0	181.0	146.0	97.0	102.0	139.0	143.0	135.0	153.0	121.0	383.0	586.0	439.0	440.0	440.0	418.0	434.0	423.0	408.0	574.0	470.0	406.0	479.0	496.0	130.0	125.0	121.0	148.0	111.0	137.0	135.0	170.0	156.0	154.0	130.0	158.0	148.0	164.0	166.0	169.0	167.0	158.0	106.0
115	20150910 00:26:13.358	330.0	717.0	92.0	131.0	144.0	115.0	179.0	143.0	133.0	171.0	144.0	182.0	115.0	175.0	174.0	184.0	188.0	192.0	263.0	253.0	265.0	255.0	210.0	158.0	213.0	180.0	183.0	243.0	295.0	223.0	203.0	280.0	233.0	313.0	259.0	222.0	338.0	247.0	258.0	363.0	357.0	316.0	374.0	368.0	392.0	310.0	436.0	204.0	345.0	337.0	331.0	310.0	371.0	323.0	311.0	369.0	308.0	336.0	323.0	325.0	335.0	326.0	307.0	341.0
116	20150910 13:15:19.10	1217.0	715.0	184.0	100.0	138.0	153.0	196.0	148.0	177.0	126.0	153.0	172.0	115.0	188.0	174.0	149.0	122.0	116.0	175.0	179.0	123.0	102.0	161.0	163.0	166.0	96.0	134.0	144.0	149.0	97.0	163.0	417.0	553.0	569.0	511.0	523.0	455.0	465.0	434.0	494.0	628.0	521.0	484.0	455.0	440.0	143.0	190.0	140.0	177.0	151.0	116.0	185.0	122.0	165.0	221.0	158.0	176.0	147.0	132.0	198.0	114.0	156.0	137.0	148.0
117	20150910 14:24:18.44	1213.0	715.0	124.0	111.0	163.0	124.0	144.0	158.0	159.0	175.0	125.0	181.0	152.0	152.0	114.0	206.0	203.0	112.0	230.0	174.0	132.0	125.0	156.0	123.0	136.0	185.0	124.0	139.0	114.0	150.0	121.0	340.0	494.0	648.0	604.0	538.0	484.0	460.0	399.0	503.0	592.0	548.0	455.0	530.0	470.0	149.0	156.0	148.0	126.0	97.0	166.0	102.0	137.0	174.0	114.0	188.0	210.0	116.0	180.0	152.0	169.0	109.0	166.0	139.0
118	20150910 14:24:18.44	1218.0	713.0	175.0	163.0	150.0	146.0	176.0	118.0	214.0	153.0	143.0	171.0	206.0	140.0	117.0	113.0	161.0	106.0	173.0	160.0	124.0	152.0	161.0	163.0	125.0	139.0	170.0	144.0	147.0	124.0	117.0	328.0	541.0	583.0	511.0	523.0	396.0	436.0	406.0	459.0	628.0	505.0	467.0	429.0	440.0	170.0	190.0	176.0	198.0	151.0	147.0	161.0	170.0	165.0	221.0	153.0	176.0	147.0	158.0	222.0	172.0	116.0	136.0	148.0
119	20150910 14:24:18.44	1215.0	713.0	132.0	118.0	138.0	153.0	144.0	151.0	134.0	149.0	153.0	154.0	206.0	148.0	167.0	90.0	113.0	112.0	147.0	159.0	143.0	115.0	161.0	163.0	128.0	126.0	124.0	139.0	118.0	176.0	104.0	343.0	494.0	569.0	511.0	497.0	455.0	380.0	389.0	459.0	628.0	505.0	467.0	437.0	407.0	127.0	156.0	148.0	177.0	146.0	177.0	161.0	170.0	162.0	132.0	178.0	210.0	132.0	119.0	152.0	121.0	156.0	136.0	148.0
120	20150910 14:24:18.44	370.0	707.0	158.0	180.0	135.0	194.0	92.0	147.0	145.0	99.0	146.0	86.0	169.0	156.0	123.0	104.0	192.0	141.0	146.0	145.0	128.0	178.0	157.0	220.0	137.0	136.0	164.0	161.0	179.0	134.0	170.0	219.0	247.0	263.0	263.0	243.0	299.0	248.0	221.0	272.0	252.0	232.0	282.0	362.0	237.0	260.0	214.0	257.0	244.0	273.0	252.0	261.0	259.0	228.0	275.0	264.0	249.0	206.0	282.0	217.0	218.0	233.0	274.0	255.0
121	20150910 14:24:18.44	328.0	703.0	111.0	86.0	163.0	212.0	198.0	131.0	138.0	202.0	157.0	145.0	143.0	188.0	156.0	140.0	178.0	163.0	154.0	158.0	205.0	160.0	131.0	160.0	262.0	165.0	212.0	226.0	277.0	209.0	173.0	283.0	312.0	370.0	337.0	367.0	374.0	441.0	352.0	433.0	525.0	460.0	436.0	491.0	449.0	392.0	445.0	366.0	466.0	433.0	422.0	476.0	536.0	360.0	496.0	448.0	453.0	338.0	355.0	455.0	430.0	481.0	420.0	412.0
122	20150911 05:20:25.642	1230.0	699.0	174.0	129.0	142.0	143.0	116.0	159.0	160.0	189.0	138.0	151.0	132.0	156.0	103.0	106.0	126.0	143.0	124.0	171.0	126.0	136.0	97.0	164.0	117.0	134.0	150.0	189.0	198.0	133.0	120.0	109.0	152.0	173.0	126.0	138.0	160.0	161.0	158.0	99.0	141.0	133.0	115.0	115.0	131.0	401.0	440.0	379.0	548.0	432.0	503.0	352.0	402.0	395.0	534.0	467.0	460.0	348.0	463.0	485.0	124.0	171.0	134.0	171.0
123	20150910 07:28:05.131	366.0	699.0	230.0	119.0	155.0	135.0	132.0	182.0	135.0	116.0	185.0	149.0	148.0	128.0	200.0	140.0	180.0	108.0	154.0	115.0	149.0	114.0	95.0	160.0	125.0	197.0	237.0	124.0	193.0	149.0	147.0	174.0	239.0	186.0	225.0	233.0	227.0	153.0	196.0	217.0	224.0	237.0	201.0	218.0	284.0	182.0	235.0	199.0	193.0	281.0	268.0	306.0	276.0	235.0	210.0	215.0	280.0	208.0	226.0	171.0	265.0	183.0	277.0	307.0
124	20150911 05:20:25.642	1232.0	698.0	144.0	129.0	134.0	131.0	116.0	144.0	160.0	189.0	126.0	129.0	132.0	149.0	147.0	106.0	103.0	137.0	101.0	137.0	131.0	136.0	164.0	94.0	107.0	129.0	124.0	102.0	142.0	157.0	93.0	156.0	150.0	217.0	126.0	140.0	161.0	124.0	148.0	167.0	141.0	176.0	124.0	69.0	166.0	353.0	503.0	389.0	477.0	443.0	486.0	422.0	495.0	462.0	534.0	418.0	460.0	338.0	463.0	440.0	124.0	171.0	123.0	171.0
125	20150911 05:20:25.642	1238.0	696.0	130.0	129.0	141.0	99.0	129.0	121.0	159.0	109.0	204.0	152.0	137.0	219.0	160.0	137.0	156.0	124.0	117.0	168.0	113.0	128.0	164.0	143.0	117.0	171.0	171.0	82.0	171.0	161.0	155.0	113.0	141.0	176.0	124.0	186.0	143.0	197.0	147.0	133.0	93.0	146.0	88.0	209.0	165.0	312.0	377.0	347.0	355.0	356.0	443.0	371.0	421.0	342.0	379.0	364.0	302.0	314.0	391.0	414.0	120.0	152.0	111.0	135.0
126	20150911 05:20:25.642	1236.0	696.0	122.0	118.0	139.0	105.0	129.0	134.0	145.0	172.0	143.0	122.0	115.0	161.0	77.0	137.0	169.0	153.0	120.0	168.0	147.0	108.0	164.0	152.0	117.0	171.0	124.0	107.0	171.0	153.0	155.0	132.0	141.0	176.0	108.0	145.0	168.0	118.0	147.0	134.0	93.0	146.0	144.0	209.0	151.0	361.0	377.0	360.0	400.0	356.0	443.0	394.0	452.0	483.0	405.0	513.0	343.0	350.0	391.0	414.0	143.0	110.0	107.0	125.0
127	20150911 05:20:25.642	1234.0	696.0	137.0	126.0	139.0	122.0	130.0	144.0	169.0	172.0	171.0	122.0	104.0	161.0	147.0	133.0	169.0	153.0	157.0	138.0	147.0	171.0	164.0	152.0	99.0	171.0	142.0	150.0	142.0	157.0	138.0	156.0	140.0	174.0	113.0	140.0	168.0	124.0	175.0	180.0	141.0	131.0	144.0	144.0	142.0	361.0	436.0	360.0	449.0	436.0	486.0	422.0	452.0	483.0	443.0	513.0	371.0	350.0	358.0	495.0	143.0	121.0	123.0	136.0
128	20150911 05:20:25.642	1232.0	696.0	137.0	126.0	134.0	122.0	130.0	144.0	169.0	156.0	171.0	97.0	128.0	149.0	147.0	129.0	159.0	121.0	157.0	144.0	131.0	171.0	164.0	107.0	120.0	151.0	142.0	150.0	136.0	157.0	110.0	156.0	140.0	173.0	126.0	140.0	161.0	124.0	175.0	180.0	141.0	118.0	141.0	144.0	166.0	363.0	503.0	389.0	477.0	443.0	486.0	422.0	495.0	462.0	475.0	425.0	414.0	319.0	438.0	495.0	105.0	124.0	150.0	163.0
129	20150911 05:20:25.642	1230.0	696.0	99.0	125.0	134.0	161.0	136.0	159.0	109.0	156.0	138.0	105.0	128.0	156.0	125.0	129.0	146.0	164.0	141.0	144.0	146.0	111.0	226.0	151.0	159.0	151.0	144.0	119.0	155.0	110.0	269.0	113.0	121.0	173.0	126.0	138.0	128.0	141.0	146.0	112.0	128.0	125.0	141.0	131.0	170.0	401.0	503.0	445.0	548.0	443.0	503.0	499.0	495.0	421.0	475.0	506.0	414.0	348.0	438.0	485.0	172.0	124.0	150.0	163.0
130	20150911 05:20:25.642	1228.0	696.0	99.0	135.0	126.0	161.0	136.0	159.0	123.0	135.0	138.0	105.0	96.0	156.0	125.0	86.0	146.0	164.0	190.0	128.0	146.0	162.0	226.0	151.0	160.0	127.0	144.0	152.0	155.0	156.0	269.0	158.0	164.0	142.0	105.0	138.0	126.0	158.0	146.0	193.0	199.0	167.0	125.0	161.0	170.0	401.0	458.0	445.0	548.0	368.0	503.0	499.0	417.0	421.0	471.0	506.0	410.0	348.0	402.0	485.0	172.0	167.0	138.0	70.0
131	20150911 05:20:25.642	1226.0	696.0	121.0	135.0	157.0	113.0	168.0	149.0	123.0	118.0	119.0	91.0	153.0	155.0	167.0	97.0	164.0	108.0	190.0	118.0	150.0	162.0	178.0	130.0	160.0	88.0	97.0	152.0	122.0	156.0	223.0	158.0	164.0	142.0	133.0	108.0	129.0	259.0	183.0	193.0	199.0	167.0	125.0	161.0	162.0	329.0	414.0	328.0	421.0	341.0	370.0	349.0	401.0	303.0	427.0	346.0	352.0	294.0	309.0	437.0	135.0	167.0	138.0	157.0
132	20150911 05:20:25.642	1238.0	694.0	118.0	101.0	181.0	95.0	116.0	121.0	146.0	125.0	204.0	221.0	141.0	219.0	160.0	137.0	151.0	133.0	128.0	172.0	126.0	128.0	164.0	155.0	136.0	171.0	130.0	117.0	157.0	139.0	155.0	113.0	142.0	176.0	124.0	195.0	115.0	197.0	115.0	115.0	163.0	143.0	77.0	209.0	183.0	312.0	349.0	347.0	383.0	374.0	443.0	345.0	421.0	342.0	368.0	364.0	302.0	272.0	391.0	385.0	111.0	178.0	160.0	118.0
133	20150911 06:29:17.275	1236.0	694.0	177.0	101.0	139.0	200.0	120.0	134.0	146.0	112.0	140.0	221.0	122.0	161.0	112.0	137.0	192.0	133.0	146.0	172.0	131.0	91.0	164.0	152.0	108.0	171.0	130.0	107.0	113.0	139.0	155.0	96.0	142.0	176.0	116.0	195.0	132.0	118.0	106.0	108.0	103.0	143.0	144.0	209.0	183.0	284.0	349.0	360.0	383.0	374.0	443.0	387.0	421.0	483.0	330.0	454.0	343.0	350.0	391.0	385.0	145.0	120.0	160.0	125.0
134	20150911 05:20:25.642	1234.0	694.0	177.0	126.0	139.0	200.0	130.0	134.0	169.0	154.0	171.0	125.0	122.0	161.0	112.0	133.0	192.0	200.0	157.0	168.0	131.0	171.0	91.0	152.0	108.0	171.0	142.0	172.0	166.0	124.0	119.0	127.0	140.0	174.0	108.0	127.0	181.0	117.0	175.0	180.0	103.0	131.0	144.0	144.0	142.0	345.0	350.0	360.0	390.0	323.0	428.0	387.0	435.0	483.0	376.0	454.0	343.0	350.0	344.0	495.0	145.0	121.0	157.0	197.0
135	20150911 05:20:25.642	1230.0	694.0	102.0	94.0	127.0	161.0	136.0	99.0	180.0	156.0	107.0	174.0	103.0	160.0	135.0	158.0	159.0	164.0	141.0	144.0	146.0	127.0	110.0	140.0	147.0	151.0	144.0	152.0	142.0	119.0	269.0	113.0	146.0	146.0	150.0	105.0	154.0	141.0	146.0	112.0	198.0	217.0	141.0	187.0	161.0	363.0	402.0	445.0	470.0	368.0	462.0	384.0	446.0	410.0	416.0	434.0	414.0	297.0	373.0	467.0	172.0	124.0	150.0	136.0
136	20150909 23:15:52.737	672.0	648.0	175.0	142.0	97.0	163.0	142.0	109.0	171.0	135.0	141.0	168.0	118.0	107.0	127.0	110.0	125.0	154.0	163.0	261.0	253.0	233.0	318.0	340.0	299.0	228.0	352.0	251.0	303.0	250.0	312.0	298.0	362.0	349.0	342.0	354.0	325.0	301.0	292.0	323.0	380.0	362.0	268.0	351.0	289.0	231.0	238.0	280.0	301.0	364.0	325.0	339.0	382.0	383.0	330.0	336.0	344.0	360.0	307.0	411.0	358.0	336.0	291.0	291.0
137	20150910 10:57:20.625	676.0	647.0	189.0	123.0	123.0	152.0	139.0	187.0	96.0	145.0	130.0	145.0	205.0	129.0	214.0	174.0	152.0	174.0	223.0	179.0	259.0	224.0	220.0	296.0	272.0	291.0	273.0	244.0	296.0	331.0	278.0	385.0	340.0	504.0	396.0	364.0	310.0	344.0	349.0	374.0	406.0	354.0	314.0	351.0	281.0	255.0	259.0	322.0	391.0	333.0	394.0	392.0	354.0	368.0	394.0	397.0	343.0	274.0	311.0	381.0	365.0	319.0	302.0	350.0
138	20150910 03:57:21.948	679.0	646.0	151.0	151.0	134.0	191.0	161.0	165.0	117.0	160.0	140.0	211.0	151.0	206.0	139.0	174.0	144.0	174.0	212.0	263.0	247.0	248.0	243.0	328.0	317.0	235.0	308.0	244.0	320.0	263.0	220.0	385.0	374.0	504.0	328.0	418.0	338.0	364.0	332.0	406.0	406.0	410.0	332.0	391.0	393.0	287.0	330.0	270.0	391.0	303.0	354.0	367.0	327.0	379.0	412.0	340.0	418.0	340.0	322.0	366.0	365.0	361.0	363.0	390.0
139	20150910 03:57:21.948	679.0	644.0	137.0	113.0	143.0	191.0	161.0	165.0	145.0	214.0	140.0	211.0	151.0	206.0	191.0	167.0	144.0	145.0	212.0	263.0	240.0	206.0	243.0	328.0	206.0	208.0	280.0	249.0	320.0	213.0	240.0	385.0	374.0	368.0	334.0	327.0	303.0	364.0	338.0	406.0	307.0	372.0	292.0	360.0	483.0	247.0	330.0	304.0	332.0	303.0	366.0	338.0	355.0	347.0	412.0	340.0	418.0	307.0	271.0	325.0	373.0	288.0	380.0	374.0
140	20150910 13:15:19.10	677.0	644.0	137.0	121.0	160.0	167.0	161.0	161.0	145.0	214.0	109.0	129.0	122.0	169.0	214.0	167.0	167.0	145.0	245.0	227.0	240.0	184.0	222.0	247.0	272.0	208.0	246.0	232.0	234.0	265.0	198.0	385.0	307.0	413.0	318.0	327.0	303.0	316.0	331.0	343.0	311.0	372.0	292.0	360.0	483.0	284.0	277.0	267.0	302.0	303.0	366.0	338.0	355.0	347.0	333.0	397.0	299.0	274.0	292.0	325.0	257.0	317.0	345.0	364.0
141	20150911 09:56:29.582	1171.0	638.0	153.0	167.0	188.0	242.0	213.0	197.0	173.0	175.0	174.0	160.0	180.0	207.0	164.0	184.0	161.0	162.0	174.0	164.0	179.0	207.0	170.0	149.0	154.0	156.0	202.0	155.0	204.0	191.0	258.0	173.0	197.0	225.0	193.0	196.0	191.0	168.0	174.0	218.0	163.0	208.0	217.0	129.0	179.0	160.0	148.0	155.0	169.0	206.0	235.0	146.0	186.0	227.0	159.0	149.0	270.0	154.0	165.0	205.0	191.0	218.0	189.0	162.0
142	20150910 20:09:19.395	1326.0	624.0	175.0	110.0	136.0	154.0	168.0	111.0	140.0	155.0	144.0	140.0	144.0	178.0	149.0	178.0	153.0	101.0	134.0	164.0	170.0	147.0	154.0	193.0	142.0	128.0	166.0	106.0	207.0	190.0	134.0	97.0	202.0	139.0	201.0	160.0	149.0	349.0	330.0	346.0	408.0	452.0	357.0	343.0	385.0	149.0	118.0	167.0	124.0	172.0	148.0	154.0	147.0	133.0	156.0	175.0	156.0	183.0	129.0	143.0	149.0	105.0	155.0	118.0
143	20150910 20:09:19.395	1326.0	622.0	160.0	110.0	120.0	154.0	109.0	111.0	142.0	120.0	159.0	177.0	144.0	178.0	165.0	160.0	136.0	130.0	165.0	164.0	170.0	104.0	154.0	193.0	131.0	131.0	153.0	178.0	151.0	139.0	134.0	110.0	202.0	138.0	201.0	160.0	145.0	349.0	304.0	420.0	408.0	452.0	357.0	343.0	385.0	149.0	130.0	139.0	139.0	164.0	155.0	184.0	134.0	125.0	147.0	175.0	160.0	160.0	136.0	106.0	149.0	139.0	127.0	118.0
144	20150910 20:09:19.395	1325.0	620.0	160.0	158.0	98.0	204.0	155.0	91.0	151.0	120.0	159.0	177.0	145.0	136.0	141.0	205.0	136.0	99.0	131.0	170.0	156.0	124.0	131.0	147.0	148.0	155.0	152.0	155.0	127.0	128.0	131.0	110.0	147.0	117.0	220.0	139.0	207.0	342.0	304.0	420.0	355.0	375.0	329.0	339.0	336.0	138.0	130.0	128.0	140.0	163.0	196.0	108.0	166.0	117.0	196.0	190.0	170.0	182.0	159.0	168.0	140.0	139.0	123.0	101.0
145	20150910 20:09:19.395	1323.0	620.0	158.0	158.0	131.0	204.0	127.0	85.0	142.0	156.0	151.0	175.0	131.0	170.0	140.0	205.0	195.0	99.0	136.0	170.0	159.0	135.0	129.0	159.0	138.0	98.0	152.0	138.0	127.0	169.0	131.0	103.0	176.0	147.0	154.0	135.0	130.0	277.0	304.0	344.0	320.0	375.0	326.0	324.0	336.0	136.0	149.0	128.0	140.0	163.0	196.0	124.0	166.0	117.0	199.0	190.0	170.0	182.0	159.0	168.0	159.0	127.0	91.0	118.0
146	20150910 20:09:19.395	1323.0	618.0	158.0	158.0	171.0	204.0	127.0	63.0	124.0	146.0	151.0	156.0	131.0	170.0	183.0	130.0	183.0	111.0	156.0	170.0	160.0	144.0	160.0	159.0	138.0	174.0	137.0	187.0	127.0	169.0	149.0	118.0	197.0	117.0	164.0	112.0	130.0	251.0	241.0	309.0	320.0	306.0	316.0	255.0	336.0	136.0	179.0	139.0	107.0	150.0	202.0	120.0	144.0	195.0	199.0	190.0	250.0	182.0	93.0	168.0	159.0	113.0	160.0	111.0
147	20150910 19:00:26.589	1327.0	611.0	179.0	129.0	112.0	197.0	99.0	120.0	132.0	148.0	138.0	162.0	135.0	133.0	166.0	182.0	168.0	178.0	159.0	162.0	171.0	181.0	183.0	153.0	88.0	150.0	186.0	219.0	132.0	113.0	190.0	209.0	140.0	111.0	195.0	134.0	313.0	144.0	166.0	149.0	159.0	171.0	180.0	152.0	194.0	255.0	375.0	276.0	353.0	370.0	374.0	337.0	343.0	384.0	352.0	413.0	335.0	237.0	323.0	331.0	270.0	337.0	400.0	212.0
148	20150911 06:29:17.275	1325.0	610.0	182.0	145.0	164.0	123.0	155.0	126.0	119.0	129.0	138.0	158.0	142.0	200.0	151.0	182.0	168.0	137.0	128.0	162.0	178.0	163.0	153.0	153.0	110.0	146.0	131.0	219.0	119.0	145.0	190.0	189.0	140.0	147.0	123.0	121.0	177.0	196.0	166.0	179.0	180.0	168.0	180.0	180.0	196.0	226.0	356.0	289.0	276.0	301.0	374.0	274.0	328.0	295.0	352.0	413.0	264.0	231.0	323.0	292.0	339.0	457.0	400.0	311.0
149	20150910 19:00:26.589	1329.0	609.0	151.0	126.0	140.0	189.0	138.0	131.0	132.0	144.0	110.0	162.0	179.0	175.0	155.0	130.0	140.0	140.0	173.0	212.0	187.0	215.0	131.0	170.0	138.0	94.0	186.0	159.0	174.0	170.0	87.0	209.0	205.0	190.0	201.0	189.0	313.0	188.0	152.0	145.0	121.0	184.0	132.0	146.0	177.0	257.0	377.0	345.0	384.0	335.0	363.0	337.0	444.0	384.0	384.0	420.0	346.0	278.0	367.0	391.0	242.0	334.0	398.0	304.0
150	20150910 06:17:49.506	1254.0	609.0	218.0	160.0	146.0	153.0	154.0	162.0	183.0	106.0	130.0	168.0	137.0	132.0	144.0	143.0	167.0	180.0	141.0	160.0	154.0	128.0	139.0	200.0	117.0	216.0	128.0	239.0	219.0	188.0	198.0	212.0	237.0	258.0	247.0	268.0	266.0	220.0	272.0	241.0	231.0	229.0	199.0	223.0	223.0	246.0	194.0	285.0	225.0	265.0	227.0	217.0	278.0	250.0	249.0	240.0	224.0	216.0	251.0	251.0	251.0	313.0	227.0	222.0
151	20150911 05:20:25.642	1327.0	608.0	182.0	145.0	164.0	134.0	108.0	144.0	132.0	144.0	154.0	162.0	179.0	137.0	151.0	138.0	168.0	166.0	173.0	212.0	187.0	149.0	157.0	120.0	149.0	171.0	146.0	109.0	119.0	170.0	156.0	152.0	148.0	190.0	161.0	189.0	259.0	188.0	171.0	140.0	159.0	135.0	140.0	161.0	177.0	283.0	377.0	345.0	384.0	335.0	374.0	293.0	388.0	384.0	384.0	413.0	346.0	278.0	340.0	391.0	339.0	457.0	400.0	366.0
152	20150911 06:29:17.275	1325.0	608.0	198.0	161.0	164.0	118.0	126.0	154.0	166.0	134.0	154.0	158.0	142.0	200.0	151.0	138.0	168.0	166.0	162.0	190.0	161.0	163.0	157.0	153.0	149.0	171.0	146.0	107.0	119.0	145.0	156.0	135.0	148.0	166.0	161.0	179.0	153.0	82.0	143.0	140.0	180.0	168.0	140.0	128.0	196.0	243.0	356.0	289.0	240.0	301.0	374.0	274.0	328.0	295.0	344.0	413.0	264.0	231.0	231.0	238.0	339.0	457.0	400.0	316.0
153	20150910 08:38:23.324	1247.0	607.0	128.0	130.0	140.0	158.0	208.0	120.0	106.0	158.0	145.0	120.0	136.0	171.0	169.0	142.0	205.0	128.0	148.0	211.0	183.0	198.0	201.0	179.0	209.0	163.0	171.0	233.0	233.0	179.0	195.0	199.0	236.0	227.0	234.0	288.0	224.0	264.0	265.0	265.0	252.0	239.0	331.0	277.0	239.0	159.0	221.0	241.0	206.0	218.0	230.0	321.0	293.0	209.0	353.0	229.0	207.0	208.0	251.0	271.0	201.0	203.0	241.0	247.0
154	20150911 05:20:25.642	1329.0	606.0	210.0	118.0	140.0	189.0	178.0	144.0	126.0	144.0	115.0	143.0	181.0	182.0	170.0	194.0	146.0	125.0	173.0	155.0	128.0	215.0	162.0	170.0	159.0	128.0	160.0	146.0	156.0	145.0	141.0	158.0	128.0	190.0	139.0	217.0	189.0	188.0	171.0	174.0	114.0	111.0	150.0	161.0	176.0	296.0	377.0	345.0	375.0	298.0	296.0	309.0	388.0	319.0	390.0	420.0	381.0	288.0	367.0	391.0	246.0	349.0	398.0	366.0
155	20150911 05:20:25.642	1327.0	606.0	210.0	114.0	129.0	195.0	178.0	144.0	143.0	204.0	154.0	140.0	181.0	171.0	160.0	194.0	146.0	166.0	173.0	149.0	161.0	174.0	161.0	120.0	149.0	171.0	146.0	146.0	144.0	145.0	114.0	158.0	148.0	190.0	161.0	217.0	137.0	188.0	171.0	201.0	147.0	127.0	112.0	161.0	176.0	283.0	377.0	345.0	375.0	298.0	259.0	281.0	388.0	319.0	390.0	313.0	346.0	259.0	332.0	391.0	298.0	381.0	398.0	366.0
156	20150911 05:20:25.642	1329.0	604.0	210.0	89.0	143.0	154.0	178.0	182.0	116.0	157.0	105.0	143.0	181.0	182.0	173.0	194.0	146.0	125.0	181.0	168.0	157.0	174.0	162.0	146.0	159.0	127.0	169.0	146.0	156.0	145.0	141.0	158.0	190.0	178.0	146.0	217.0	155.0	141.0	155.0	136.0	165.0	121.0	150.0	124.0	158.0	245.0	353.0	265.0	266.0	280.0	296.0	309.0	338.0	294.0	390.0	361.0	283.0	288.0	273.0	223.0	246.0	307.0	181.0	296.0
157	20150910 13:15:19.10	770.0	590.0	179.0	132.0	229.0	166.0	142.0	188.0	177.0	159.0	141.0	168.0	175.0	175.0	181.0	153.0	174.0	180.0	205.0	158.0	213.0	186.0	197.0	224.0	187.0	181.0	202.0	263.0	387.0	381.0	381.0	638.0	701.0	770.0	739.0	794.0	626.0	610.0	742.0	725.0	665.0	773.0	644.0	660.0	613.0	524.0	499.0	453.0	580.0	493.0	586.0	619.0	615.0	552.0	546.0	554.0	460.0	418.0	481.0	663.0	487.0	521.0	453.0	449.0
158	20150910 13:15:19.10	768.0	591.0	179.0	132.0	155.0	153.0	189.0	176.0	164.0	132.0	141.0	108.0	170.0	106.0	137.0	190.0	202.0	180.0	205.0	158.0	151.0	186.0	191.0	203.0	204.0	156.0	182.0	210.0	344.0	381.0	338.0	598.0	701.0	630.0	687.0	685.0	584.0	699.0	590.0	725.0	620.0	568.0	546.0	597.0	549.0	436.0	499.0	453.0	563.0	493.0	586.0	619.0	570.0	552.0	546.0	554.0	460.0	418.0	386.0	544.0	487.0	521.0	453.0	449.0
159	20150910 07:28:05.131	289.0	583.0	180.0	144.0	166.0	140.0	92.0	132.0	155.0	144.0	111.0	129.0	131.0	181.0	159.0	166.0	148.0	116.0	129.0	205.0	161.0	151.0	154.0	178.0	133.0	177.0	229.0	134.0	129.0	145.0	207.0	152.0	174.0	151.0	250.0	174.0	198.0	218.0	209.0	254.0	221.0	157.0	139.0	177.0	221.0	172.0	224.0	177.0	137.0	144.0	196.0	151.0	259.0	193.0	200.0	204.0	231.0	203.0	216.0	316.0	346.0	336.0	314.0	256.0
160	20150912 00:03:22.251	291.0	582.0	184.0	191.0	198.0	192.0	116.0	98.0	155.0	123.0	124.0	162.0	143.0	172.0	162.0	166.0	151.0	120.0	142.0	138.0	159.0	169.0	159.0	224.0	175.0	124.0	140.0	131.0	195.0	140.0	200.0	169.0	174.0	164.0	183.0	174.0	163.0	151.0	183.0	186.0	203.0	220.0	132.0	137.0	170.0	124.0	170.0	153.0	176.0	155.0	181.0	175.0	185.0	191.0	207.0	204.0	249.0	194.0	183.0	370.0	384.0	431.0	314.0	356.0
161	20150912 00:03:22.251	289.0	580.0	184.0	130.0	162.0	140.0	111.0	118.0	106.0	144.0	110.0	150.0	161.0	219.0	193.0	145.0	145.0	191.0	129.0	205.0	159.0	169.0	154.0	156.0	142.0	127.0	229.0	167.0	97.0	146.0	108.0	188.0	142.0	169.0	228.0	174.0	167.0	180.0	219.0	186.0	169.0	160.0	139.0	150.0	258.0	172.0	194.0	152.0	167.0	144.0	186.0	161.0	160.0	187.0	207.0	165.0	246.0	194.0	151.0	370.0	384.0	431.0	350.0	356.0
162	20150910 15:33:20.843	413.0	541.0	128.0	166.0	157.0	157.0	153.0	173.0	137.0	169.0	201.0	140.0	166.0	229.0	157.0	148.0	227.0	147.0	145.0	217.0	202.0	164.0	160.0	163.0	158.0	177.0	181.0	162.0	184.0	169.0	218.0	187.0	187.0	244.0	187.0	234.0	182.0	171.0	195.0	242.0	254.0	243.0	231.0	249.0	260.0	199.0	211.0	185.0	264.0	279.0	271.0	344.0	345.0	266.0	292.0	284.0	297.0	293.0	247.0	313.0	287.0	284.0	266.0	313.0
163	20150910 21:18:12.163	410.0	542.0	131.0	168.0	144.0	157.0	157.0	209.0	140.0	141.0	229.0	155.0	164.0	196.0	198.0	144.0	227.0	166.0	169.0	166.0	160.0	165.0	155.0	121.0	153.0	144.0	200.0	162.0	145.0	156.0	171.0	171.0	179.0	194.0	187.0	201.0	151.0	199.0	224.0	213.0	230.0	243.0	199.0	239.0	260.0	237.0	237.0	192.0	227.0	222.0	262.0	228.0	284.0	261.0	292.0	255.0	242.0	293.0	261.0	297.0	242.0	284.0	261.0	303.0
164	20150909 19:44:34.223	412.0	539.0	148.0	166.0	172.0	201.0	151.0	195.0	170.0	184.0	229.0	177.0	131.0	229.0	163.0	115.0	227.0	169.0	216.0	217.0	136.0	162.0	188.0	121.0	160.0	144.0	187.0	150.0	178.0	207.0	218.0	171.0	219.0	249.0	187.0	177.0	182.0	176.0	171.0	242.0	222.0	196.0	184.0	228.0	222.0	237.0	237.0	238.0	218.0	279.0	271.0	273.0	273.0	266.0	267.0	244.0	225.0	167.0	247.0	229.0	253.0	247.0	266.0	313.0
165	20150911 00:45:00.540	451.0	504.0	139.0	151.0	105.0	151.0	153.0	161.0	137.0	162.0	150.0	132.0	238.0	231.0	124.0	167.0	152.0	174.0	140.0	213.0	200.0	215.0	218.0	184.0	227.0	152.0	218.0	156.0	209.0	247.0	142.0	215.0	188.0	254.0	266.0	269.0	233.0	237.0	151.0	208.0	309.0	496.0	471.0	389.0	388.0	352.0	405.0	403.0	469.0	423.0	458.0	419.0	426.0	376.0	442.0	541.0	372.0	333.0	390.0	371.0	361.0	339.0	335.0	378.0
166	20150911 00:45:00.540	449.0	504.0	139.0	151.0	93.0	157.0	127.0	160.0	149.0	162.0	150.0	145.0	140.0	157.0	136.0	150.0	169.0	188.0	180.0	138.0	200.0	215.0	218.0	151.0	227.0	152.0	223.0	225.0	209.0	216.0	165.0	155.0	176.0	249.0	251.0	269.0	175.0	226.0	168.0	188.0	309.0	496.0	471.0	389.0	371.0	352.0	405.0	403.0	406.0	423.0	458.0	419.0	426.0	376.0	442.0	541.0	372.0	278.0	390.0	366.0	361.0	339.0	335.0	376.0
167	20150911 00:45:00.540	451.0	502.0	141.0	182.0	123.0	151.0	168.0	161.0	157.0	162.0	150.0	238.0	162.0	231.0	152.0	186.0	216.0	166.0	216.0	213.0	210.0	215.0	218.0	197.0	227.0	152.0	185.0	151.0	188.0	194.0	141.0	215.0	231.0	254.0	232.0	269.0	308.0	237.0	168.0	226.0	309.0	523.0	471.0	389.0	388.0	352.0	405.0	403.0	469.0	423.0	458.0	431.0	426.0	376.0	442.0	541.0	372.0	333.0	390.0	371.0	361.0	343.0	335.0	378.0
168	20150911 00:45:00.540	449.0	502.0	161.0	182.0	135.0	171.0	120.0	158.0	149.0	162.0	150.0	238.0	162.0	200.0	152.0	155.0	169.0	166.0	216.0	124.0	200.0	215.0	218.0	177.0	227.0	152.0	185.0	225.0	172.0	161.0	165.0	162.0	193.0	249.0	232.0	269.0	308.0	226.0	176.0	235.0	309.0	523.0	471.0	389.0	371.0	352.0	405.0	403.0	406.0	423.0	458.0	419.0	426.0	376.0	442.0	541.0	372.0	278.0	390.0	327.0	361.0	343.0	335.0	376.0
169	20150910 00:26:13.358	766.0	486.0	208.0	160.0	190.0	151.0	207.0	174.0	190.0	157.0	125.0	146.0	136.0	118.0	119.0	144.0	110.0	200.0	133.0	170.0	251.0	190.0	113.0	164.0	177.0	190.0	221.0	174.0	271.0	220.0	219.0	243.0	308.0	357.0	313.0	256.0	286.0	279.0	254.0	305.0	339.0	286.0	314.0	255.0	280.0	241.0	256.0	189.0	234.0	233.0	262.0	238.0	299.0	315.0	309.0	321.0	337.0	213.0	304.0	313.0	300.0	291.0	223.0	264.0
170	20150910 09:48:16.760	764.0	486.0	208.0	160.0	190.0	139.0	207.0	174.0	190.0	157.0	125.0	146.0	136.0	139.0	119.0	121.0	110.0	191.0	133.0	146.0	165.0	126.0	121.0	178.0	177.0	144.0	207.0	181.0	271.0	220.0	177.0	229.0	263.0	284.0	299.0	237.0	253.0	288.0	254.0	305.0	290.0	262.0	245.0	255.0	280.0	259.0	256.0	205.0	243.0	227.0	254.0	289.0	274.0	283.0	268.0	321.0	293.0	243.0	304.0	303.0	256.0	272.0	299.0	268.0
171	20150910 09:48:16.760	766.0	483.0	188.0	158.0	123.0	161.0	153.0	139.0	164.0	124.0	140.0	146.0	131.0	177.0	165.0	165.0	140.0	153.0	171.0	181.0	251.0	190.0	235.0	169.0	184.0	181.0	227.0	206.0	269.0	300.0	207.0	264.0	336.0	409.0	299.0	324.0	333.0	340.0	269.0	314.0	330.0	319.0	314.0	307.0	280.0	285.0	256.0	295.0	301.0	293.0	309.0	265.0	274.0	315.0	309.0	321.0	337.0	236.0	253.0	319.0	261.0	291.0	253.0	310.0
172	20150912 04:45:16.671	782.0	477.0	127.0	122.0	118.0	125.0	132.0	175.0	130.0	124.0	102.0	145.0	132.0	112.0	144.0	161.0	181.0	133.0	206.0	159.0	157.0	160.0	157.0	150.0	156.0	168.0	164.0	177.0	186.0	262.0	162.0	171.0	202.0	200.0	214.0	161.0	167.0	186.0	222.0	251.0	246.0	269.0	267.0	217.0	266.0	251.0	269.0	253.0	205.0	221.0	284.0	281.0	267.0	278.0	311.0	207.0	198.0	187.0	217.0	238.0	276.0	238.0	211.0	550.0
173	20150912 04:45:16.671	780.0	477.0	119.0	122.0	132.0	149.0	171.0	166.0	130.0	155.0	74.0	145.0	145.0	188.0	144.0	218.0	208.0	131.0	218.0	146.0	178.0	160.0	115.0	148.0	185.0	170.0	175.0	157.0	160.0	153.0	180.0	198.0	202.0	253.0	214.0	193.0	240.0	218.0	220.0	251.0	246.0	269.0	202.0	209.0	202.0	211.0	176.0	253.0	235.0	221.0	219.0	219.0	226.0	173.0	269.0	207.0	246.0	187.0	217.0	213.0	196.0	207.0	174.0	550.0
174	20150912 04:45:16.671	778.0	477.0	119.0	115.0	132.0	149.0	171.0	177.0	200.0	155.0	120.0	184.0	163.0	188.0	152.0	218.0	208.0	156.0	218.0	144.0	178.0	129.0	150.0	169.0	185.0	185.0	175.0	199.0	169.0	204.0	201.0	198.0	176.0	253.0	216.0	252.0	240.0	218.0	253.0	237.0	227.0	193.0	229.0	199.0	201.0	211.0	251.0	210.0	258.0	213.0	247.0	219.0	226.0	187.0	269.0	231.0	246.0	182.0	204.0	201.0	221.0	207.0	193.0	550.0
175	20150912 04:45:16.671	783.0	475.0	177.0	95.0	119.0	125.0	141.0	166.0	192.0	183.0	122.0	147.0	126.0	127.0	123.0	161.0	169.0	185.0	160.0	159.0	134.0	148.0	157.0	150.0	156.0	168.0	179.0	251.0	191.0	220.0	195.0	267.0	202.0	220.0	214.0	250.0	175.0	142.0	220.0	206.0	191.0	227.0	267.0	213.0	266.0	182.0	236.0	215.0	168.0	214.0	272.0	281.0	267.0	226.0	203.0	211.0	326.0	260.0	264.0	238.0	276.0	238.0	195.0	572.0
176	20150912 04:45:16.671	781.0	475.0	118.0	112.0	132.0	97.0	171.0	166.0	133.0	155.0	95.0	147.0	176.0	74.0	130.0	161.0	181.0	131.0	168.0	159.0	178.0	121.0	157.0	148.0	185.0	170.0	179.0	251.0	202.0	147.0	171.0	204.0	202.0	273.0	273.0	272.0	245.0	186.0	237.0	206.0	246.0	264.0	193.0	215.0	202.0	185.0	177.0	268.0	178.0	221.0	257.0	281.0	274.0	232.0	203.0	211.0	248.0	187.0	280.0	213.0	276.0	238.0	257.0	596.0
177	20150912 04:45:16.671	779.0	475.0	146.0	112.0	132.0	126.0	171.0	131.0	160.0	155.0	120.0	184.0	176.0	188.0	170.0	147.0	208.0	156.0	168.0	141.0	178.0	122.0	156.0	148.0	185.0	170.0	164.0	174.0	202.0	204.0	250.0	204.0	228.0	273.0	273.0	272.0	245.0	270.0	237.0	244.0	246.0	264.0	229.0	215.0	212.0	211.0	251.0	268.0	258.0	222.0	255.0	219.0	274.0	257.0	198.0	231.0	297.0	228.0	280.0	222.0	221.0	225.0	257.0	596.0
178	20150911 19:21:39.353	777.0	475.0	146.0	115.0	110.0	126.0	159.0	177.0	160.0	208.0	134.0	184.0	163.0	188.0	170.0	201.0	208.0	156.0	155.0	183.0	155.0	159.0	132.0	149.0	154.0	165.0	254.0	174.0	192.0	204.0	250.0	201.0	291.0	291.0	252.0	214.0	202.0	270.0	253.0	248.0	256.0	255.0	229.0	283.0	212.0	211.0	251.0	205.0	258.0	277.0	272.0	276.0	217.0	257.0	303.0	334.0	297.0	246.0	308.0	240.0	250.0	219.0	198.0	534.0
179	20150912 04:45:16.671	781.0	473.0	125.0	112.0	130.0	142.0	141.0	132.0	165.0	158.0	128.0	147.0	176.0	129.0	168.0	147.0	169.0	224.0	217.0	250.0	152.0	151.0	156.0	124.0	182.0	145.0	179.0	251.0	227.0	169.0	274.0	204.0	193.0	273.0	302.0	272.0	245.0	271.0	246.0	198.0	206.0	209.0	187.0	215.0	201.0	221.0	227.0	268.0	228.0	228.0	271.0	241.0	327.0	232.0	286.0	226.0	248.0	221.0	280.0	206.0	262.0	225.0	257.0	596.0
180	20150912 04:45:16.671	779.0	473.0	146.0	112.0	130.0	126.0	169.0	131.0	165.0	158.0	108.0	175.0	176.0	192.0	170.0	147.0	122.0	224.0	217.0	250.0	152.0	151.0	156.0	163.0	182.0	174.0	176.0	205.0	227.0	229.0	274.0	273.0	228.0	273.0	302.0	272.0	258.0	271.0	246.0	244.0	212.0	234.0	222.0	221.0	267.0	225.0	213.0	268.0	228.0	233.0	324.0	265.0	327.0	275.0	246.0	226.0	299.0	228.0	280.0	222.0	262.0	230.0	257.0	596.0
181	20150911 11:06:46.459	777.0	473.0	146.0	107.0	131.0	126.0	169.0	131.0	160.0	137.0	134.0	175.0	128.0	192.0	170.0	201.0	122.0	220.0	123.0	183.0	141.0	183.0	155.0	179.0	154.0	174.0	254.0	223.0	237.0	229.0	250.0	283.0	228.0	318.0	252.0	232.0	258.0	270.0	248.0	248.0	225.0	271.0	239.0	304.0	267.0	225.0	213.0	240.0	278.0	290.0	340.0	277.0	291.0	282.0	267.0	245.0	299.0	246.0	308.0	240.0	250.0	230.0	226.0	562.0
182	20150910 15:33:20.843	775.0	473.0	132.0	122.0	131.0	128.0	121.0	96.0	168.0	146.0	152.0	144.0	112.0	173.0	136.0	201.0	156.0	145.0	171.0	183.0	221.0	193.0	132.0	179.0	154.0	167.0	254.0	223.0	237.0	240.0	262.0	283.0	234.0	318.0	289.0	280.0	264.0	301.0	263.0	248.0	327.0	271.0	276.0	304.0	265.0	241.0	254.0	240.0	278.0	290.0	340.0	277.0	291.0	320.0	267.0	287.0	285.0	246.0	308.0	240.0	287.0	226.0	280.0	535.0
183	20150910 16:42:20.230	776.0	471.0	112.0	152.0	143.0	197.0	169.0	86.0	161.0	158.0	122.0	190.0	201.0	127.0	118.0	227.0	160.0	220.0	179.0	171.0	152.0	183.0	163.0	179.0	160.0	156.0	243.0	226.0	237.0	213.0	212.0	283.0	266.0	318.0	335.0	297.0	302.0	351.0	248.0	327.0	251.0	287.0	276.0	333.0	267.0	244.0	258.0	247.0	278.0	331.0	340.0	277.0	301.0	282.0	323.0	305.0	331.0	320.0	304.0	261.0	256.0	261.0	250.0	562.0
184	20150910 08:38:23.324	764.0	468.0	186.0	135.0	194.0	141.0	146.0	125.0	179.0	203.0	208.0	229.0	132.0	193.0	135.0	186.0	228.0	164.0	157.0	217.0	209.0	197.0	196.0	197.0	219.0	195.0	203.0	265.0	278.0	264.0	283.0	307.0	279.0	349.0	278.0	290.0	248.0	257.0	278.0	343.0	247.0	265.0	320.0	309.0	308.0	257.0	289.0	266.0	299.0	258.0	327.0	318.0	382.0	308.0	305.0	317.0	248.0	238.0	395.0	317.0	281.0	359.0	271.0	345.0
185	20150910 09:48:16.760	802.0	460.0	172.0	101.0	126.0	141.0	105.0	164.0	105.0	182.0	188.0	169.0	159.0	150.0	101.0	142.0	176.0	171.0	191.0	157.0	133.0	181.0	195.0	146.0	136.0	141.0	148.0	164.0	253.0	176.0	203.0	270.0	239.0	278.0	278.0	250.0	231.0	251.0	220.0	296.0	229.0	315.0	309.0	258.0	343.0	272.0	238.0	305.0	264.0	230.0	279.0	286.0	201.0	245.0	273.0	286.0	316.0	244.0	315.0	294.0	345.0	264.0	240.0	291.0
186	20150909 16:13:32.693	829.0	415.0	154.0	117.0	102.0	85.0	148.0	139.0	147.0	150.0	131.0	180.0	119.0	221.0	146.0	178.0	147.0	157.0	184.0	148.0	110.0	180.0	175.0	170.0	198.0	141.0	90.0	155.0	110.0	176.0	98.0	93.0	125.0	137.0	146.0	98.0	154.0	115.0	142.0	169.0	141.0	142.0	123.0	127.0	117.0	134.0	116.0	191.0	113.0	99.0	137.0	206.0	171.0	89.0	117.0	155.0	202.0	146.0	175.0	206.0	279.0	249.0	170.0	206.0
187	20150910 00:26:13.358	1086.0	398.0	118.0	113.0	134.0	168.0	198.0	140.0	111.0	166.0	153.0	148.0	175.0	177.0	151.0	163.0	135.0	202.0	137.0	158.0	247.0	221.0	159.0	212.0	179.0	183.0	196.0	176.0	228.0	206.0	177.0	244.0	266.0	294.0	261.0	227.0	331.0	202.0	259.0	234.0	226.0	236.0	257.0	249.0	233.0	189.0	287.0	212.0	199.0	269.0	295.0	192.0	240.0	236.0	193.0	244.0	266.0	187.0	260.0	251.0	301.0	205.0	232.0	203.0
188	20150909 16:13:32.693	1096.0	394.0	169.0	150.0	123.0	160.0	144.0	147.0	191.0	187.0	174.0	102.0	158.0	235.0	147.0	175.0	123.0	164.0	133.0	199.0	166.0	168.0	153.0	216.0	200.0	254.0	217.0	238.0	192.0	199.0	213.0	233.0	220.0	319.0	298.0	306.0	237.0	284.0	285.0	283.0	285.0	284.0	251.0	295.0	295.0	189.0	239.0	235.0	245.0	231.0	255.0	228.0	223.0	261.0	279.0	292.0	240.0	204.0	268.0	242.0	253.0	257.0	267.0	262.0
189	20150910 07:28:05.131	814.0	349.0	124.0	139.0	174.0	115.0	124.0	156.0	198.0	134.0	179.0	184.0	127.0	178.0	205.0	178.0	238.0	145.0	164.0	177.0	150.0	166.0	135.0	232.0	247.0	197.0	431.0	512.0	539.0	494.0	491.0	654.0	584.0	697.0	589.0	637.0	590.0	587.0	548.0	597.0	537.0	645.0	614.0	558.0	540.0	557.0	501.0	471.0	551.0	556.0	581.0	518.0	563.0	602.0	458.0	586.0	474.0	417.0	437.0	547.0	477.0	472.0	448.0	441.0
190	20150910 07:28:05.131	812.0	348.0	184.0	145.0	180.0	221.0	169.0	162.0	198.0	246.0	126.0	184.0	131.0	186.0	188.0	178.0	238.0	129.0	164.0	188.0	147.0	155.0	139.0	232.0	247.0	242.0	493.0	463.0	501.0	497.0	517.0	634.0	584.0	548.0	537.0	553.0	475.0	552.0	479.0	543.0	532.0	536.0	503.0	475.0	657.0	507.0	487.0	376.0	451.0	565.0	528.0	452.0	483.0	456.0	453.0	586.0	411.0	422.0	437.0	393.0	450.0	414.0	417.0	425.0
191	20150910 07:28:05.131	816.0	346.0	126.0	163.0	171.0	172.0	172.0	199.0	146.0	118.0	120.0	137.0	178.0	273.0	163.0	161.0	221.0	189.0	207.0	177.0	203.0	212.0	203.0	213.0	250.0	300.0	491.0	582.0	567.0	494.0	491.0	724.0	691.0	783.0	631.0	673.0	604.0	659.0	549.0	616.0	679.0	645.0	614.0	659.0	511.0	557.0	578.0	495.0	618.0	594.0	672.0	585.0	541.0	602.0	577.0	527.0	589.0	396.0	500.0	590.0	530.0	473.0	438.0	601.0
192	20150910 07:28:05.131	814.0	345.0	184.0	177.0	203.0	184.0	230.0	120.0	157.0	189.0	120.0	137.0	174.0	152.0	188.0	161.0	178.0	183.0	146.0	278.0	212.0	196.0	203.0	212.0	224.0	242.0	493.0	582.0	567.0	497.0	517.0	724.0	652.0	783.0	652.0	673.0	604.0	659.0	551.0	616.0	732.0	638.0	505.0	659.0	657.0	484.0	578.0	495.0	570.0	594.0	672.0	486.0	516.0	557.0	577.0	514.0	589.0	422.0	500.0	590.0	393.0	473.0	431.0	493.0
193	20150910 08:38:23.324	818.0	342.0	140.0	198.0	180.0	162.0	160.0	187.0	201.0	157.0	151.0	167.0	167.0	203.0	131.0	133.0	173.0	163.0	159.0	195.0	151.0	237.0	165.0	203.0	241.0	179.0	428.0	480.0	616.0	440.0	385.0	606.0	554.0	736.0	556.0	569.0	523.0	585.0	428.0	519.0	632.0	623.0	541.0	592.0	436.0	475.0	527.0	375.0	459.0	423.0	425.0	449.0	519.0	457.0	484.0	375.0	352.0	319.0	511.0	527.0	360.0	433.0	352.0	428.0
194	20150910 07:28:05.131	815.0	342.0	156.0	198.0	174.0	188.0	182.0	225.0	163.0	206.0	187.0	168.0	180.0	180.0	155.0	164.0	178.0	137.0	193.0	278.0	234.0	185.0	218.0	211.0	215.0	223.0	448.0	479.0	616.0	440.0	385.0	638.0	558.0	755.0	652.0	569.0	551.0	597.0	551.0	551.0	732.0	638.0	541.0	592.0	436.0	379.0	514.0	375.0	459.0	322.0	425.0	449.0	519.0	364.0	476.0	375.0	312.0	310.0	511.0	468.0	351.0	356.0	352.0	428.0
195	20150912 04:45:16.671	496.0	339.0	160.0	185.0	154.0	222.0	115.0	129.0	181.0	218.0	159.0	182.0	146.0	157.0	149.0	131.0	121.0	148.0	198.0	151.0	172.0	124.0	194.0	137.0	167.0	208.0	192.0	185.0	136.0	163.0	157.0	170.0	170.0	154.0	190.0	220.0	134.0	149.0	124.0	171.0	168.0	157.0	157.0	169.0	214.0	112.0	148.0	145.0	159.0	141.0	171.0	156.0	187.0	165.0	178.0	204.0	170.0	177.0	176.0	250.0	149.0	179.0	192.0	526.0
196	20150912 04:45:16.671	494.0	339.0	160.0	157.0	101.0	205.0	125.0	151.0	181.0	218.0	135.0	188.0	146.0	164.0	172.0	127.0	121.0	146.0	166.0	180.0	153.0	124.0	247.0	170.0	152.0	122.0	200.0	180.0	136.0	163.0	157.0	170.0	170.0	155.0	135.0	220.0	154.0	150.0	176.0	158.0	134.0	171.0	144.0	172.0	133.0	152.0	148.0	145.0	162.0	141.0	171.0	156.0	143.0	167.0	143.0	204.0	187.0	133.0	199.0	148.0	149.0	148.0	166.0	526.0
197	20150912 04:45:16.671	496.0	337.0	108.0	166.0	139.0	164.0	115.0	165.0	118.0	218.0	159.0	152.0	102.0	224.0	140.0	185.0	190.0	146.0	198.0	129.0	120.0	119.0	123.0	137.0	167.0	138.0	141.0	134.0	189.0	164.0	157.0	181.0	170.0	144.0	135.0	220.0	145.0	163.0	124.0	158.0	223.0	128.0	94.0	169.0	214.0	142.0	148.0	125.0	159.0	141.0	149.0	182.0	178.0	163.0	178.0	121.0	165.0	177.0	118.0	199.0	154.0	123.0	162.0	526.0
198	20150912 04:45:16.671	493.0	337.0	186.0	166.0	102.0	205.0	161.0	180.0	196.0	127.0	173.0	188.0	144.0	144.0	172.0	92.0	175.0	123.0	166.0	180.0	153.0	119.0	247.0	167.0	152.0	135.0	196.0	180.0	188.0	164.0	157.0	170.0	150.0	144.0	148.0	220.0	154.0	136.0	122.0	126.0	120.0	171.0	162.0	172.0	166.0	152.0	117.0	151.0	162.0	174.0	149.0	182.0	177.0	163.0	175.0	164.0	149.0	121.0	199.0	199.0	130.0	122.0	140.0	526.0
199	20150912 04:45:16.671	498.0	335.0	142.0	151.0	98.0	147.0	159.0	165.0	117.0	172.0	137.0	156.0	97.0	224.0	135.0	185.0	190.0	88.0	173.0	119.0	158.0	99.0	146.0	128.0	119.0	120.0	133.0	150.0	182.0	145.0	148.0	181.0	160.0	141.0	134.0	196.0	145.0	163.0	170.0	154.0	223.0	114.0	145.0	149.0	175.0	152.0	136.0	154.0	110.0	108.0	181.0	125.0	178.0	157.0	136.0	125.0	223.0	170.0	135.0	135.0	176.0	139.0	144.0	442.0
200	20150912 04:45:16.671	496.0	335.0	108.0	166.0	108.0	121.0	159.0	165.0	117.0	124.0	137.0	201.0	97.0	224.0	140.0	185.0	190.0	143.0	219.0	105.0	137.0	155.0	136.0	128.0	119.0	120.0	141.0	150.0	189.0	164.0	148.0	181.0	157.0	141.0	102.0	196.0	145.0	163.0	115.0	151.0	223.0	153.0	115.0	127.0	175.0	152.0	132.0	192.0	123.0	108.0	181.0	182.0	178.0	163.0	140.0	183.0	132.0	112.0	135.0	199.0	154.0	139.0	141.0	508.0
201	20150912 04:45:16.671	493.0	335.0	186.0	166.0	102.0	135.0	192.0	216.0	196.0	207.0	173.0	136.0	87.0	124.0	106.0	150.0	175.0	123.0	120.0	173.0	138.0	119.0	136.0	188.0	91.0	135.0	196.0	159.0	188.0	164.0	129.0	158.0	157.0	132.0	178.0	153.0	175.0	136.0	116.0	145.0	132.0	117.0	162.0	127.0	195.0	90.0	132.0	151.0	123.0	174.0	133.0	182.0	132.0	163.0	175.0	164.0	144.0	150.0	179.0	199.0	121.0	122.0	140.0	508.0
202	20150912 04:45:16.671	495.0	333.0	254.0	144.0	127.0	113.0	159.0	151.0	132.0	106.0	134.0	201.0	203.0	116.0	125.0	120.0	159.0	143.0	219.0	119.0	120.0	155.0	136.0	154.0	134.0	112.0	127.0	161.0	149.0	158.0	129.0	158.0	157.0	132.0	163.0	134.0	175.0	126.0	135.0	157.0	223.0	153.0	149.0	127.0	195.0	152.0	147.0	192.0	196.0	108.0	181.0	142.0	132.0	130.0	178.0	183.0	144.0	156.0	186.0	135.0	121.0	134.0	156.0	377.0
203	20150910 13:15:19.10	616.0	182.0	125.0	155.0	188.0	160.0	203.0	164.0	164.0	171.0	180.0	129.0	196.0	218.0	185.0	145.0	159.0	162.0	251.0	171.0	174.0	233.0	169.0	196.0	191.0	162.0	232.0	191.0	221.0	305.0	280.0	979.0	1059.0	1175.0	1177.0	1039.0	1089.0	958.0	918.0	987.0	1154.0	1069.0	852.0	910.0	939.0	779.0	973.0	790.0	870.0	915.0	994.0	1017.0	1080.0	951.0	988.0	871.0	891.0	899.0	938.0	924.0	811.0	809.0	827.0	876.0
204	20150910 13:15:19.10	613.0	182.0	142.0	155.0	154.0	122.0	203.0	132.0	146.0	123.0	180.0	111.0	150.0	218.0	156.0	158.0	149.0	128.0	176.0	171.0	174.0	158.0	107.0	195.0	195.0	133.0	218.0	191.0	221.0	282.0	175.0	810.0	1014.0	973.0	950.0	980.0	886.0	884.0	727.0	859.0	923.0	794.0	852.0	886.0	885.0	659.0	973.0	790.0	870.0	915.0	994.0	971.0	1080.0	951.0	988.0	871.0	891.0	777.0	938.0	924.0	811.0	797.0	827.0	876.0
205	20150910 13:15:19.10	617.0	180.0	154.0	176.0	235.0	160.0	165.0	143.0	172.0	147.0	193.0	196.0	196.0	149.0	209.0	145.0	159.0	162.0	172.0	164.0	134.0	233.0	169.0	211.0	191.0	176.0	232.0	183.0	224.0	305.0	307.0	979.0	1042.0	1175.0	1177.0	1039.0	1089.0	958.0	918.0	987.0	1154.0	1069.0	830.0	910.0	939.0	779.0	878.0	782.0	836.0	884.0	941.0	1017.0	849.0	852.0	871.0	852.0	787.0	899.0	887.0	843.0	778.0	809.0	801.0	858.0
206	20150910 13:15:19.10	614.0	180.0	148.0	155.0	155.0	176.0	175.0	183.0	172.0	173.0	139.0	129.0	163.0	134.0	185.0	189.0	217.0	179.0	155.0	171.0	174.0	233.0	169.0	210.0	195.0	167.0	205.0	191.0	213.0	282.0	307.0	979.0	1036.0	1175.0	1177.0	1039.0	1089.0	958.0	900.0	941.0	1154.0	1069.0	852.0	910.0	939.0	779.0	973.0	790.0	870.0	915.0	941.0	1017.0	1080.0	951.0	988.0	871.0	891.0	899.0	938.0	924.0	811.0	809.0	827.0	876.0
207	20150910 13:15:19.10	612.0	180.0	134.0	115.0	155.0	176.0	175.0	183.0	129.0	173.0	139.0	146.0	169.0	182.0	149.0	189.0	217.0	179.0	176.0	136.0	186.0	129.0	139.0	166.0	195.0	167.0	218.0	148.0	185.0	282.0	195.0	586.0	786.0	760.0	594.0	649.0	544.0	579.0	472.0	608.0	624.0	612.0	560.0	676.0	673.0	601.0	590.0	600.0	647.0	693.0	752.0	720.0	770.0	730.0	704.0	715.0	738.0	701.0	650.0	708.0	613.0	595.0	724.0	656.0
208	20150910 13:15:19.10	615.0	178.0	151.0	135.0	187.0	153.0	135.0	168.0	172.0	121.0	174.0	191.0	163.0	183.0	143.0	189.0	217.0	154.0	155.0	165.0	155.0	200.0	196.0	210.0	175.0	176.0	212.0	215.0	213.0	247.0	337.0	793.0	914.0	951.0	796.0	766.0	737.0	717.0	630.0	838.0	887.0	773.0	774.0	775.0	675.0	568.0	673.0	649.0	707.0	652.0	715.0	781.0	785.0	643.0	616.0	685.0	643.0	652.0	672.0	737.0	615.0	644.0	672.0	744.0
209	20150912 04:45:16.671	777.0	61.0	168.0	130.0	124.0	170.0	170.0	178.0	192.0	192.0	157.0	120.0	153.0	204.0	187.0	152.0	141.0	125.0	187.0	122.0	130.0	181.0	103.0	269.0	131.0	145.0	173.0	152.0	168.0	183.0	144.0	152.0	135.0	138.0	148.0	97.0	129.0	178.0	126.0	172.0	155.0	117.0	153.0	148.0	211.0	123.0	175.0	184.0	133.0	146.0	222.0	182.0	119.0	146.0	133.0	181.0	212.0	169.0	134.0	166.0	144.0	175.0	122.0	363.0
210	20150910 09:48:16.760	317.0	26.0	203.0	129.0	186.0	150.0	154.0	120.0	173.0	246.0	129.0	147.0	143.0	159.0	136.0	170.0	176.0	156.0	124.0	100.0	145.0	97.0	171.0	148.0	107.0	116.0	0.0	0.0	228.0	167.0	237.0	190.0	198.0	224.0	187.0	175.0	255.0	273.0	270.0	236.0	200.0	229.0	164.0	194.0	0.0	0.0	0.0	0.0	244.0	184.0	200.0	285.0	175.0	217.0	271.0	258.0	292.0	220.0	297.0	236.0	152.0	184.0	235.0	0.0
211	20150910 13:15:19.10	779.0	23.0	133.0	197.0	167.0	145.0	133.0	117.0	122.0	164.0	162.0	167.0	144.0	180.0	117.0	134.0	173.0	169.0	147.0	107.0	148.0	112.0	127.0	107.0	0.0	0.0	0.0	0.0	135.0	166.0	131.0	568.0	657.0	754.0	515.0	622.0	503.0	616.0	548.0	550.0	523.0	461.0	166.0	0.0	0.0	0.0	0.0	0.0	559.0	607.0	593.0	531.0	580.0	470.0	619.0	630.0	548.0	429.0	538.0	633.0	492.0	525.0	0.0	0.0
212	20150910 13:15:19.10	777.0	23.0	133.0	126.0	167.0	201.0	133.0	207.0	137.0	166.0	162.0	167.0	144.0	191.0	146.0	134.0	151.0	126.0	143.0	120.0	148.0	93.0	122.0	128.0	0.0	0.0	0.0	0.0	135.0	166.0	131.0	568.0	657.0	754.0	515.0	622.0	503.0	616.0	548.0	550.0	523.0	461.0	166.0	0.0	0.0	0.0	0.0	0.0	559.0	607.0	593.0	531.0	580.0	461.0	619.0	630.0	548.0	425.0	538.0	633.0	492.0	525.0	0.0	0.0
213	20150910 13:15:19.10	780.0	21.0	132.0	197.0	152.0	145.0	121.0	142.0	110.0	156.0	120.0	130.0	141.0	180.0	184.0	125.0	199.0	185.0	136.0	143.0	140.0	136.0	127.0	0.0	0.0	0.0	0.0	0.0	140.0	147.0	115.0	568.0	662.0	754.0	619.0	632.0	531.0	563.0	690.0	625.0	653.0	461.0	0.0	0.0	0.0	0.0	0.0	0.0	559.0	607.0	593.0	531.0	527.0	470.0	619.0	630.0	548.0	429.0	533.0	633.0	492.0	525.0	0.0	0.0
214	20150910 13:15:19.10	778.0	21.0	210.0	197.0	176.0	145.0	133.0	142.0	166.0	156.0	107.0	130.0	144.0	139.0	146.0	125.0	187.0	185.0	139.0	120.0	140.0	142.0	88.0	0.0	0.0	0.0	0.0	0.0	140.0	137.0	155.0	659.0	662.0	839.0	649.0	643.0	567.0	677.0	690.0	625.0	653.0	461.0	0.0	0.0	0.0	0.0	0.0	0.0	559.0	607.0	593.0	531.0	527.0	470.0	619.0	630.0	548.0	429.0	538.0	633.0	492.0	525.0	0.0	0.0
215	20150910 13:15:19.10	779.0	19.0	210.0	161.0	152.0	156.0	121.0	142.0	145.0	158.0	112.0	130.0	126.0	127.0	142.0	170.0	144.0	185.0	120.0	108.0	114.0	142.0	88.0	0.0	0.0	0.0	0.0	0.0	140.0	135.0	223.0	659.0	662.0	839.0	649.0	643.0	548.0	677.0	690.0	625.0	653.0	0.0	0.0	0.0	0.0	0.0	0.0	0.0	0.0	476.0	477.0	416.0	482.0	378.0	501.0	486.0	374.0	360.0	428.0	583.0	378.0	455.0	0.0	0.0
216	20150910 13:15:19.10	777.0	19.0	210.0	156.0	176.0	133.0	117.0	142.0	166.0	158.0	112.0	144.0	150.0	143.0	136.0	170.0	187.0	118.0	120.0	108.0	156.0	142.0	94.0	0.0	0.0	0.0	0.0	0.0	140.0	135.0	155.0	659.0	662.0	839.0	649.0	643.0	567.0	677.0	629.0	625.0	653.0	0.0	0.0	0.0	0.0	0.0	0.0	0.0	0.0	469.0	456.0	409.0	482.0	378.0	501.0	486.0	374.0	360.0	428.0	583.0	370.0	384.0	0.0	0.0
217	20150910 10:57:20.625	322.0	8.0	135.0	159.0	170.0	146.0	147.0	222.0	176.0	184.0	209.0	154.0	163.0	231.0	172.0	167.0	191.0	160.0	243.0	182.0	0.0	0.0	0.0	0.0	0.0	0.0	0.0	0.0	0.0	249.0	305.0	287.0	293.0	329.0	285.0	293.0	332.0	300.0	216.0	0.0	0.0	0.0	0.0	0.0	0.0	0.0	0.0	0.0	0.0	275.0	409.0	337.0	377.0	301.0	302.0	309.0	309.0	275.0	288.0	318.0	0.0	0.0	0.0	0.0
