index	mortality	x	y	20150906 18:14:01.683	20150908 22:36:09.252	20150908 23:46:36.499	20150909 00:57:05.751	20150909 02:07:33.254	20150909 03:18:02.589	20150909 04:28:25.409	20150909 05:38:52.830	20150909 06:49:11.390	20150909 07:59:32.742	20150909 09:09:55.968	20150909 10:20:22.934	20150909 11:30:53.940	20150909 12:41:25.707	20150909 13:51:47.43	20150909 15:02:11.779	20150909 16:12:42.856	20150909 17:23:09.90	20150909 18:33:25.165	20150909 19:43:44.568	20150909 20:54:06.870	20150909 22:04:40.343	20150909 23:15:03.207	20150910 00:25:23.519	20150910 01:35:41.660	20150910 02:46:11.237	20150910 03:56:31.913	20150910 05:06:40.533	20150910 06:16:59.600	20150910 07:27:15.158	20150910 08:37:33.630	20150910 09:47:28.169	20150910 10:56:31.758	20150910 12:05:32.597	20150910 13:14:30.230	20150910 14:23:29.156	20150910 15:32:32.110	20150910 16:41:31.736	20150910 17:50:38.665	20150910 18:59:37.923	20150910 20:08:30.661	20150910 21:17:23.318	20150910 22:26:21.03	20150910 23:35:13.39	20150911 00:44:11.840	20150911 01:53:00.716	20150911 03:01:56.741	20150911 04:10:49.572	20150911 05:19:39.417	20150911 06:28:28.444	20150911 07:37:24.56	20150911 08:46:21.107	20150911 09:55:39.789	20150911 11:05:56.725	20150911 12:16:18.808	20150911 13:26:35.475	20150911 17:00:12.489	20150911 18:10:39.615	20150911 19:20:49.364	20150911 20:31:17.142	20150911 21:41:43.904	20150911 22:52:08.954	20150912 00:02:32.288	20150912 01:12:58.131	20150912 02:23:28.20	20150912 03:33:55.172	20150912 04:44:26.937
1	20150909 23:15:03.207	521.0	1029.0	0.0	0.0	0.0	0.0	0.0	0.0	0.0	0.0	0.0	0.0	0.0	0.0	0.0	0.0	0.0	0.0	0.0	0.0	0.0	0.0	0.0	0.0	135.0	203.0	171.0	168.0	216.0	144.0	150.0	106.0	175.0	161.0	149.0	0.0	0.0	0.0	0.0	0.0	0.0	0.0	0.0	85.0	163.0	133.0	135.0	161.0	133.0	159.0	200.0	241.0	150.0	201.0	133.0	0.0	0.0	0.0	171.0	136.0	0.0	0.0	0.0	0.0	147.0	186.0	224.0	168.0	123.0
2	20150909 18:33:25.165	799.0	1022.0	0.0	0.0	0.0	0.0	0.0	0.0	0.0	0.0	0.0	0.0	0.0	0.0	0.0	0.0	0.0	0.0	107.0	124.0	137.0	71.0	0.0	219.0	107.0	174.0	137.0	159.0	229.0	106.0	127.0	102.0	179.0	94.0	100.0	84.0	127.0	143.0	108.0	96.0	102.0	192.0	86.0	248.0	144.0	169.0	162.0	191.0	113.0	113.0	174.0	229.0	141.0	134.0	117.0	156.0	145.0	133.0	183.0	137.0	192.0	145.0	128.0	106.0	169.0	153.0	189.0	124.0	157.0
3	20150908 23:46:36.499	180.0	956.0	0.0	129.0	187.0	108.0	125.0	159.0	212.0	148.0	132.0	178.0	164.0	152.0	121.0	149.0	202.0	170.0	196.0	151.0	195.0	217.0	181.0	203.0	170.0	164.0	219.0	185.0	146.0	159.0	154.0	174.0	198.0	174.0	164.0	203.0	286.0	252.0	332.0	304.0	229.0	252.0	262.0	308.0	287.0	291.0	255.0	216.0	270.0	269.0	248.0	252.0	263.0	226.0	204.0	214.0	310.0	284.0	282.0	284.0	329.0	227.0	270.0	261.0	307.0	250.0	298.0	268.0	231.0
4	20150909 17:23:09.90	164.0	923.0	0.0	119.0	153.0	133.0	120.0	163.0	105.0	113.0	132.0	129.0	140.0	136.0	161.0	168.0	149.0	172.0	165.0	188.0	148.0	177.0	194.0	155.0	184.0	180.0	231.0	184.0	222.0	176.0	246.0	157.0	172.0	227.0	202.0	211.0	303.0	302.0	332.0	366.0	247.0	290.0	303.0	269.0	298.0	317.0	231.0	274.0	255.0	257.0	255.0	302.0	247.0	309.0	240.0	271.0	303.0	298.0	321.0	360.0	243.0	286.0	268.0	318.0	317.0	291.0	311.0	336.0	294.0
5	20150910 00:25:23.519	90.0	912.0	0.0	208.0	146.0	148.0	140.0	163.0	151.0	112.0	149.0	153.0	167.0	124.0	140.0	173.0	98.0	170.0	126.0	147.0	145.0	163.0	183.0	193.0	197.0	290.0	165.0	313.0	310.0	244.0	282.0	303.0	316.0	302.0	281.0	338.0	381.0	339.0	354.0	390.0	297.0	375.0	328.0	347.0	350.0	344.0	280.0	494.0	301.0	263.0	287.0	0.0	0.0	337.0	383.0	323.0	449.0	386.0	380.0	359.0	372.0	349.0	364.0	435.0	403.0	337.0	306.0	351.0	350.0
6	20150909 06:49:11.390	830.0	863.0	0.0	115.0	133.0	97.0	106.0	157.0	150.0	118.0	163.0	66.0	190.0	76.0	116.0	107.0	159.0	139.0	202.0	148.0	135.0	113.0	150.0	140.0	166.0	148.0	156.0	174.0	168.0	136.0	105.0	162.0	202.0	170.0	130.0	122.0	199.0	208.0	144.0	166.0	170.0	143.0	142.0	163.0	213.0	305.0	287.0	223.0	298.0	241.0	228.0	232.0	291.0	209.0	179.0	189.0	258.0	279.0	235.0	217.0	281.0	231.0	219.0	228.0	259.0	265.0	254.0	241.0	322.0
7	20150910 08:37:33.630	881.0	843.0	0.0	176.0	165.0	113.0	106.0	139.0	199.0	133.0	138.0	177.0	218.0	135.0	124.0	114.0	196.0	184.0	150.0	203.0	172.0	216.0	100.0	167.0	130.0	166.0	184.0	213.0	201.0	178.0	116.0	130.0	261.0	192.0	221.0	224.0	207.0	259.0	260.0	256.0	224.0	202.0	267.0	255.0	209.0	234.0	228.0	252.0	298.0	207.0	224.0	215.0	219.0	256.0	237.0	227.0	325.0	366.0	345.0	311.0	274.0	274.0	244.0	318.0	340.0	317.0	370.0	472.0	410.0
8	20150909 23:15:03.207	897.0	832.0	0.0	183.0	135.0	142.0	106.0	146.0	147.0	109.0	131.0	131.0	172.0	187.0	124.0	101.0	193.0	179.0	135.0	126.0	167.0	179.0	147.0	179.0	228.0	185.0	147.0	144.0	155.0	148.0	127.0	146.0	174.0	140.0	217.0	170.0	248.0	187.0	219.0	280.0	222.0	241.0	235.0	261.0	284.0	313.0	238.0	308.0	285.0	266.0	214.0	209.0	196.0	230.0	277.0	200.0	293.0	272.0	234.0	300.0	235.0	303.0	231.0	259.0	272.0	285.0	254.0	454.0	313.0
9	20150909 04:28:25.409	884.0	826.0	0.0	159.0	156.0	133.0	161.0	187.0	232.0	158.0	167.0	159.0	189.0	156.0	150.0	165.0	229.0	163.0	191.0	175.0	176.0	145.0	148.0	143.0	169.0	214.0	183.0	194.0	180.0	167.0	151.0	209.0	137.0	170.0	200.0	214.0	231.0	289.0	273.0	307.0	215.0	263.0	280.0	287.0	268.0	273.0	207.0	266.0	308.0	230.0	252.0	290.0	280.0	244.0	255.0	225.0	347.0	319.0	311.0	243.0	269.0	247.0	257.0	242.0	406.0	326.0	339.0	330.0	378.0
10	20150910 18:59:37.923	843.0	823.0	0.0	179.0	131.0	121.0	137.0	145.0	127.0	145.0	128.0	187.0	150.0	88.0	183.0	146.0	152.0	118.0	159.0	142.0	163.0	180.0	86.0	124.0	141.0	111.0	128.0	131.0	170.0	176.0	148.0	178.0	163.0	153.0	126.0	155.0	167.0	194.0	162.0	185.0	173.0	220.0	222.0	185.0	209.0	187.0	168.0	175.0	154.0	176.0	177.0	241.0	152.0	132.0	220.0	196.0	237.0	215.0	175.0	193.0	198.0	180.0	184.0	241.0	207.0	254.0	236.0	395.0	397.0
11	20150909 04:28:25.409	863.0	821.0	0.0	169.0	130.0	213.0	196.0	178.0	256.0	220.0	155.0	173.0	172.0	182.0	167.0	199.0	193.0	173.0	239.0	199.0	168.0	288.0	167.0	185.0	177.0	239.0	238.0	221.0	218.0	150.0	135.0	152.0	218.0	178.0	233.0	255.0	250.0	195.0	285.0	297.0	221.0	251.0	274.0	224.0	300.0	291.0	250.0	258.0	262.0	254.0	258.0	306.0	270.0	196.0	283.0	238.0	311.0	279.0	290.0	276.0	274.0	259.0	320.0	273.0	317.0	356.0	404.0	431.0	454.0
12	20150908 22:36:09.252	859.0	813.0	0.0	212.0	165.0	132.0	142.0	117.0	182.0	168.0	153.0	133.0	172.0	135.0	168.0	134.0	169.0	179.0	127.0	134.0	140.0	152.0	180.0	126.0	101.0	174.0	162.0	151.0	170.0	166.0	140.0	234.0	175.0	227.0	173.0	174.0	181.0	183.0	163.0	204.0	138.0	174.0	175.0	227.0	222.0	228.0	195.0	231.0	203.0	244.0	179.0	179.0	172.0	168.0	200.0	171.0	238.0	295.0	238.0	191.0	191.0	217.0	180.0	272.0	282.0	365.0	355.0	310.0	390.0
13	20150908 23:46:36.499	242.0	791.0	79.0	134.0	197.0	128.0	159.0	158.0	96.0	160.0	141.0	174.0	137.0	163.0	127.0	108.0	132.0	153.0	175.0	154.0	115.0	121.0	119.0	210.0	154.0	179.0	167.0	114.0	155.0	184.0	165.0	222.0	182.0	117.0	116.0	132.0	193.0	162.0	137.0	206.0	130.0	137.0	185.0	110.0	118.0	127.0	172.0	203.0	115.0	155.0	195.0	190.0	126.0	144.0	176.0	159.0	123.0	182.0	141.0	134.0	118.0	180.0	222.0	190.0	186.0	150.0	160.0	162.0	264.0
14	20150909 19:43:44.568	899.0	768.0	157.0	108.0	106.0	96.0	127.0	146.0	139.0	128.0	131.0	136.0	108.0	164.0	164.0	200.0	188.0	127.0	94.0	158.0	145.0	191.0	145.0	167.0	193.0	190.0	144.0	221.0	161.0	196.0	121.0	174.0	226.0	149.0	128.0	143.0	159.0	203.0	204.0	194.0	128.0	181.0	156.0	226.0	158.0	194.0	200.0	213.0	143.0	107.0	209.0	190.0	270.0	210.0	185.0	153.0	276.0	238.0	196.0	206.0	156.0	221.0	203.0	205.0	261.0	190.0	251.0	272.0	242.0
15	20150910 13:14:30.230	840.0	764.0	123.0	199.0	162.0	131.0	190.0	146.0	143.0	154.0	142.0	168.0	170.0	134.0	148.0	154.0	183.0	146.0	151.0	165.0	128.0	133.0	170.0	194.0	180.0	173.0	173.0	189.0	198.0	182.0	169.0	159.0	198.0	175.0	188.0	208.0	273.0	175.0	245.0	258.0	214.0	249.0	245.0	204.0	221.0	232.0	222.0	285.0	199.0	224.0	241.0	257.0	235.0	203.0	233.0	293.0	322.0	326.0	216.0	219.0	271.0	274.0	279.0	217.0	185.0	194.0	278.0	196.0	219.0
16	20150910 13:14:30.230	841.0	753.0	140.0	152.0	212.0	175.0	145.0	150.0	174.0	128.0	164.0	114.0	122.0	155.0	195.0	183.0	169.0	177.0	142.0	146.0	167.0	145.0	247.0	148.0	145.0	220.0	178.0	233.0	181.0	178.0	160.0	159.0	212.0	186.0	157.0	195.0	253.0	194.0	315.0	280.0	251.0	250.0	229.0	237.0	282.0	387.0	220.0	272.0	337.0	232.0	360.0	279.0	317.0	230.0	237.0	225.0	257.0	285.0	262.0	253.0	289.0	278.0	291.0	228.0	286.0	217.0	284.0	274.0	288.0
17	20150910 09:47:28.169	28.0	738.0	145.0	107.0	140.0	166.0	156.0	111.0	112.0	134.0	114.0	177.0	159.0	121.0	87.0	115.0	232.0	155.0	110.0	140.0	116.0	99.0	147.0	156.0	160.0	148.0	0.0	0.0	0.0	0.0	0.0	0.0	0.0	219.0	147.0	181.0	246.0	299.0	302.0	318.0	275.0	312.0	350.0	351.0	283.0	233.0	289.0	285.0	0.0	0.0	0.0	0.0	0.0	0.0	206.0	237.0	339.0	328.0	371.0	340.0	286.0	355.0	322.0	312.0	286.0	252.0	308.0	0.0	0.0
18	20150909 22:04:40.343	430.0	739.0	114.0	169.0	130.0	159.0	107.0	134.0	150.0	138.0	105.0	144.0	155.0	113.0	108.0	175.0	101.0	89.0	159.0	162.0	159.0	161.0	126.0	251.0	177.0	170.0	153.0	137.0	184.0	119.0	132.0	176.0	136.0	182.0	98.0	142.0	184.0	120.0	175.0	112.0	161.0	152.0	140.0	102.0	194.0	131.0	118.0	174.0	119.0	181.0	203.0	216.0	182.0	108.0	152.0	182.0	151.0	303.0	121.0	182.0	146.0	195.0	200.0	105.0	154.0	119.0	180.0	129.0	159.0
19	20150910 09:47:28.169	6.0	738.0	150.0	162.0	172.0	138.0	140.0	146.0	209.0	120.0	153.0	143.0	156.0	157.0	144.0	153.0	138.0	159.0	131.0	134.0	143.0	140.0	152.0	120.0	110.0	0.0	0.0	0.0	0.0	0.0	0.0	0.0	0.0	230.0	232.0	236.0	317.0	231.0	319.0	374.0	278.0	308.0	324.0	332.0	281.0	0.0	0.0	0.0	0.0	0.0	0.0	0.0	0.0	0.0	229.0	226.0	338.0	362.0	299.0	312.0	301.0	269.0	220.0	250.0	312.0	222.0	0.0	0.0	0.0
20	20150910 13:14:30.230	860.0	731.0	125.0	151.0	112.0	144.0	166.0	167.0	127.0	125.0	139.0	152.0	160.0	142.0	150.0	148.0	107.0	125.0	132.0	150.0	140.0	159.0	169.0	156.0	173.0	150.0	116.0	152.0	200.0	177.0	131.0	136.0	155.0	133.0	187.0	127.0	224.0	171.0	273.0	296.0	232.0	160.0	235.0	169.0	176.0	219.0	164.0	208.0	187.0	258.0	200.0	200.0	181.0	150.0	185.0	205.0	175.0	226.0	219.0	228.0	189.0	165.0	157.0	290.0	160.0	163.0	189.0	205.0	223.0
21	20150910 12:05:32.597	31.0	728.0	136.0	175.0	134.0	188.0	170.0	132.0	147.0	116.0	129.0	165.0	135.0	105.0	127.0	182.0	187.0	171.0	181.0	142.0	102.0	152.0	141.0	184.0	151.0	218.0	0.0	0.0	0.0	0.0	0.0	0.0	0.0	185.0	154.0	246.0	305.0	221.0	377.0	296.0	284.0	325.0	277.0	285.0	385.0	224.0	268.0	262.0	0.0	0.0	0.0	0.0	0.0	0.0	258.0	244.0	324.0	282.0	383.0	304.0	318.0	281.0	255.0	379.0	322.0	290.0	309.0	0.0	0.0
22	20150910 09:47:28.169	5.0	723.0	175.0	156.0	126.0	159.0	131.0	163.0	204.0	132.0	173.0	147.0	207.0	173.0	154.0	132.0	149.0	124.0	153.0	234.0	231.0	170.0	130.0	200.0	0.0	0.0	0.0	0.0	0.0	0.0	0.0	0.0	0.0	261.0	232.0	189.0	260.0	244.0	232.0	303.0	278.0	298.0	280.0	256.0	261.0	0.0	0.0	0.0	0.0	0.0	0.0	0.0	0.0	0.0	213.0	272.0	287.0	324.0	366.0	329.0	289.0	250.0	290.0	336.0	219.0	237.0	0.0	0.0	0.0
23	20150910 09:47:28.169	12.0	713.0	152.0	211.0	169.0	115.0	127.0	180.0	140.0	186.0	185.0	201.0	167.0	154.0	128.0	200.0	134.0	215.0	156.0	160.0	162.0	156.0	145.0	169.0	155.0	0.0	0.0	0.0	0.0	0.0	0.0	0.0	0.0	197.0	253.0	312.0	239.0	225.0	324.0	307.0	281.0	340.0	256.0	293.0	299.0	246.0	0.0	0.0	0.0	0.0	0.0	0.0	0.0	0.0	257.0	241.0	343.0	304.0	233.0	289.0	280.0	270.0	220.0	282.0	227.0	256.0	212.0	0.0	0.0
24	20150910 09:47:28.169	30.0	711.0	136.0	128.0	205.0	138.0	136.0	160.0	148.0	154.0	151.0	192.0	138.0	139.0	121.0	154.0	164.0	151.0	138.0	120.0	151.0	182.0	100.0	167.0	107.0	165.0	0.0	0.0	0.0	0.0	0.0	0.0	0.0	177.0	199.0	189.0	212.0	248.0	221.0	251.0	252.0	254.0	261.0	265.0	215.0	269.0	215.0	261.0	0.0	0.0	0.0	0.0	0.0	0.0	234.0	306.0	298.0	310.0	285.0	280.0	253.0	310.0	310.0	299.0	269.0	224.0	262.0	0.0	0.0
25	20150910 15:32:32.110	363.0	708.0	160.0	147.0	125.0	160.0	150.0	184.0	132.0	114.0	150.0	137.0	111.0	120.0	143.0	142.0	115.0	139.0	158.0	187.0	132.0	162.0	173.0	160.0	144.0	155.0	225.0	174.0	165.0	177.0	190.0	145.0	194.0	171.0	180.0	156.0	191.0	191.0	281.0	373.0	218.0	233.0	293.0	275.0	278.0	219.0	275.0	311.0	226.0	202.0	251.0	242.0	280.0	252.0	228.0	215.0	277.0	238.0	274.0	286.0	220.0	207.0	265.0	319.0	232.0	195.0	234.0	277.0	248.0
26	20150910 09:47:28.169	28.0	700.0	129.0	147.0	142.0	128.0	147.0	84.0	121.0	146.0	148.0	157.0	134.0	121.0	108.0	107.0	116.0	149.0	163.0	165.0	167.0	164.0	153.0	114.0	152.0	130.0	0.0	0.0	0.0	0.0	0.0	0.0	0.0	203.0	148.0	171.0	179.0	269.0	261.0	257.0	220.0	235.0	168.0	191.0	225.0	234.0	178.0	165.0	0.0	0.0	0.0	0.0	0.0	0.0	244.0	170.0	256.0	271.0	253.0	233.0	278.0	185.0	216.0	241.0	259.0	186.0	195.0	0.0	0.0
27	20150910 13:14:30.230	370.0	697.0	163.0	135.0	180.0	134.0	159.0	121.0	114.0	151.0	121.0	154.0	160.0	171.0	152.0	145.0	189.0	140.0	193.0	171.0	159.0	175.0	167.0	181.0	132.0	133.0	155.0	187.0	141.0	171.0	125.0	175.0	162.0	125.0	151.0	141.0	253.0	251.0	265.0	368.0	237.0	230.0	262.0	249.0	223.0	216.0	219.0	215.0	262.0	258.0	244.0	224.0	216.0	213.0	229.0	198.0	245.0	237.0	207.0	213.0	250.0	198.0	276.0	256.0	328.0	202.0	254.0	265.0	220.0
28	20150909 23:15:03.207	366.0	689.0	158.0	146.0	165.0	111.0	120.0	155.0	136.0	108.0	142.0	107.0	169.0	159.0	104.0	146.0	167.0	224.0	83.0	150.0	200.0	149.0	172.0	139.0	208.0	181.0	132.0	138.0	141.0	145.0	224.0	172.0	210.0	196.0	154.0	169.0	230.0	208.0	209.0	240.0	126.0	194.0	196.0	192.0	149.0	156.0	303.0	172.0	179.0	173.0	186.0	213.0	157.0	170.0	199.0	152.0	212.0	168.0	173.0	195.0	204.0	203.0	210.0	298.0	253.0	170.0	328.0	149.0	216.0
29	20150909 02:07:33.254	999.0	497.0	200.0	102.0	154.0	73.0	215.0	141.0	204.0	102.0	194.0	150.0	110.0	119.0	130.0	154.0	160.0	114.0	149.0	166.0	117.0	141.0	100.0	227.0	160.0	145.0	157.0	137.0	124.0	153.0	175.0	112.0	174.0	172.0	100.0	146.0	164.0	120.0	139.0	173.0	190.0	93.0	152.0	109.0	245.0	165.0	182.0	208.0	126.0	179.0	242.0	148.0	149.0	148.0	109.0	112.0	161.0	238.0	145.0	128.0	101.0	161.0	132.0	262.0	174.0	190.0	211.0	127.0	135.0
30	20150909 04:28:25.409	497.0	370.0	167.0	129.0	130.0	112.0	121.0	94.0	268.0	200.0	149.0	126.0	142.0	153.0	138.0	117.0	168.0	106.0	111.0	157.0	155.0	83.0	152.0	144.0	122.0	193.0	130.0	169.0	126.0	133.0	137.0	145.0	176.0	170.0	140.0	121.0	149.0	157.0	212.0	163.0	197.0	153.0	178.0	147.0	107.0	115.0	151.0	142.0	180.0	142.0	144.0	144.0	118.0	182.0	137.0	162.0	158.0	196.0	216.0	179.0	137.0	125.0	148.0	174.0	172.0	124.0	107.0	154.0	207.0
31	20150908 22:36:09.252	1208.0	363.0	0.0	167.0	132.0	146.0	201.0	174.0	161.0	129.0	191.0	167.0	143.0	158.0	128.0	118.0	183.0	156.0	152.0	191.0	105.0	108.0	122.0	179.0	185.0	109.0	199.0	189.0	164.0	125.0	179.0	131.0	157.0	191.0	180.0	165.0	184.0	231.0	223.0	263.0	193.0	185.0	217.0	271.0	191.0	220.0	191.0	261.0	228.0	241.0	213.0	181.0	182.0	244.0	208.0	161.0	222.0	271.0	260.0	210.0	244.0	194.0	198.0	232.0	233.0	212.0	227.0	317.0	217.0
32	20150909 06:49:11.390	1193.0	364.0	0.0	124.0	127.0	100.0	143.0	112.0	143.0	88.0	211.0	137.0	113.0	171.0	155.0	129.0	143.0	184.0	102.0	114.0	113.0	163.0	111.0	170.0	114.0	149.0	163.0	175.0	118.0	134.0	122.0	185.0	178.0	224.0	144.0	188.0	311.0	229.0	209.0	262.0	266.0	213.0	175.0	215.0	270.0	236.0	211.0	233.0	205.0	227.0	239.0	221.0	187.0	214.0	244.0	183.0	247.0	322.0	266.0	259.0	196.0	287.0	216.0	222.0	287.0	276.0	168.0	312.0	250.0
33	20150910 08:37:33.630	1162.0	362.0	135.0	139.0	166.0	133.0	140.0	223.0	129.0	163.0	130.0	137.0	140.0	176.0	115.0	145.0	177.0	108.0	169.0	113.0	143.0	162.0	113.0	140.0	170.0	189.0	130.0	170.0	189.0	129.0	135.0	163.0	230.0	174.0	166.0	271.0	213.0	261.0	264.0	241.0	141.0	237.0	228.0	245.0	208.0	156.0	226.0	215.0	229.0	215.0	205.0	269.0	184.0	201.0	169.0	243.0	280.0	185.0	254.0	271.0	220.0	293.0	185.0	211.0	241.0	290.0	219.0	260.0	261.0
35	20150910 14:23:29.156	1173.0	359.0	145.0	131.0	149.0	120.0	211.0	149.0	169.0	133.0	184.0	163.0	177.0	175.0	176.0	161.0	174.0	147.0	149.0	165.0	176.0	159.0	168.0	143.0	160.0	141.0	122.0	146.0	183.0	170.0	185.0	163.0	154.0	199.0	208.0	162.0	205.0	247.0	243.0	325.0	185.0	250.0	228.0	215.0	235.0	279.0	217.0	231.0	246.0	203.0	238.0	248.0	179.0	211.0	194.0	209.0	248.0	253.0	261.0	213.0	218.0	256.0	201.0	273.0	285.0	228.0	244.0	269.0	323.0
36	20150910 14:23:29.156	567.0	358.0	137.0	161.0	173.0	164.0	101.0	124.0	131.0	143.0	156.0	146.0	126.0	140.0	180.0	124.0	159.0	111.0	173.0	179.0	161.0	224.0	107.0	172.0	152.0	135.0	110.0	154.0	112.0	139.0	141.0	123.0	139.0	186.0	87.0	122.0	151.0	176.0	224.0	138.0	178.0	120.0	138.0	131.0	128.0	115.0	187.0	164.0	171.0	140.0	254.0	144.0	167.0	109.0	110.0	149.0	143.0	181.0	189.0	168.0	143.0	155.0	185.0	192.0	242.0	170.0	162.0	131.0	176.0
37	20150910 03:56:31.913	1185.0	355.0	177.0	125.0	147.0	134.0	117.0	140.0	167.0	187.0	117.0	120.0	112.0	161.0	121.0	137.0	161.0	197.0	122.0	139.0	119.0	188.0	109.0	129.0	151.0	165.0	168.0	180.0	210.0	163.0	176.0	228.0	254.0	152.0	228.0	197.0	193.0	209.0	193.0	201.0	211.0	191.0	273.0	180.0	231.0	182.0	157.0	223.0	187.0	267.0	210.0	175.0	197.0	159.0	163.0	283.0	219.0	257.0	182.0	209.0	213.0	270.0	190.0	260.0	274.0	169.0	210.0	194.0	240.0
38	20150910 08:37:33.630	1170.0	354.0	161.0	128.0	170.0	181.0	142.0	153.0	155.0	164.0	194.0	126.0	144.0	153.0	151.0	182.0	242.0	122.0	181.0	189.0	161.0	176.0	140.0	141.0	189.0	145.0	137.0	147.0	181.0	122.0	163.0	179.0	219.0	143.0	181.0	213.0	201.0	253.0	214.0	259.0	216.0	255.0	228.0	198.0	192.0	255.0	191.0	281.0	204.0	193.0	238.0	226.0	283.0	218.0	205.0	185.0	254.0	294.0	256.0	289.0	208.0	213.0	186.0	300.0	289.0	243.0	206.0	243.0	247.0
39	20150911 09:55:39.789	410.0	354.0	193.0	117.0	148.0	154.0	143.0	138.0	127.0	117.0	184.0	124.0	209.0	137.0	141.0	200.0	166.0	175.0	170.0	126.0	143.0	105.0	102.0	154.0	143.0	226.0	154.0	155.0	111.0	144.0	111.0	159.0	162.0	156.0	124.0	118.0	141.0	132.0	159.0	145.0	142.0	147.0	159.0	67.0	132.0	90.0	144.0	127.0	116.0	135.0	155.0	141.0	147.0	123.0	196.0	129.0	160.0	144.0	165.0	135.0	169.0	221.0	246.0	134.0	204.0	144.0	162.0	136.0	158.0
40	20150911 03:01:56.741	448.0	352.0	169.0	157.0	170.0	191.0	154.0	186.0	117.0	145.0	119.0	160.0	135.0	156.0	194.0	125.0	158.0	164.0	141.0	108.0	118.0	111.0	148.0	131.0	193.0	156.0	106.0	165.0	210.0	158.0	131.0	169.0	135.0	157.0	135.0	160.0	175.0	183.0	162.0	141.0	123.0	222.0	104.0	135.0	165.0	164.0	122.0	121.0	206.0	160.0	171.0	163.0	126.0	202.0	183.0	142.0	136.0	176.0	105.0	146.0	151.0	182.0	198.0	241.0	154.0	132.0	219.0	130.0	201.0
41	20150909 06:49:11.390	1232.0	340.0	0.0	109.0	161.0	147.0	120.0	120.0	147.0	119.0	178.0	171.0	170.0	131.0	136.0	89.0	162.0	131.0	115.0	117.0	133.0	176.0	119.0	166.0	140.0	124.0	98.0	142.0	138.0	129.0	242.0	106.0	150.0	111.0	144.0	151.0	168.0	150.0	245.0	215.0	156.0	194.0	226.0	245.0	226.0	201.0	303.0	177.0	231.0	243.0	247.0	230.0	209.0	189.0	212.0	228.0	281.0	260.0	192.0	249.0	228.0	254.0	206.0	323.0	255.0	213.0	191.0	245.0	153.0
42	20150910 00:25:23.519	977.0	325.0	186.0	129.0	171.0	125.0	162.0	130.0	132.0	126.0	108.0	122.0	84.0	141.0	146.0	102.0	91.0	169.0	143.0	142.0	149.0	129.0	109.0	172.0	177.0	218.0	218.0	151.0	135.0	144.0	147.0	147.0	197.0	95.0	172.0	111.0	194.0	158.0	99.0	142.0	113.0	173.0	152.0	119.0	114.0	138.0	180.0	203.0	148.0	103.0	151.0	120.0	161.0	126.0	140.0	138.0	131.0	264.0	166.0	183.0	160.0	183.0	110.0	197.0	202.0	123.0	223.0	107.0	283.0
43	20150909 16:12:42.856	802.0	296.0	169.0	175.0	157.0	103.0	120.0	139.0	120.0	126.0	125.0	89.0	145.0	126.0	177.0	156.0	174.0	182.0	225.0	164.0	156.0	185.0	149.0	183.0	141.0	143.0	172.0	162.0	205.0	156.0	202.0	191.0	215.0	185.0	185.0	214.0	209.0	224.0	220.0	281.0	278.0	285.0	209.0	200.0	216.0	231.0	206.0	204.0	206.0	224.0	172.0	197.0	229.0	163.0	188.0	236.0	254.0	291.0	285.0	271.0	300.0	267.0	298.0	298.0	260.0	275.0	288.0	336.0	341.0
44	20150910 08:37:33.630	805.0	294.0	139.0	137.0	177.0	127.0	145.0	135.0	155.0	131.0	172.0	145.0	93.0	160.0	138.0	170.0	174.0	154.0	156.0	130.0	171.0	185.0	135.0	213.0	121.0	184.0	128.0	163.0	150.0	180.0	158.0	141.0	237.0	203.0	201.0	214.0	209.0	231.0	232.0	236.0	218.0	281.0	229.0	196.0	236.0	231.0	278.0	195.0	145.0	181.0	234.0	212.0	194.0	217.0	213.0	212.0	338.0	297.0	213.0	265.0	243.0	273.0	207.0	259.0	199.0	278.0	274.0	298.0	355.0
45	20150909 19:43:44.568	823.0	281.0	170.0	105.0	127.0	102.0	165.0	140.0	173.0	144.0	160.0	174.0	121.0	96.0	159.0	144.0	149.0	172.0	148.0	121.0	129.0	245.0	124.0	243.0	205.0	124.0	154.0	188.0	276.0	145.0	148.0	136.0	158.0	146.0	169.0	189.0	188.0	156.0	255.0	273.0	195.0	268.0	267.0	229.0	350.0	247.0	187.0	259.0	263.0	278.0	225.0	171.0	216.0	179.0	186.0	198.0	234.0	292.0	249.0	252.0	222.0	254.0	199.0	248.0	321.0	224.0	277.0	292.0	305.0
46	20150910 03:56:31.913	824.0	279.0	179.0	151.0	129.0	161.0	104.0	167.0	168.0	109.0	120.0	128.0	115.0	139.0	113.0	146.0	165.0	152.0	157.0	163.0	143.0	140.0	158.0	178.0	130.0	147.0	154.0	152.0	276.0	158.0	159.0	152.0	158.0	148.0	169.0	204.0	154.0	263.0	236.0	273.0	272.0	268.0	261.0	224.0	248.0	216.0	215.0	223.0	223.0	212.0	270.0	253.0	216.0	248.0	186.0	250.0	234.0	326.0	249.0	250.0	222.0	265.0	209.0	195.0	285.0	279.0	277.0	242.0	325.0
47	20150910 00:25:23.519	814.0	273.0	164.0	176.0	111.0	118.0	161.0	129.0	131.0	104.0	154.0	138.0	128.0	92.0	145.0	141.0	134.0	95.0	138.0	196.0	142.0	174.0	146.0	146.0	161.0	240.0	218.0	217.0	175.0	149.0	169.0	264.0	201.0	232.0	170.0	202.0	225.0	236.0	356.0	285.0	287.0	275.0	298.0	267.0	316.0	234.0	215.0	229.0	233.0	268.0	276.0	218.0	248.0	262.0	255.0	207.0	267.0	254.0	303.0	300.0	272.0	279.0	336.0	317.0	345.0	242.0	261.0	368.0	362.0
48	20150909 06:49:11.390	930.0	271.0	188.0	167.0	179.0	117.0	158.0	169.0	131.0	174.0	243.0	145.0	149.0	197.0	164.0	223.0	180.0	184.0	170.0	128.0	202.0	168.0	203.0	196.0	131.0	257.0	210.0	188.0	140.0	229.0	137.0	152.0	214.0	140.0	162.0	171.0	179.0	203.0	196.0	181.0	163.0	182.0	230.0	245.0	174.0	174.0	232.0	202.0	244.0	169.0	203.0	169.0	190.0	211.0	157.0	207.0	244.0	197.0	185.0	207.0	224.0	170.0	241.0	300.0	248.0	184.0	275.0	217.0	244.0
49	20150910 08:37:33.630	801.0	268.0	226.0	128.0	150.0	150.0	173.0	115.0	156.0	146.0	136.0	190.0	148.0	166.0	154.0	127.0	144.0	213.0	199.0	214.0	119.0	233.0	130.0	157.0	170.0	144.0	158.0	163.0	268.0	242.0	272.0	232.0	340.0	272.0	288.0	259.0	387.0	277.0	342.0	417.0	285.0	295.0	358.0	424.0	369.0	335.0	302.0	319.0	316.0	326.0	308.0	314.0	327.0	325.0	226.0	308.0	438.0	327.0	396.0	358.0	331.0	326.0	377.0	324.0	449.0	346.0	304.0	400.0	440.0
50	20150909 19:43:44.568	1008.0	269.0	122.0	145.0	179.0	183.0	176.0	139.0	117.0	213.0	172.0	198.0	204.0	103.0	159.0	135.0	228.0	134.0	145.0	158.0	100.0	204.0	148.0	114.0	204.0	129.0	204.0	177.0	117.0	152.0	147.0	175.0	198.0	142.0	196.0	174.0	225.0	198.0	264.0	233.0	211.0	161.0	207.0	170.0	180.0	201.0	229.0	200.0	221.0	182.0	205.0	302.0	164.0	193.0	231.0	161.0	221.0	260.0	240.0	212.0	195.0	182.0	277.0	198.0	231.0	210.0	200.0	158.0	223.0
51	20150910 13:14:30.230	1017.0	254.0	143.0	124.0	167.0	92.0	157.0	165.0	141.0	105.0	124.0	155.0	185.0	141.0	118.0	138.0	165.0	183.0	174.0	142.0	127.0	145.0	163.0	152.0	128.0	143.0	177.0	157.0	179.0	185.0	166.0	168.0	134.0	173.0	242.0	208.0	345.0	281.0	357.0	365.0	327.0	431.0	381.0	328.0	406.0	313.0	358.0	287.0	299.0	347.0	263.0	251.0	279.0	219.0	273.0	238.0	405.0	353.0	361.0	272.0	342.0	305.0	320.0	330.0	329.0	244.0	282.0	386.0	295.0
52	20150909 05:38:52.830	449.0	255.0	173.0	121.0	132.0	158.0	133.0	148.0	134.0	165.0	176.0	129.0	153.0	154.0	166.0	161.0	137.0	167.0	145.0	198.0	128.0	101.0	147.0	143.0	141.0	143.0	147.0	167.0	198.0	127.0	158.0	161.0	183.0	134.0	136.0	139.0	170.0	149.0	143.0	190.0	180.0	129.0	137.0	162.0	154.0	141.0	188.0	156.0	160.0	154.0	150.0	190.0	92.0	108.0	149.0	129.0	121.0	170.0	133.0	119.0	177.0	134.0	187.0	154.0	120.0	112.0	166.0	168.0	165.0
54	20150909 09:09:55.968	984.0	252.0	142.0	143.0	186.0	148.0	217.0	192.0	199.0	208.0	156.0	175.0	337.0	155.0	158.0	170.0	228.0	149.0	192.0	174.0	220.0	226.0	162.0	233.0	226.0	199.0	211.0	196.0	197.0	248.0	209.0	257.0	295.0	251.0	272.0	302.0	288.0	307.0	417.0	359.0	251.0	298.0	330.0	353.0	372.0	293.0	297.0	363.0	283.0	306.0	293.0	293.0	297.0	322.0	241.0	318.0	362.0	337.0	346.0	417.0	331.0	328.0	301.0	276.0	385.0	331.0	306.0	356.0	439.0
55	20150910 14:23:29.156	980.0	245.0	111.0	120.0	140.0	123.0	164.0	163.0	201.0	194.0	190.0	197.0	160.0	159.0	170.0	142.0	195.0	239.0	152.0	173.0	158.0	196.0	176.0	170.0	279.0	181.0	202.0	192.0	235.0	227.0	245.0	207.0	267.0	305.0	224.0	272.0	303.0	375.0	304.0	373.0	335.0	480.0	341.0	357.0	369.0	332.0	370.0	251.0	308.0	306.0	358.0	331.0	323.0	294.0	299.0	292.0	472.0	354.0	305.0	394.0	288.0	319.0	334.0	393.0	507.0	315.0	379.0	356.0	410.0
56	20150910 22:26:21.03	991.0	235.0	227.0	175.0	163.0	161.0	158.0	110.0	149.0	203.0	159.0	190.0	193.0	181.0	163.0	153.0	163.0	179.0	179.0	162.0	151.0	161.0	197.0	149.0	223.0	149.0	149.0	199.0	231.0	190.0	178.0	170.0	243.0	221.0	200.0	241.0	276.0	345.0	278.0	292.0	349.0	375.0	300.0	258.0	398.0	284.0	224.0	251.0	294.0	284.0	282.0	245.0	203.0	245.0	374.0	273.0	323.0	315.0	386.0	352.0	303.0	284.0	311.0	398.0	332.0	278.0	367.0	406.0	661.0
57	20150912 03:33:55.172	967.0	229.0	175.0	180.0	124.0	180.0	132.0	166.0	227.0	150.0	191.0	172.0	197.0	152.0	172.0	155.0	171.0	140.0	185.0	167.0	180.0	216.0	179.0	185.0	177.0	178.0	199.0	143.0	203.0	165.0	205.0	204.0	178.0	243.0	294.0	230.0	219.0	231.0	264.0	292.0	239.0	294.0	239.0	237.0	316.0	273.0	324.0	229.0	217.0	241.0	258.0	257.0	251.0	190.0	230.0	216.0	268.0	309.0	282.0	258.0	292.0	251.0	268.0	295.0	294.0	284.0	267.0	530.0	458.0
58	20150910 09:47:28.169	1033.0	229.0	152.0	168.0	117.0	132.0	142.0	133.0	139.0	181.0	176.0	155.0	177.0	141.0	167.0	166.0	124.0	184.0	198.0	210.0	208.0	200.0	196.0	163.0	225.0	215.0	196.0	177.0	159.0	135.0	170.0	225.0	204.0	266.0	157.0	233.0	314.0	265.0	321.0	312.0	233.0	304.0	357.0	296.0	343.0	293.0	295.0	310.0	237.0	288.0	298.0	270.0	302.0	296.0	244.0	266.0	289.0	318.0	244.0	262.0	273.0	314.0	275.0	297.0	301.0	266.0	327.0	355.0	302.0
59	20150909 09:09:55.968	328.0	232.0	107.0	124.0	161.0	115.0	149.0	127.0	139.0	149.0	175.0	93.0	168.0	106.0	201.0	180.0	115.0	142.0	129.0	212.0	139.0	199.0	108.0	168.0	194.0	169.0	130.0	107.0	161.0	132.0	127.0	110.0	144.0	135.0	115.0	136.0	173.0	147.0	176.0	108.0	102.0	155.0	170.0	156.0	152.0	151.0	146.0	198.0	139.0	126.0	134.0	147.0	122.0	127.0	162.0	133.0	166.0	146.0	101.0	163.0	114.0	153.0	131.0	137.0	194.0	123.0	145.0	173.0	117.0
60	20150910 18:59:37.923	1125.0	230.0	176.0	139.0	158.0	139.0	121.0	108.0	170.0	167.0	162.0	181.0	185.0	137.0	140.0	141.0	142.0	128.0	130.0	154.0	251.0	154.0	229.0	181.0	154.0	136.0	154.0	164.0	200.0	131.0	174.0	120.0	154.0	124.0	103.0	151.0	125.0	208.0	210.0	97.0	123.0	207.0	173.0	184.0	143.0	108.0	133.0	122.0	136.0	132.0	293.0	137.0	169.0	135.0	104.0	131.0	149.0	199.0	109.0	142.0	157.0	136.0	150.0	222.0	175.0	176.0	251.0	134.0	162.0
61	20150910 10:56:31.758	950.0	227.0	107.0	169.0	165.0	100.0	160.0	144.0	165.0	163.0	132.0	168.0	159.0	125.0	151.0	147.0	177.0	181.0	148.0	203.0	171.0	171.0	185.0	198.0	149.0	172.0	232.0	135.0	189.0	223.0	228.0	213.0	222.0	237.0	259.0	254.0	322.0	244.0	259.0	310.0	275.0	333.0	311.0	334.0	337.0	323.0	243.0	273.0	310.0	301.0	300.0	280.0	248.0	214.0	245.0	239.0	367.0	364.0	314.0	327.0	321.0	372.0	303.0	318.0	378.0	227.0	283.0	405.0	358.0
62	20150910 15:32:32.110	769.0	226.0	138.0	175.0	156.0	113.0	128.0	178.0	176.0	136.0	198.0	117.0	181.0	176.0	132.0	178.0	136.0	173.0	206.0	173.0	219.0	149.0	162.0	183.0	137.0	226.0	153.0	175.0	156.0	120.0	113.0	141.0	163.0	115.0	196.0	161.0	169.0	226.0	404.0	498.0	299.0	307.0	217.0	306.0	220.0	234.0	253.0	191.0	188.0	254.0	263.0	241.0	211.0	153.0	279.0	205.0	226.0	256.0	194.0	199.0	203.0	207.0	161.0	289.0	228.0	161.0	272.0	195.0	187.0
63	20150909 13:51:47.43	828.0	224.0	183.0	132.0	131.0	152.0	169.0	172.0	167.0	148.0	151.0	167.0	205.0	157.0	87.0	149.0	188.0	185.0	141.0	175.0	183.0	169.0	148.0	183.0	144.0	102.0	124.0	128.0	146.0	112.0	199.0	148.0	149.0	173.0	128.0	204.0	240.0	180.0	245.0	217.0	231.0	201.0	242.0	241.0	181.0	181.0	198.0	261.0	168.0	201.0	211.0	222.0	218.0	150.0	210.0	174.0	262.0	236.0	252.0	233.0	236.0	191.0	173.0	209.0	226.0	187.0	169.0	272.0	237.0
64	20150910 15:32:32.110	962.0	220.0	115.0	176.0	164.0	159.0	119.0	141.0	134.0	107.0	112.0	203.0	155.0	132.0	159.0	148.0	152.0	190.0	159.0	191.0	131.0	177.0	170.0	199.0	198.0	153.0	245.0	223.0	210.0	190.0	202.0	204.0	242.0	205.0	205.0	235.0	258.0	241.0	292.0	348.0	280.0	236.0	245.0	244.0	258.0	269.0	262.0	259.0	250.0	189.0	199.0	292.0	246.0	231.0	243.0	207.0	287.0	356.0	253.0	269.0	281.0	293.0	250.0	297.0	312.0	276.0	317.0	470.0	302.0
65	20150910 13:14:30.230	1026.0	207.0	125.0	144.0	151.0	117.0	162.0	151.0	140.0	108.0	181.0	169.0	160.0	115.0	139.0	85.0	152.0	160.0	130.0	89.0	133.0	193.0	145.0	121.0	186.0	150.0	132.0	143.0	129.0	152.0	165.0	158.0	102.0	139.0	189.0	192.0	221.0	207.0	221.0	182.0	210.0	323.0	209.0	250.0	253.0	182.0	272.0	319.0	204.0	168.0	194.0	165.0	202.0	234.0	180.0	196.0	214.0	241.0	212.0	236.0	231.0	225.0	178.0	239.0	273.0	185.0	193.0	210.0	217.0
66	20150909 05:38:52.830	895.0	172.0	165.0	165.0	161.0	110.0	124.0	116.0	147.0	163.0	153.0	201.0	154.0	117.0	126.0	97.0	119.0	140.0	115.0	160.0	146.0	148.0	131.0	146.0	136.0	179.0	153.0	135.0	108.0	153.0	187.0	127.0	135.0	117.0	120.0	154.0	123.0	123.0	156.0	143.0	124.0	74.0	133.0	138.0	200.0	176.0	149.0	146.0	108.0	113.0	192.0	161.0	137.0	116.0	92.0	171.0	158.0	156.0	138.0	143.0	142.0	162.0	97.0	191.0	191.0	102.0	148.0	163.0	124.0
67	20150910 21:17:23.318	977.0	143.0	165.0	170.0	153.0	119.0	147.0	143.0	179.0	173.0	158.0	165.0	146.0	185.0	113.0	110.0	190.0	170.0	170.0	177.0	169.0	164.0	150.0	151.0	201.0	155.0	125.0	145.0	110.0	106.0	117.0	150.0	142.0	175.0	181.0	149.0	144.0	147.0	135.0	210.0	118.0	199.0	80.0	194.0	89.0	161.0	147.0	182.0	163.0	102.0	135.0	140.0	126.0	115.0	103.0	135.0	215.0	273.0	168.0	136.0	159.0	207.0	147.0	162.0	173.0	183.0	117.0	157.0	98.0
68	20150910 13:14:30.230	892.0	110.0	157.0	170.0	140.0	166.0	161.0	150.0	143.0	151.0	180.0	187.0	136.0	156.0	126.0	110.0	124.0	137.0	147.0	173.0	190.0	182.0	139.0	190.0	183.0	144.0	140.0	175.0	157.0	117.0	176.0	210.0	147.0	176.0	146.0	145.0	933.0	723.0	835.0	976.0	758.0	854.0	865.0	764.0	610.0	378.0	422.0	371.0	383.0	445.0	419.0	380.0	371.0	332.0	358.0	278.0	413.0	380.0	412.0	420.0	432.0	282.0	361.0	462.0	440.0	316.0	322.0	348.0	374.0
69	20150910 20:08:30.661	898.0	106.0	126.0	167.0	123.0	124.0	121.0	107.0	125.0	174.0	161.0	140.0	172.0	126.0	107.0	109.0	156.0	146.0	160.0	140.0	114.0	123.0	150.0	146.0	172.0	176.0	151.0	195.0	129.0	160.0	137.0	172.0	117.0	95.0	179.0	166.0	178.0	203.0	182.0	244.0	162.0	188.0	299.0	224.0	261.0	243.0	227.0	154.0	186.0	172.0	409.0	230.0	164.0	143.0	263.0	243.0	387.0	311.0	285.0	261.0	182.0	229.0	234.0	279.0	257.0	415.0	388.0	482.0	432.0
70	20150910 08:37:33.630	1378.0	61.0	0.0	0.0	0.0	0.0	0.0	0.0	0.0	0.0	0.0	0.0	0.0	0.0	0.0	0.0	0.0	0.0	0.0	0.0	0.0	0.0	0.0	0.0	181.0	126.0	196.0	172.0	214.0	145.0	186.0	232.0	243.0	0.0	0.0	0.0	0.0	0.0	0.0	0.0	0.0	0.0	0.0	240.0	249.0	198.0	205.0	210.0	313.0	425.0	479.0	417.0	399.0	336.0	0.0	0.0	0.0	0.0	0.0	0.0	0.0	0.0	0.0	0.0	378.0	400.0	358.0	433.0	405.0
71	20150908 23:46:36.499	1361.0	36.0	0.0	0.0	155.0	101.0	103.0	0.0	0.0	0.0	0.0	0.0	0.0	0.0	139.0	136.0	121.0	141.0	148.0	0.0	0.0	0.0	0.0	122.0	187.0	119.0	158.0	174.0	209.0	128.0	98.0	149.0	113.0	110.0	0.0	0.0	0.0	0.0	0.0	0.0	0.0	0.0	0.0	114.0	204.0	144.0	133.0	219.0	231.0	248.0	241.0	185.0	226.0	216.0	0.0	0.0	0.0	0.0	0.0	0.0	0.0	0.0	0.0	0.0	238.0	200.0	288.0	199.0	135.0
72	20150910 00:25:23.519	748.0	34.0	127.0	175.0	139.0	129.0	161.0	127.0	161.0	123.0	123.0	155.0	148.0	169.0	153.0	195.0	156.0	169.0	99.0	174.0	189.0	189.0	170.0	204.0	179.0	273.0	143.0	150.0	175.0	155.0	162.0	188.0	149.0	212.0	195.0	288.0	315.0	265.0	339.0	330.0	373.0	321.0	311.0	316.0	303.0	264.0	231.0	305.0	333.0	257.0	257.0	211.0	230.0	250.0	254.0	258.0	439.0	334.0	282.0	315.0	426.0	376.0	251.0	413.0	377.0	334.0	294.0	248.0	293.0
73	20150910 09:47:28.169	758.0	24.0	203.0	165.0	116.0	132.0	136.0	138.0	131.0	92.0	110.0	145.0	126.0	118.0	163.0	137.0	132.0	223.0	157.0	168.0	164.0	227.0	130.0	185.0	221.0	187.0	162.0	148.0	148.0	79.0	203.0	177.0	122.0	261.0	238.0	188.0	245.0	214.0	259.0	214.0	220.0	291.0	225.0	301.0	241.0	218.0	193.0	233.0	183.0	169.0	229.0	172.0	147.0	210.0	249.0	244.0	426.0	281.0	275.0	335.0	242.0	283.0	237.0	315.0	360.0	309.0	267.0	262.0	224.0
74	20150910 01:35:41.660	653.0	23.0	143.0	165.0	109.0	134.0	153.0	184.0	153.0	165.0	178.0	126.0	127.0	136.0	145.0	126.0	161.0	140.0	144.0	154.0	113.0	209.0	92.0	158.0	194.0	162.0	227.0	309.0	277.0	205.0	191.0	160.0	222.0	217.0	144.0	166.0	311.0	234.0	217.0	235.0	193.0	180.0	212.0	208.0	254.0	192.0	147.0	205.0	225.0	202.0	172.0	203.0	0.0	138.0	221.0	155.0	161.0	178.0	260.0	181.0	223.0	157.0	165.0	244.0	152.0	170.0	168.0	149.0	239.0
75	20150911 11:05:56.725	751.0	21.0	173.0	128.0	140.0	118.0	121.0	194.0	184.0	136.0	137.0	236.0	204.0	176.0	151.0	125.0	197.0	231.0	165.0	176.0	170.0	195.0	154.0	169.0	217.0	185.0	181.0	197.0	190.0	178.0	138.0	215.0	142.0	241.0	241.0	252.0	239.0	244.0	284.0	281.0	219.0	312.0	295.0	227.0	270.0	271.0	236.0	264.0	231.0	155.0	159.0	241.0	0.0	186.0	213.0	231.0	293.0	273.0	285.0	246.0	243.0	266.0	241.0	257.0	264.0	197.0	294.0	448.0	346.0
76	20150910 09:47:28.169	782.0	11.0	138.0	121.0	194.0	112.0	110.0	139.0	157.0	106.0	153.0	153.0	154.0	156.0	139.0	96.0	174.0	138.0	113.0	143.0	90.0	148.0	144.0	177.0	141.0	180.0	165.0	185.0	223.0	207.0	0.0	0.0	0.0	133.0	136.0	135.0	136.0	138.0	97.0	170.0	91.0	107.0	113.0	85.0	157.0	157.0	243.0	149.0	0.0	0.0	0.0	0.0	0.0	117.0	172.0	120.0	236.0	144.0	161.0	148.0	174.0	170.0	201.0	156.0	185.0	116.0	143.0	127.0	0.0
77	20150909 09:09:55.968	852.0	1.0	170.0	142.0	102.0	123.0	123.0	163.0	171.0	131.0	101.0	95.0	173.0	155.0	139.0	112.0	146.0	151.0	162.0	119.0	168.0	150.0	138.0	110.0	187.0	182.0	0.0	0.0	0.0	0.0	0.0	0.0	0.0	146.0	104.0	138.0	138.0	132.0	57.0	124.0	115.0	125.0	168.0	120.0	131.0	0.0	0.0	0.0	0.0	0.0	0.0	0.0	0.0	0.0	116.0	149.0	123.0	155.0	82.0	112.0	131.0	145.0	109.0	163.0	177.0	115.0	0.0	0.0	0.0
78	20150910 09:47:28.169	772.0	1.0	180.0	174.0	145.0	103.0	147.0	107.0	81.0	168.0	128.0	120.0	122.0	81.0	90.0	101.0	130.0	79.0	175.0	101.0	161.0	139.0	139.0	156.0	152.0	99.0	0.0	0.0	0.0	0.0	0.0	0.0	0.0	112.0	125.0	65.0	115.0	86.0	81.0	115.0	152.0	120.0	121.0	171.0	72.0	0.0	0.0	0.0	0.0	0.0	0.0	0.0	0.0	0.0	158.0	109.0	126.0	131.0	167.0	194.0	147.0	148.0	128.0	212.0	185.0	114.0	0.0	0.0	0.0
