index	mortality	x	y	20150906 18:07:46.788	20150907 16:26:09.104	20150907 17:36:32.813	20150907 18:47:03.83	20150907 19:57:19.850	20150907 21:07:46.360	20150907 22:18:14.478	20150907 23:28:33.186	20150908 00:39:01.12	20150908 01:49:19.39	20150908 02:59:34.984	20150908 04:09:58.193	20150908 05:20:28.914	20150908 06:30:55.612	20150908 07:41:31.189	20150908 21:19:29.139	20150908 22:29:56.531	20150908 23:40:19.505	20150909 00:50:50.863	20150909 02:01:17.489	20150909 03:11:46.798	20150909 04:22:10.865	20150909 05:32:42.463	20150909 06:42:55.467	20150909 07:53:17.519	20150909 09:03:39.169	20150909 10:14:06.712	20150909 11:24:37.874	20150909 12:35:10.767	20150909 13:45:29.494	20150909 14:55:56.188	20150909 16:06:25.739	20150909 17:16:56.277	20150909 18:27:09.297	20150909 19:37:34.738	20150909 20:47:51.860	20150909 21:58:27.132	20150909 23:08:50.174	20150910 00:19:07.846	20150910 01:29:29.43	20150910 02:39:54.570	20150910 03:50:16.87	20150910 05:00:26.11	20150910 06:10:45.17	20150910 07:21:02.809	20150910 08:31:20.958	20150910 09:41:20.148	20150910 10:50:24.72	20150910 11:59:23.345	20150910 13:08:22.722	20150910 14:17:20.306	20150910 15:26:24.746	20150910 16:35:24.226	20150910 17:44:30.715	20150910 18:53:30.810	20150910 20:02:25.579	20150910 21:11:18.21	20150910 22:20:12.949	20150910 23:29:06.00	20150911 00:38:03.896	20150911 01:46:53.316	20150911 02:55:49.859	20150911 04:04:44.454	20150911 05:13:32.69
1	20150910 02:39:54.570	751.0	1038.0	0.0	0.0	0.0	0.0	0.0	0.0	0.0	0.0	0.0	0.0	0.0	0.0	0.0	0.0	0.0	0.0	0.0	0.0	0.0	0.0	0.0	0.0	0.0	0.0	0.0	0.0	0.0	0.0	0.0	0.0	0.0	0.0	0.0	0.0	0.0	0.0	0.0	0.0	0.0	340.0	651.0	762.0	689.0	797.0	789.0	730.0	0.0	0.0	0.0	0.0	0.0	0.0	0.0	0.0	0.0	0.0	0.0	0.0	1106.0	1139.0	1157.0	1103.0	1214.0	826.0
2	20150910 02:39:54.570	670.0	1038.0	0.0	0.0	0.0	0.0	0.0	0.0	0.0	0.0	0.0	0.0	0.0	0.0	0.0	0.0	0.0	0.0	0.0	0.0	0.0	0.0	0.0	0.0	0.0	0.0	0.0	0.0	0.0	0.0	0.0	0.0	0.0	0.0	0.0	0.0	0.0	0.0	0.0	0.0	0.0	277.0	682.0	746.0	695.0	692.0	794.0	730.0	0.0	0.0	0.0	0.0	0.0	0.0	0.0	0.0	0.0	0.0	0.0	0.0	1130.0	1013.0	916.0	966.0	902.0	724.0
3	20150910 03:50:16.87	550.0	1035.0	0.0	0.0	0.0	0.0	0.0	0.0	0.0	0.0	0.0	0.0	0.0	0.0	0.0	0.0	0.0	0.0	0.0	0.0	0.0	0.0	0.0	0.0	0.0	0.0	0.0	0.0	0.0	0.0	0.0	0.0	0.0	0.0	0.0	0.0	0.0	0.0	0.0	0.0	0.0	197.0	228.0	320.0	564.0	529.0	521.0	592.0	148.0	0.0	0.0	0.0	0.0	0.0	0.0	0.0	0.0	0.0	0.0	245.0	337.0	448.0	404.0	420.0	347.0	361.0
4	20150910 01:29:29.43	511.0	1036.0	0.0	0.0	0.0	0.0	0.0	0.0	0.0	0.0	0.0	0.0	0.0	0.0	0.0	0.0	0.0	0.0	0.0	0.0	0.0	0.0	0.0	0.0	0.0	0.0	0.0	0.0	0.0	0.0	0.0	0.0	0.0	0.0	0.0	0.0	0.0	0.0	0.0	0.0	0.0	515.0	356.0	393.0	406.0	372.0	404.0	402.0	0.0	0.0	0.0	0.0	0.0	0.0	0.0	0.0	0.0	0.0	0.0	307.0	444.0	375.0	304.0	406.0	328.0	396.0
5	20150910 01:29:29.43	265.0	1036.0	0.0	0.0	0.0	0.0	0.0	0.0	0.0	0.0	0.0	0.0	0.0	0.0	0.0	0.0	0.0	0.0	0.0	0.0	0.0	0.0	0.0	0.0	0.0	0.0	0.0	0.0	0.0	0.0	0.0	0.0	0.0	0.0	0.0	0.0	0.0	0.0	0.0	0.0	0.0	2131.0	1726.0	1915.0	1738.0	1908.0	1701.0	1658.0	0.0	0.0	0.0	0.0	0.0	0.0	0.0	0.0	0.0	0.0	0.0	966.0	2002.0	1967.0	1801.0	1884.0	1864.0	1777.0
6	20150910 01:29:29.43	228.0	1036.0	0.0	0.0	0.0	0.0	0.0	0.0	0.0	0.0	0.0	0.0	0.0	0.0	0.0	0.0	0.0	0.0	0.0	0.0	0.0	0.0	0.0	0.0	0.0	0.0	0.0	0.0	0.0	0.0	0.0	0.0	0.0	0.0	0.0	0.0	0.0	0.0	0.0	0.0	0.0	1106.0	841.0	912.0	964.0	784.0	873.0	829.0	0.0	0.0	0.0	0.0	0.0	0.0	0.0	0.0	0.0	0.0	0.0	677.0	1022.0	1062.0	923.0	951.0	1054.0	1534.0
7	20150910 01:29:29.43	187.0	1034.0	0.0	0.0	0.0	0.0	0.0	0.0	0.0	0.0	0.0	0.0	0.0	0.0	0.0	0.0	0.0	0.0	0.0	0.0	0.0	0.0	0.0	0.0	0.0	0.0	0.0	0.0	0.0	0.0	0.0	0.0	0.0	0.0	0.0	0.0	0.0	0.0	0.0	0.0	0.0	1013.0	913.0	1471.0	1321.0	1476.0	1295.0	1157.0	332.0	0.0	0.0	0.0	0.0	0.0	0.0	0.0	0.0	0.0	0.0	1402.0	1331.0	1304.0	1296.0	1217.0	1279.0	1123.0
8	20150910 01:29:29.43	146.0	1034.0	0.0	0.0	0.0	0.0	0.0	0.0	0.0	0.0	0.0	0.0	0.0	0.0	0.0	0.0	0.0	0.0	0.0	0.0	0.0	0.0	0.0	0.0	0.0	0.0	0.0	0.0	0.0	0.0	0.0	0.0	0.0	0.0	0.0	0.0	0.0	0.0	0.0	0.0	0.0	991.0	796.0	1083.0	934.0	1000.0	966.0	835.0	518.0	0.0	0.0	0.0	0.0	0.0	0.0	0.0	0.0	0.0	0.0	1117.0	1074.0	869.0	887.0	871.0	856.0	1367.0
9	20150910 01:29:29.43	107.0	1034.0	0.0	0.0	0.0	0.0	0.0	0.0	0.0	0.0	0.0	0.0	0.0	0.0	0.0	0.0	0.0	0.0	0.0	0.0	0.0	0.0	0.0	0.0	0.0	0.0	0.0	0.0	0.0	0.0	0.0	0.0	0.0	0.0	0.0	0.0	0.0	0.0	0.0	0.0	0.0	1568.0	1310.0	1333.0	1316.0	1196.0	1216.0	1149.0	387.0	0.0	0.0	0.0	0.0	0.0	0.0	0.0	0.0	0.0	0.0	1305.0	1400.0	1396.0	1355.0	1249.0	1498.0	1480.0
10	20150910 01:29:29.43	66.0	1034.0	0.0	0.0	0.0	0.0	0.0	0.0	0.0	0.0	0.0	0.0	0.0	0.0	0.0	0.0	0.0	0.0	0.0	0.0	0.0	0.0	0.0	0.0	0.0	0.0	0.0	0.0	0.0	0.0	0.0	0.0	0.0	0.0	0.0	0.0	0.0	0.0	0.0	0.0	0.0	843.0	745.0	1037.0	763.0	849.0	779.0	662.0	295.0	0.0	0.0	0.0	0.0	0.0	0.0	0.0	0.0	0.0	0.0	968.0	883.0	839.0	928.0	848.0	848.0	866.0
11	20150910 01:29:29.43	26.0	1034.0	0.0	0.0	0.0	0.0	0.0	0.0	0.0	0.0	0.0	0.0	0.0	0.0	0.0	0.0	0.0	0.0	0.0	0.0	0.0	0.0	0.0	0.0	0.0	0.0	0.0	0.0	0.0	0.0	0.0	0.0	0.0	0.0	0.0	0.0	0.0	0.0	0.0	0.0	0.0	718.0	0.0	0.0	0.0	0.0	0.0	0.0	446.0	0.0	0.0	0.0	0.0	0.0	0.0	0.0	0.0	0.0	0.0	1239.0	1051.0	1094.0	1134.0	1142.0	0.0	0.0
12	20150910 10:50:24.72	1278.0	1008.0	0.0	232.0	268.0	324.0	270.0	311.0	238.0	261.0	300.0	283.0	295.0	271.0	254.0	377.0	332.0	274.0	0.0	0.0	0.0	0.0	0.0	0.0	0.0	0.0	0.0	0.0	243.0	238.0	270.0	204.0	324.0	330.0	279.0	245.0	250.0	237.0	319.0	282.0	352.0	330.0	299.0	423.0	346.0	371.0	379.0	435.0	388.0	847.0	895.0	857.0	824.0	1074.0	1007.0	1035.0	971.0	1080.0	918.0	997.0	930.0	936.0	889.0	863.0	932.0	838.0
13	20150910 06:10:45.17	993.0	1005.0	0.0	183.0	178.0	226.0	208.0	219.0	223.0	290.0	254.0	285.0	247.0	194.0	305.0	202.0	246.0	240.0	0.0	0.0	0.0	230.0	0.0	294.0	250.0	324.0	282.0	212.0	223.0	236.0	282.0	217.0	256.0	244.0	332.0	285.0	313.0	270.0	337.0	262.0	364.0	400.0	431.0	431.0	372.0	771.0	767.0	859.0	665.0	798.0	1030.0	1092.0	1290.0	1297.0	1361.0	1259.0	1142.0	1152.0	1153.0	1121.0	1103.0	1083.0	1116.0	1094.0	1144.0	1033.0
14	20150910 10:50:24.72	25.0	994.0	0.0	0.0	0.0	0.0	0.0	183.0	265.0	218.0	252.0	193.0	281.0	193.0	224.0	218.0	205.0	256.0	227.0	201.0	305.0	324.0	274.0	295.0	261.0	303.0	272.0	312.0	252.0	253.0	264.0	280.0	250.0	299.0	312.0	247.0	319.0	260.0	287.0	246.0	277.0	282.0	0.0	0.0	0.0	0.0	0.0	0.0	366.0	1080.0	884.0	874.0	892.0	898.0	993.0	1011.0	1012.0	970.0	815.0	925.0	848.0	863.0	869.0	769.0	0.0	0.0
15	20150908 01:49:19.39	387.0	997.0	0.0	147.0	134.0	127.0	118.0	163.0	161.0	148.0	155.0	192.0	161.0	97.0	148.0	161.0	189.0	287.0	189.0	226.0	236.0	276.0	205.0	192.0	282.0	359.0	194.0	230.0	279.0	203.0	242.0	246.0	275.0	212.0	219.0	235.0	187.0	255.0	217.0	200.0	216.0	243.0	242.0	196.0	215.0	210.0	133.0	184.0	126.0	211.0	202.0	181.0	218.0	219.0	157.0	236.0	239.0	245.0	174.0	260.0	229.0	199.0	216.0	204.0	297.0	212.0
16	20150910 06:10:45.17	66.0	994.0	0.0	249.0	187.0	320.0	248.0	246.0	300.0	298.0	296.0	294.0	318.0	233.0	274.0	329.0	306.0	257.0	279.0	148.0	169.0	206.0	305.0	191.0	221.0	217.0	217.0	188.0	221.0	218.0	189.0	215.0	250.0	252.0	239.0	285.0	288.0	223.0	268.0	270.0	263.0	325.0	273.0	277.0	268.0	630.0	811.0	678.0	383.0	947.0	976.0	905.0	943.0	957.0	1038.0	985.0	882.0	800.0	842.0	800.0	989.0	755.0	736.0	884.0	817.0	809.0
17	20150910 21:11:18.21	1360.0	969.0	0.0	161.0	192.0	191.0	143.0	178.0	0.0	0.0	0.0	0.0	0.0	0.0	0.0	0.0	0.0	0.0	0.0	0.0	0.0	0.0	0.0	0.0	0.0	0.0	0.0	0.0	0.0	0.0	0.0	0.0	0.0	0.0	0.0	0.0	0.0	0.0	0.0	210.0	222.0	186.0	282.0	266.0	201.0	282.0	221.0	226.0	263.0	0.0	0.0	0.0	0.0	0.0	0.0	0.0	0.0	0.0	436.0	424.0	410.0	622.0	498.0	586.0	661.0	664.0
18	20150910 13:08:22.722	711.0	961.0	0.0	127.0	251.0	251.0	171.0	197.0	169.0	178.0	218.0	212.0	233.0	194.0	211.0	205.0	179.0	261.0	201.0	270.0	243.0	269.0	236.0	171.0	212.0	286.0	247.0	187.0	158.0	196.0	286.0	259.0	258.0	228.0	232.0	236.0	241.0	295.0	291.0	217.0	271.0	313.0	236.0	331.0	329.0	338.0	362.0	365.0	234.0	447.0	484.0	1002.0	1115.0	1134.0	1268.0	1260.0	1294.0	997.0	1297.0	1005.0	1178.0	1088.0	1027.0	1190.0	1302.0	1188.0
19	20150910 03:50:16.87	387.0	957.0	0.0	182.0	224.0	190.0	133.0	169.0	239.0	208.0	206.0	273.0	282.0	222.0	230.0	260.0	258.0	281.0	306.0	244.0	258.0	355.0	296.0	240.0	378.0	417.0	317.0	278.0	299.0	247.0	275.0	251.0	324.0	260.0	291.0	267.0	335.0	289.0	259.0	290.0	360.0	274.0	292.0	1300.0	1086.0	801.0	590.0	593.0	455.0	491.0	649.0	601.0	547.0	655.0	516.0	612.0	504.0	627.0	541.0	539.0	584.0	491.0	532.0	503.0	636.0	439.0
20	20150910 10:50:24.72	229.0	956.0	94.0	172.0	251.0	204.0	210.0	165.0	223.0	211.0	239.0	238.0	275.0	249.0	246.0	225.0	230.0	235.0	282.0	222.0	325.0	363.0	279.0	186.0	278.0	347.0	266.0	250.0	221.0	302.0	362.0	297.0	307.0	293.0	279.0	314.0	298.0	316.0	355.0	277.0	275.0	360.0	349.0	367.0	430.0	430.0	513.0	589.0	342.0	829.0	974.0	1010.0	932.0	1029.0	1028.0	985.0	919.0	1027.0	1013.0	1038.0	909.0	942.0	1071.0	1050.0	1039.0	1209.0
21	20150910 08:31:20.958	308.0	917.0	120.0	159.0	174.0	206.0	173.0	266.0	195.0	275.0	243.0	221.0	230.0	221.0	228.0	253.0	244.0	200.0	252.0	234.0	265.0	304.0	218.0	316.0	308.0	242.0	252.0	243.0	209.0	255.0	228.0	255.0	343.0	273.0	259.0	258.0	273.0	239.0	355.0	324.0	314.0	371.0	321.0	432.0	331.0	380.0	414.0	946.0	655.0	928.0	1150.0	1004.0	989.0	1128.0	1145.0	1068.0	1170.0	1158.0	1002.0	1064.0	1007.0	907.0	986.0	895.0	1011.0	1343.0
22	20150910 18:53:30.810	267.0	875.0	181.0	231.0	187.0	149.0	188.0	224.0	267.0	228.0	182.0	226.0	223.0	167.0	177.0	102.0	164.0	181.0	236.0	139.0	201.0	336.0	200.0	229.0	229.0	198.0	157.0	195.0	201.0	163.0	212.0	171.0	172.0	189.0	210.0	187.0	197.0	238.0	203.0	228.0	293.0	245.0	286.0	263.0	269.0	298.0	260.0	294.0	308.0	294.0	437.0	339.0	533.0	458.0	494.0	541.0	906.0	1084.0	923.0	962.0	902.0	665.0	523.0	478.0	581.0	848.0
23	20150910 20:02:25.579	189.0	874.0	159.0	210.0	230.0	170.0	198.0	214.0	271.0	198.0	221.0	254.0	240.0	229.0	199.0	272.0	221.0	217.0	207.0	255.0	202.0	288.0	246.0	244.0	254.0	249.0	228.0	206.0	190.0	265.0	268.0	247.0	210.0	253.0	307.0	251.0	274.0	313.0	257.0	300.0	364.0	301.0	334.0	329.0	321.0	337.0	430.0	341.0	269.0	443.0	499.0	510.0	510.0	599.0	607.0	816.0	731.0	933.0	1371.0	1081.0	1042.0	1278.0	1235.0	1281.0	1135.0	1610.0
24	20150907 19:57:19.850	403.0	824.0	173.0	137.0	135.0	106.0	1032.0	131.0	124.0	164.0	176.0	112.0	171.0	116.0	158.0	137.0	116.0	144.0	133.0	114.0	116.0	140.0	163.0	122.0	156.0	150.0	183.0	234.0	133.0	113.0	170.0	126.0	145.0	131.0	125.0	179.0	189.0	176.0	244.0	177.0	141.0	154.0	149.0	150.0	111.0	142.0	149.0	113.0	152.0	156.0	102.0	138.0	146.0	145.0	124.0	188.0	121.0	121.0	182.0	169.0	157.0	132.0	144.0	106.0	186.0	130.0
25	20150909 23:08:50.174	1362.0	808.0	0.0	248.0	378.0	303.0	234.0	330.0	0.0	0.0	0.0	0.0	0.0	0.0	0.0	0.0	0.0	0.0	0.0	0.0	0.0	0.0	0.0	0.0	0.0	0.0	0.0	0.0	0.0	0.0	0.0	0.0	0.0	0.0	0.0	0.0	0.0	0.0	0.0	800.0	803.0	875.0	713.0	832.0	716.0	697.0	649.0	669.0	524.0	0.0	0.0	0.0	0.0	0.0	0.0	0.0	0.0	0.0	773.0	787.0	743.0	795.0	838.0	694.0	860.0	751.0
27	20150908 01:49:19.39	835.0	802.0	111.0	199.0	265.0	286.0	196.0	284.0	317.0	271.0	311.0	358.0	391.0	315.0	315.0	282.0	262.0	338.0	277.0	284.0	295.0	523.0	325.0	187.0	328.0	338.0	319.0	267.0	290.0	307.0	339.0	208.0	377.0	278.0	318.0	311.0	222.0	261.0	266.0	242.0	234.0	274.0	234.0	250.0	273.0	257.0	307.0	236.0	134.0	261.0	278.0	275.0	283.0	323.0	329.0	276.0	293.0	250.0	274.0	267.0	266.0	293.0	263.0	270.0	276.0	235.0
28	20150910 02:39:54.570	753.0	800.0	196.0	188.0	247.0	243.0	162.0	205.0	240.0	204.0	212.0	213.0	264.0	258.0	190.0	253.0	189.0	294.0	255.0	230.0	241.0	310.0	249.0	233.0	233.0	254.0	247.0	269.0	310.0	266.0	229.0	269.0	265.0	285.0	223.0	344.0	324.0	279.0	439.0	334.0	400.0	550.0	995.0	1141.0	1050.0	993.0	953.0	858.0	516.0	739.0	801.0	844.0	821.0	908.0	849.0	939.0	852.0	1036.0	1007.0	981.0	979.0	861.0	996.0	943.0	918.0	807.0
29	20150910 01:29:29.43	308.0	796.0	185.0	262.0	203.0	218.0	202.0	184.0	245.0	206.0	206.0	253.0	190.0	225.0	278.0	259.0	206.0	254.0	297.0	209.0	307.0	358.0	207.0	255.0	376.0	325.0	308.0	326.0	263.0	351.0	377.0	323.0	316.0	337.0	314.0	391.0	394.0	427.0	372.0	520.0	514.0	1480.0	1041.0	1400.0	1034.0	1101.0	998.0	984.0	680.0	1034.0	1287.0	1198.0	1183.0	1302.0	1312.0	1182.0	1161.0	1404.0	1171.0	1206.0	1184.0	1031.0	1107.0	974.0	1005.0	1308.0
30	20150910 10:50:24.72	1281.0	767.0	75.0	117.0	156.0	142.0	121.0	136.0	153.0	172.0	186.0	142.0	209.0	174.0	148.0	190.0	168.0	136.0	132.0	101.0	134.0	158.0	155.0	145.0	149.0	183.0	172.0	106.0	140.0	141.0	223.0	181.0	250.0	195.0	145.0	238.0	201.0	133.0	266.0	141.0	164.0	186.0	174.0	240.0	226.0	221.0	204.0	491.0	551.0	1035.0	799.0	893.0	912.0	860.0	1091.0	1033.0	921.0	607.0	803.0	710.0	694.0	651.0	586.0	644.0	662.0	608.0
31	20150911 00:38:03.896	1235.0	765.0	163.0	178.0	141.0	132.0	111.0	148.0	193.0	144.0	191.0	172.0	133.0	115.0	151.0	95.0	110.0	183.0	141.0	172.0	173.0	189.0	179.0	144.0	170.0	167.0	182.0	164.0	137.0	150.0	132.0	129.0	166.0	167.0	158.0	129.0	105.0	160.0	179.0	128.0	209.0	162.0	164.0	157.0	128.0	132.0	115.0	151.0	122.0	136.0	115.0	112.0	165.0	174.0	145.0	190.0	132.0	143.0	125.0	169.0	219.0	489.0	447.0	464.0	541.0	365.0
32	20150910 21:11:18.21	1201.0	762.0	134.0	172.0	150.0	167.0	128.0	144.0	166.0	112.0	157.0	148.0	180.0	140.0	240.0	143.0	167.0	129.0	178.0	162.0	182.0	163.0	194.0	143.0	146.0	134.0	192.0	172.0	157.0	119.0	148.0	135.0	164.0	144.0	208.0	100.0	127.0	149.0	149.0	163.0	188.0	158.0	157.0	122.0	121.0	161.0	222.0	143.0	121.0	136.0	143.0	157.0	157.0	190.0	181.0	160.0	165.0	184.0	505.0	155.0	229.0	187.0	165.0	138.0	116.0	146.0
33	20150910 08:31:20.958	1285.0	760.0	145.0	156.0	121.0	98.0	134.0	194.0	207.0	163.0	163.0	170.0	144.0	130.0	127.0	164.0	137.0	165.0	160.0	124.0	118.0	134.0	192.0	128.0	156.0	176.0	131.0	152.0	180.0	142.0	190.0	158.0	167.0	176.0	97.0	205.0	149.0	163.0	209.0	188.0	203.0	239.0	219.0	225.0	248.0	260.0	276.0	555.0	234.0	256.0	316.0	280.0	270.0	308.0	319.0	267.0	221.0	273.0	246.0	274.0	257.0	336.0	250.0	261.0	274.0	196.0
34	20150910 05:00:26.11	470.0	756.0	128.0	175.0	159.0	252.0	209.0	205.0	210.0	187.0	184.0	201.0	272.0	169.0	201.0	181.0	187.0	199.0	215.0	226.0	281.0	308.0	232.0	167.0	267.0	268.0	239.0	229.0	218.0	217.0	206.0	255.0	219.0	286.0	290.0	261.0	283.0	253.0	295.0	221.0	295.0	329.0	254.0	296.0	786.0	858.0	922.0	923.0	532.0	971.0	1032.0	996.0	1049.0	1069.0	1276.0	1303.0	1268.0	883.0	1010.0	995.0	983.0	914.0	827.0	954.0	1037.0	1062.0
35	20150910 22:20:12.949	1215.0	758.0	135.0	157.0	186.0	172.0	109.0	113.0	115.0	141.0	222.0	178.0	142.0	154.0	153.0	111.0	182.0	165.0	114.0	154.0	130.0	148.0	82.0	111.0	174.0	163.0	173.0	160.0	147.0	189.0	150.0	118.0	176.0	162.0	243.0	132.0	137.0	146.0	154.0	195.0	186.0	133.0	183.0	154.0	132.0	146.0	150.0	116.0	164.0	169.0	108.0	95.0	103.0	149.0	109.0	176.0	254.0	139.0	162.0	408.0	450.0	169.0	200.0	136.0	111.0	130.0
36	20150907 16:26:09.104	1364.0	726.0	0.0	378.0	368.0	398.0	375.0	0.0	0.0	0.0	0.0	0.0	0.0	0.0	0.0	0.0	0.0	0.0	0.0	0.0	0.0	0.0	0.0	0.0	0.0	0.0	0.0	0.0	0.0	0.0	0.0	0.0	0.0	0.0	0.0	0.0	0.0	0.0	0.0	223.0	252.0	253.0	304.0	285.0	211.0	259.0	257.0	253.0	122.0	0.0	0.0	0.0	0.0	0.0	0.0	0.0	0.0	0.0	200.0	278.0	222.0	208.0	284.0	219.0	277.0	206.0
37	20150910 11:59:23.345	389.0	717.0	142.0	196.0	193.0	199.0	200.0	211.0	189.0	213.0	190.0	227.0	221.0	229.0	239.0	220.0	194.0	193.0	257.0	191.0	261.0	239.0	204.0	283.0	271.0	237.0	227.0	200.0	177.0	268.0	205.0	149.0	239.0	245.0	228.0	202.0	323.0	257.0	323.0	244.0	386.0	277.0	234.0	262.0	259.0	293.0	319.0	288.0	234.0	622.0	900.0	901.0	1055.0	963.0	1194.0	1034.0	1163.0	1106.0	946.0	926.0	939.0	874.0	891.0	822.0	920.0	1027.0
38	20150910 13:08:22.722	150.0	713.0	117.0	198.0	118.0	181.0	173.0	202.0	158.0	223.0	176.0	208.0	199.0	243.0	226.0	158.0	166.0	202.0	174.0	153.0	217.0	302.0	141.0	158.0	203.0	175.0	226.0	212.0	168.0	176.0	187.0	191.0	176.0	204.0	184.0	179.0	219.0	149.0	197.0	167.0	207.0	214.0	210.0	221.0	210.0	194.0	203.0	231.0	179.0	243.0	383.0	1006.0	648.0	784.0	798.0	835.0	633.0	728.0	686.0	821.0	746.0	756.0	703.0	707.0	764.0	894.0
40	20150910 08:31:20.958	1322.0	686.0	131.0	182.0	206.0	205.0	193.0	200.0	235.0	158.0	185.0	232.0	229.0	139.0	0.0	0.0	0.0	243.0	189.0	220.0	240.0	305.0	289.0	232.0	257.0	232.0	275.0	220.0	225.0	227.0	302.0	252.0	251.0	267.0	226.0	254.0	251.0	246.0	309.0	237.0	263.0	371.0	328.0	375.0	338.0	379.0	465.0	749.0	519.0	1038.0	1067.0	989.0	1060.0	1113.0	1263.0	1204.0	0.0	884.0	1140.0	1031.0	1171.0	974.0	976.0	1119.0	1185.0	1094.0
41	20150910 00:19:07.846	593.0	678.0	140.0	165.0	180.0	168.0	172.0	211.0	203.0	294.0	202.0	219.0	253.0	265.0	214.0	223.0	237.0	264.0	249.0	282.0	300.0	334.0	269.0	244.0	323.0	373.0	297.0	264.0	296.0	292.0	288.0	242.0	440.0	318.0	336.0	359.0	356.0	452.0	414.0	453.0	910.0	1055.0	866.0	1136.0	932.0	1044.0	964.0	869.0	661.0	807.0	1010.0	866.0	1001.0	1179.0	1057.0	1193.0	956.0	1204.0	1009.0	930.0	916.0	875.0	762.0	863.0	742.0	805.0
42	20150910 01:29:29.43	351.0	675.0	148.0	180.0	181.0	212.0	161.0	124.0	164.0	232.0	166.0	185.0	191.0	148.0	157.0	155.0	145.0	185.0	200.0	198.0	220.0	173.0	187.0	257.0	148.0	187.0	221.0	211.0	190.0	183.0	170.0	180.0	163.0	146.0	199.0	180.0	187.0	193.0	138.0	140.0	173.0	278.0	149.0	155.0	205.0	187.0	178.0	201.0	179.0	179.0	233.0	222.0	226.0	210.0	301.0	259.0	232.0	241.0	233.0	259.0	281.0	322.0	275.0	330.0	386.0	421.0
43	20150910 16:35:24.226	1119.0	645.0	174.0	158.0	178.0	122.0	124.0	134.0	169.0	143.0	143.0	115.0	251.0	150.0	165.0	187.0	188.0	208.0	184.0	157.0	161.0	265.0	270.0	168.0	188.0	201.0	213.0	273.0	217.0	210.0	212.0	245.0	217.0	188.0	271.0	255.0	283.0	217.0	208.0	246.0	235.0	261.0	227.0	210.0	224.0	245.0	197.0	251.0	329.0	326.0	346.0	296.0	283.0	341.0	442.0	411.0	386.0	397.0	459.0	744.0	667.0	506.0	454.0	659.0	670.0	667.0
44	20150909 17:16:56.277	512.0	637.0	151.0	244.0	263.0	240.0	188.0	169.0	218.0	258.0	239.0	271.0	279.0	203.0	188.0	247.0	215.0	229.0	242.0	250.0	299.0	385.0	276.0	192.0	258.0	279.0	299.0	235.0	300.0	298.0	335.0	364.0	436.0	504.0	767.0	813.0	777.0	630.0	697.0	556.0	703.0	847.0	671.0	556.0	589.0	769.0	691.0	837.0	402.0	939.0	865.0	879.0	1094.0	1079.0	1172.0	1247.0	1111.0	910.0	982.0	1026.0	970.0	991.0	877.0	901.0	1051.0	941.0
45	20150910 06:10:45.17	350.0	635.0	157.0	237.0	179.0	241.0	169.0	216.0	173.0	203.0	222.0	243.0	274.0	250.0	161.0	198.0	198.0	243.0	253.0	224.0	203.0	234.0	208.0	225.0	200.0	242.0	234.0	239.0	215.0	218.0	218.0	177.0	215.0	177.0	211.0	239.0	219.0	234.0	230.0	267.0	249.0	240.0	289.0	327.0	562.0	1119.0	959.0	786.0	668.0	743.0	863.0	750.0	793.0	830.0	834.0	751.0	683.0	1082.0	703.0	802.0	766.0	787.0	653.0	601.0	611.0	666.0
46	20150908 21:19:29.139	1003.0	625.0	153.0	157.0	149.0	105.0	100.0	154.0	141.0	120.0	158.0	195.0	132.0	116.0	174.0	132.0	129.0	368.0	259.0	270.0	286.0	206.0	140.0	184.0	212.0	179.0	161.0	223.0	110.0	150.0	175.0	143.0	149.0	124.0	170.0	145.0	235.0	134.0	149.0	139.0	229.0	175.0	205.0	162.0	104.0	115.0	139.0	129.0	270.0	195.0	208.0	169.0	246.0	168.0	213.0	155.0	171.0	152.0	201.0	162.0	176.0	93.0	157.0	160.0	190.0	240.0
47	20150909 03:11:46.798	1001.0	616.0	216.0	111.0	161.0	118.0	110.0	212.0	160.0	133.0	237.0	144.0	156.0	158.0	272.0	133.0	92.0	212.0	170.0	174.0	206.0	241.0	321.0	441.0	258.0	307.0	334.0	320.0	243.0	264.0	254.0	210.0	295.0	213.0	218.0	280.0	270.0	214.0	256.0	189.0	255.0	272.0	236.0	142.0	191.0	259.0	275.0	236.0	273.0	255.0	217.0	195.0	216.0	194.0	256.0	226.0	223.0	198.0	235.0	152.0	290.0	189.0	220.0	232.0	226.0	250.0
48	20150910 03:50:16.87	1364.0	607.0	0.0	234.0	217.0	203.0	200.0	0.0	0.0	0.0	0.0	0.0	0.0	0.0	0.0	0.0	0.0	0.0	0.0	0.0	0.0	0.0	0.0	0.0	0.0	0.0	0.0	0.0	0.0	0.0	0.0	0.0	0.0	0.0	0.0	0.0	0.0	0.0	0.0	432.0	421.0	471.0	482.0	576.0	696.0	985.0	944.0	872.0	406.0	0.0	0.0	0.0	0.0	0.0	0.0	0.0	0.0	0.0	343.0	492.0	324.0	294.0	363.0	288.0	299.0	205.0
49	20150911 00:38:03.896	74.0	607.0	194.0	172.0	164.0	146.0	102.0	157.0	142.0	134.0	174.0	107.0	176.0	142.0	213.0	124.0	119.0	138.0	145.0	139.0	149.0	124.0	166.0	165.0	172.0	180.0	172.0	164.0	148.0	140.0	175.0	191.0	174.0	169.0	184.0	129.0	179.0	147.0	90.0	116.0	186.0	139.0	137.0	150.0	132.0	125.0	143.0	111.0	183.0	177.0	173.0	156.0	162.0	180.0	188.0	126.0	100.0	156.0	205.0	170.0	209.0	380.0	438.0	472.0	540.0	174.0
50	20150910 22:20:12.949	62.0	607.0	134.0	139.0	151.0	116.0	119.0	152.0	158.0	119.0	170.0	77.0	145.0	121.0	206.0	103.0	147.0	133.0	155.0	177.0	173.0	183.0	154.0	142.0	177.0	114.0	155.0	126.0	109.0	155.0	171.0	176.0	160.0	174.0	139.0	115.0	126.0	142.0	151.0	156.0	133.0	153.0	102.0	148.0	150.0	163.0	107.0	81.0	164.0	180.0	136.0	148.0	215.0	235.0	163.0	182.0	226.0	172.0	225.0	489.0	365.0	242.0	156.0	150.0	185.0	0.0
51	20150910 09:41:20.148	998.0	603.0	97.0	161.0	204.0	197.0	171.0	217.0	211.0	211.0	194.0	230.0	196.0	221.0	232.0	206.0	225.0	248.0	239.0	212.0	247.0	292.0	254.0	245.0	235.0	284.0	243.0	251.0	225.0	288.0	261.0	286.0	273.0	243.0	295.0	245.0	281.0	272.0	270.0	285.0	289.0	346.0	364.0	351.0	341.0	357.0	354.0	386.0	660.0	1000.0	1076.0	1029.0	621.0	675.0	652.0	603.0	604.0	742.0	624.0	633.0	645.0	590.0	611.0	624.0	573.0	630.0
52	20150911 05:13:32.69	1160.0	604.0	154.0	109.0	127.0	120.0	134.0	143.0	137.0	197.0	198.0	134.0	202.0	150.0	129.0	157.0	120.0	185.0	151.0	153.0	105.0	172.0	141.0	171.0	159.0	158.0	150.0	137.0	134.0	150.0	161.0	168.0	178.0	169.0	149.0	185.0	149.0	144.0	169.0	137.0	192.0	137.0	102.0	184.0	157.0	163.0	157.0	189.0	162.0	146.0	117.0	135.0	174.0	153.0	173.0	148.0	159.0	167.0	211.0	154.0	158.0	116.0	163.0	131.0	159.0	413.0
53	20150910 10:50:24.72	836.0	601.0	120.0	149.0	194.0	152.0	181.0	202.0	248.0	167.0	207.0	237.0	165.0	140.0	200.0	158.0	165.0	207.0	199.0	220.0	229.0	257.0	230.0	263.0	229.0	234.0	261.0	209.0	250.0	213.0	239.0	257.0	266.0	219.0	254.0	305.0	320.0	239.0	238.0	366.0	257.0	317.0	309.0	352.0	344.0	334.0	349.0	397.0	270.0	873.0	1001.0	945.0	896.0	931.0	838.0	907.0	832.0	978.0	759.0	748.0	830.0	702.0	726.0	660.0	745.0	673.0
54	20150910 05:00:26.11	193.0	594.0	127.0	189.0	260.0	169.0	167.0	203.0	159.0	141.0	199.0	250.0	185.0	185.0	236.0	292.0	204.0	277.0	284.0	307.0	259.0	365.0	310.0	257.0	318.0	354.0	325.0	236.0	308.0	261.0	299.0	297.0	387.0	360.0	408.0	344.0	377.0	329.0	349.0	410.0	335.0	406.0	399.0	441.0	1785.0	1547.0	1695.0	1525.0	985.0	1728.0	1709.0	1751.0	1710.0	1853.0	2104.0	2014.0	1830.0	1753.0	1717.0	1810.0	1762.0	1653.0	1540.0	1589.0	1722.0	2474.0
55	20150911 05:13:32.69	70.0	594.0	109.0	163.0	161.0	154.0	171.0	143.0	145.0	195.0	168.0	195.0	161.0	94.0	173.0	104.0	102.0	121.0	115.0	151.0	129.0	170.0	142.0	120.0	171.0	160.0	198.0	165.0	166.0	178.0	123.0	132.0	211.0	105.0	184.0	204.0	148.0	156.0	153.0	122.0	160.0	154.0	101.0	113.0	112.0	164.0	137.0	150.0	132.0	143.0	123.0	164.0	179.0	169.0	212.0	206.0	116.0	193.0	126.0	179.0	180.0	348.0	233.0	251.0	177.0	1274.0
56	20150909 17:16:56.277	998.0	583.0	96.0	128.0	117.0	162.0	127.0	134.0	167.0	184.0	127.0	106.0	231.0	133.0	152.0	218.0	119.0	171.0	169.0	120.0	193.0	192.0	98.0	156.0	210.0	147.0	163.0	148.0	158.0	159.0	175.0	124.0	158.0	160.0	246.0	161.0	121.0	141.0	145.0	130.0	176.0	215.0	216.0	171.0	113.0	172.0	163.0	168.0	373.0	200.0	153.0	177.0	149.0	163.0	184.0	174.0	175.0	150.0	200.0	172.0	178.0	141.0	123.0	148.0	89.0	199.0
57	20150907 16:26:09.104	558.0	573.0	148.0	383.0	290.0	290.0	330.0	417.0	320.0	451.0	226.0	380.0	382.0	276.0	467.0	227.0	330.0	209.0	192.0	210.0	294.0	240.0	198.0	262.0	220.0	241.0	201.0	327.0	231.0	285.0	210.0	174.0	215.0	218.0	188.0	239.0	207.0	192.0	280.0	212.0	160.0	239.0	207.0	197.0	209.0	209.0	198.0	225.0	174.0	161.0	221.0	170.0	245.0	149.0	217.0	187.0	163.0	165.0	275.0	168.0	165.0	119.0	178.0	180.0	209.0	177.0
58	20150907 16:26:09.104	551.0	571.0	170.0	338.0	361.0	268.0	225.0	440.0	369.0	503.0	288.0	382.0	379.0	358.0	369.0	209.0	328.0	326.0	229.0	209.0	225.0	252.0	232.0	240.0	207.0	270.0	234.0	298.0	262.0	251.0	250.0	269.0	238.0	187.0	220.0	215.0	269.0	182.0	219.0	188.0	222.0	187.0	194.0	230.0	169.0	187.0	224.0	163.0	173.0	190.0	253.0	197.0	186.0	191.0	193.0	170.0	185.0	216.0	282.0	187.0	126.0	153.0	165.0	201.0	215.0	191.0
59	20150909 02:01:17.489	553.0	561.0	137.0	214.0	232.0	214.0	155.0	248.0	197.0	265.0	253.0	260.0	197.0	178.0	218.0	236.0	194.0	177.0	273.0	210.0	255.0	505.0	197.0	317.0	286.0	346.0	275.0	268.0	208.0	241.0	255.0	230.0	207.0	189.0	265.0	324.0	217.0	208.0	229.0	255.0	249.0	214.0	187.0	241.0	177.0	291.0	225.0	180.0	255.0	264.0	282.0	254.0	260.0	339.0	319.0	261.0	222.0	308.0	253.0	286.0	275.0	327.0	248.0	264.0	237.0	225.0
60	20150909 02:01:17.489	557.0	560.0	126.0	209.0	192.0	143.0	165.0	271.0	192.0	259.0	240.0	198.0	197.0	190.0	234.0	198.0	205.0	171.0	230.0	167.0	209.0	430.0	217.0	248.0	226.0	264.0	240.0	255.0	158.0	193.0	243.0	204.0	252.0	194.0	233.0	199.0	261.0	212.0	221.0	239.0	178.0	245.0	190.0	215.0	210.0	218.0	190.0	218.0	345.0	208.0	257.0	267.0	215.0	284.0	263.0	218.0	261.0	286.0	253.0	237.0	286.0	242.0	284.0	241.0	259.0	253.0
61	20150909 23:08:50.174	152.0	554.0	150.0	223.0	252.0	223.0	244.0	234.0	207.0	237.0	290.0	191.0	212.0	193.0	257.0	243.0	291.0	269.0	245.0	357.0	298.0	377.0	316.0	275.0	327.0	341.0	409.0	317.0	344.0	301.0	340.0	280.0	325.0	362.0	357.0	397.0	387.0	386.0	462.0	557.0	608.0	515.0	486.0	523.0	518.0	548.0	445.0	382.0	338.0	424.0	593.0	467.0	590.0	624.0	515.0	548.0	583.0	601.0	500.0	560.0	500.0	536.0	455.0	457.0	564.0	788.0
62	20150907 23:28:33.186	1.0	550.0	180.0	0.0	0.0	0.0	0.0	208.0	164.0	245.0	188.0	237.0	213.0	220.0	258.0	218.0	241.0	277.0	338.0	307.0	329.0	482.0	423.0	395.0	467.0	432.0	450.0	430.0	345.0	408.0	391.0	342.0	354.0	304.0	377.0	346.0	404.0	311.0	329.0	264.0	0.0	0.0	0.0	0.0	0.0	0.0	0.0	0.0	288.0	269.0	303.0	285.0	263.0	313.0	278.0	251.0	302.0	247.0	242.0	218.0	284.0	0.0	0.0	0.0	0.0	0.0
63	20150910 10:50:24.72	1161.0	524.0	129.0	156.0	217.0	199.0	174.0	170.0	234.0	211.0	202.0	182.0	222.0	179.0	284.0	214.0	224.0	173.0	182.0	190.0	208.0	187.0	190.0	153.0	211.0	171.0	205.0	229.0	177.0	182.0	215.0	192.0	176.0	191.0	152.0	206.0	171.0	214.0	188.0	170.0	148.0	216.0	209.0	165.0	214.0	204.0	251.0	265.0	247.0	313.0	278.0	294.0	351.0	428.0	408.0	469.0	473.0	475.0	325.0	389.0	302.0	391.0	344.0	348.0	270.0	367.0
64	20150909 14:55:56.188	193.0	514.0	141.0	141.0	129.0	126.0	130.0	120.0	121.0	169.0	130.0	175.0	160.0	123.0	158.0	132.0	110.0	142.0	102.0	180.0	101.0	134.0	79.0	112.0	175.0	184.0	145.0	210.0	158.0	122.0	156.0	129.0	582.0	517.0	506.0	559.0	520.0	473.0	493.0	441.0	425.0	478.0	449.0	438.0	416.0	495.0	487.0	392.0	405.0	185.0	164.0	131.0	145.0	231.0	161.0	113.0	144.0	184.0	260.0	166.0	156.0	171.0	105.0	141.0	153.0	158.0
65	20150910 05:00:26.11	233.0	512.0	109.0	304.0	257.0	175.0	224.0	193.0	251.0	149.0	193.0	211.0	238.0	191.0	254.0	278.0	236.0	208.0	188.0	237.0	320.0	325.0	238.0	140.0	257.0	275.0	288.0	249.0	249.0	337.0	315.0	298.0	324.0	452.0	371.0	423.0	366.0	446.0	407.0	455.0	468.0	457.0	573.0	591.0	1088.0	904.0	946.0	980.0	342.0	1090.0	1231.0	1171.0	1098.0	1219.0	1132.0	1313.0	887.0	1055.0	1089.0	1209.0	1157.0	1138.0	1129.0	1026.0	1168.0	1159.0
66	20150909 18:27:09.297	1080.0	483.0	139.0	213.0	187.0	201.0	212.0	234.0	250.0	214.0	301.0	316.0	240.0	235.0	261.0	281.0	271.0	328.0	316.0	336.0	358.0	448.0	292.0	244.0	370.0	440.0	404.0	369.0	317.0	491.0	430.0	354.0	555.0	576.0	546.0	624.0	572.0	767.0	688.0	857.0	955.0	1010.0	834.0	965.0	888.0	768.0	780.0	805.0	635.0	806.0	870.0	886.0	925.0	963.0	1011.0	1090.0	1037.0	952.0	998.0	1048.0	933.0	987.0	923.0	961.0	898.0	916.0
67	20150910 10:50:24.72	838.0	480.0	101.0	183.0	228.0	230.0	193.0	221.0	258.0	226.0	243.0	301.0	244.0	198.0	274.0	235.0	263.0	248.0	240.0	228.0	242.0	399.0	256.0	189.0	275.0	265.0	219.0	299.0	297.0	250.0	308.0	239.0	345.0	275.0	309.0	237.0	238.0	276.0	331.0	261.0	338.0	382.0	276.0	404.0	314.0	426.0	403.0	552.0	464.0	1053.0	1118.0	1113.0	1108.0	1183.0	1213.0	1349.0	1292.0	1120.0	1217.0	1248.0	1251.0	1297.0	1175.0	1226.0	1264.0	1125.0
68	20150910 06:10:45.17	433.0	476.0	101.0	205.0	243.0	180.0	196.0	191.0	196.0	224.0	229.0	250.0	212.0	243.0	197.0	215.0	235.0	152.0	174.0	174.0	238.0	221.0	197.0	254.0	184.0	226.0	187.0	187.0	197.0	246.0	166.0	213.0	226.0	247.0	272.0	234.0	289.0	190.0	214.0	204.0	275.0	280.0	266.0	312.0	292.0	809.0	978.0	1049.0	765.0	861.0	1094.0	1135.0	1023.0	1132.0	931.0	1001.0	1023.0	1132.0	1054.0	1067.0	995.0	994.0	953.0	921.0	804.0	840.0
69	20150909 02:01:17.489	1078.0	469.0	168.0	111.0	160.0	118.0	146.0	193.0	146.0	142.0	118.0	130.0	268.0	95.0	215.0	221.0	191.0	165.0	184.0	140.0	171.0	443.0	130.0	113.0	176.0	114.0	140.0	150.0	144.0	146.0	132.0	167.0	140.0	181.0	125.0	188.0	134.0	213.0	133.0	165.0	207.0	199.0	138.0	163.0	142.0	226.0	113.0	153.0	165.0	162.0	148.0	133.0	196.0	172.0	217.0	136.0	186.0	115.0	200.0	165.0	123.0	146.0	161.0	191.0	129.0	153.0
70	20150909 02:01:17.489	1086.0	460.0	133.0	146.0	162.0	135.0	124.0	100.0	114.0	151.0	188.0	122.0	151.0	149.0	181.0	143.0	119.0	82.0	136.0	84.0	144.0	472.0	153.0	171.0	168.0	183.0	124.0	155.0	120.0	225.0	109.0	154.0	147.0	139.0	234.0	151.0	155.0	120.0	124.0	191.0	204.0	224.0	109.0	146.0	136.0	176.0	147.0	173.0	148.0	111.0	116.0	140.0	131.0	173.0	167.0	124.0	122.0	102.0	142.0	137.0	125.0	148.0	169.0	157.0	114.0	201.0
71	20150909 02:01:17.489	1099.0	449.0	114.0	162.0	143.0	138.0	146.0	139.0	112.0	123.0	191.0	108.0	132.0	122.0	154.0	102.0	132.0	134.0	112.0	156.0	117.0	512.0	96.0	108.0	203.0	155.0	183.0	118.0	151.0	118.0	119.0	114.0	134.0	124.0	130.0	134.0	153.0	142.0	130.0	124.0	166.0	153.0	69.0	204.0	127.0	121.0	86.0	116.0	118.0	113.0	127.0	151.0	173.0	162.0	198.0	111.0	130.0	139.0	153.0	100.0	130.0	147.0	195.0	145.0	173.0	120.0
72	20150909 02:01:17.489	1133.0	445.0	143.0	172.0	101.0	149.0	150.0	137.0	197.0	112.0	186.0	162.0	135.0	144.0	179.0	106.0	145.0	141.0	208.0	123.0	227.0	420.0	176.0	142.0	193.0	158.0	158.0	152.0	128.0	198.0	191.0	140.0	156.0	192.0	192.0	175.0	182.0	159.0	188.0	134.0	185.0	225.0	97.0	171.0	159.0	164.0	131.0	171.0	234.0	161.0	173.0	132.0	152.0	174.0	133.0	134.0	163.0	188.0	149.0	174.0	194.0	147.0	132.0	176.0	132.0	150.0
73	20150909 02:01:17.489	1110.0	441.0	144.0	188.0	168.0	148.0	93.0	102.0	103.0	129.0	152.0	118.0	134.0	125.0	103.0	150.0	122.0	120.0	106.0	140.0	93.0	437.0	106.0	144.0	189.0	245.0	128.0	75.0	129.0	108.0	154.0	186.0	125.0	121.0	193.0	181.0	152.0	144.0	153.0	138.0	140.0	176.0	115.0	161.0	160.0	173.0	123.0	146.0	142.0	134.0	156.0	169.0	129.0	195.0	132.0	116.0	151.0	118.0	136.0	98.0	157.0	157.0	128.0	161.0	122.0	160.0
74	20150909 02:01:17.489	1127.0	438.0	164.0	119.0	193.0	140.0	125.0	85.0	147.0	128.0	126.0	180.0	122.0	141.0	225.0	190.0	117.0	101.0	118.0	164.0	139.0	462.0	142.0	163.0	147.0	157.0	153.0	152.0	147.0	162.0	93.0	211.0	220.0	164.0	144.0	209.0	141.0	144.0	147.0	133.0	113.0	140.0	104.0	138.0	172.0	186.0	89.0	151.0	172.0	150.0	152.0	124.0	156.0	151.0	181.0	179.0	172.0	138.0	141.0	127.0	187.0	126.0	161.0	151.0	147.0	173.0
75	20150910 01:29:29.43	272.0	434.0	169.0	168.0	242.0	216.0	205.0	187.0	175.0	200.0	198.0	223.0	237.0	176.0	216.0	234.0	206.0	192.0	191.0	198.0	182.0	232.0	210.0	217.0	238.0	233.0	287.0	263.0	228.0	265.0	250.0	268.0	240.0	266.0	262.0	275.0	298.0	319.0	339.0	402.0	389.0	441.0	338.0	393.0	407.0	563.0	416.0	504.0	405.0	472.0	580.0	595.0	536.0	661.0	460.0	587.0	395.0	591.0	572.0	514.0	534.0	451.0	503.0	420.0	392.0	588.0
76	20150910 06:10:45.17	433.0	396.0	149.0	289.0	249.0	325.0	244.0	254.0	301.0	276.0	243.0	239.0	257.0	228.0	257.0	310.0	234.0	270.0	299.0	259.0	281.0	340.0	264.0	264.0	281.0	365.0	421.0	315.0	312.0	402.0	370.0	338.0	381.0	338.0	382.0	440.0	448.0	423.0	438.0	468.0	453.0	623.0	568.0	721.0	769.0	1005.0	1429.0	1630.0	956.0	1230.0	1483.0	1420.0	1406.0	1533.0	1526.0	1483.0	1454.0	1571.0	1515.0	1494.0	1372.0	1314.0	1349.0	1300.0	1375.0	1257.0
77	20150910 02:39:54.570	153.0	392.0	186.0	156.0	208.0	204.0	192.0	172.0	169.0	198.0	215.0	203.0	177.0	188.0	202.0	189.0	207.0	210.0	146.0	338.0	237.0	300.0	274.0	202.0	204.0	202.0	195.0	224.0	160.0	335.0	177.0	226.0	262.0	200.0	273.0	255.0	310.0	231.0	304.0	227.0	310.0	356.0	535.0	366.0	365.0	442.0	394.0	391.0	337.0	429.0	435.0	424.0	393.0	495.0	578.0	428.0	523.0	400.0	440.0	423.0	388.0	385.0	375.0	392.0	359.0	598.0
78	20150910 01:29:29.43	32.0	391.0	124.0	0.0	0.0	0.0	0.0	157.0	275.0	229.0	285.0	236.0	232.0	210.0	251.0	228.0	184.0	178.0	207.0	203.0	276.0	322.0	222.0	191.0	262.0	334.0	247.0	267.0	272.0	227.0	222.0	220.0	258.0	240.0	223.0	318.0	279.0	269.0	234.0	268.0	260.0	612.0	409.0	0.0	0.0	0.0	0.0	0.0	308.0	533.0	543.0	562.0	582.0	529.0	691.0	633.0	667.0	474.0	628.0	557.0	524.0	517.0	520.0	483.0	0.0	0.0
79	20150910 10:50:24.72	1040.0	362.0	98.0	180.0	244.0	209.0	196.0	206.0	248.0	173.0	267.0	261.0	334.0	213.0	182.0	231.0	196.0	204.0	229.0	257.0	212.0	274.0	214.0	180.0	273.0	232.0	222.0	162.0	185.0	263.0	264.0	150.0	235.0	201.0	181.0	225.0	160.0	217.0	207.0	180.0	246.0	262.0	210.0	262.0	331.0	337.0	436.0	427.0	250.0	690.0	685.0	669.0	755.0	727.0	856.0	926.0	843.0	629.0	783.0	680.0	860.0	706.0	734.0	799.0	824.0	755.0
80	20150910 06:10:45.17	234.0	353.0	117.0	345.0	221.0	236.0	174.0	212.0	241.0	268.0	313.0	235.0	316.0	240.0	297.0	214.0	235.0	252.0	227.0	219.0	242.0	296.0	224.0	206.0	190.0	303.0	225.0	306.0	205.0	266.0	241.0	247.0	228.0	214.0	253.0	271.0	281.0	255.0	224.0	266.0	278.0	333.0	251.0	277.0	301.0	603.0	580.0	445.0	267.0	447.0	493.0	603.0	517.0	574.0	631.0	572.0	610.0	495.0	610.0	561.0	540.0	506.0	519.0	555.0	527.0	799.0
81	20150909 23:08:50.174	1366.0	327.0	0.0	274.0	293.0	275.0	337.0	0.0	0.0	0.0	0.0	0.0	0.0	0.0	0.0	0.0	0.0	0.0	0.0	0.0	0.0	0.0	0.0	0.0	0.0	0.0	0.0	0.0	0.0	0.0	0.0	0.0	0.0	0.0	0.0	0.0	0.0	0.0	0.0	870.0	951.0	1112.0	1068.0	1467.0	1435.0	1238.0	1248.0	1461.0	390.0	0.0	0.0	0.0	0.0	0.0	0.0	0.0	0.0	0.0	1502.0	1649.0	1541.0	1390.0	1478.0	1466.0	1430.0	1254.0
82	20150909 20:47:51.860	596.0	317.0	172.0	196.0	230.0	171.0	168.0	230.0	228.0	186.0	194.0	258.0	213.0	186.0	235.0	184.0	216.0	231.0	213.0	235.0	224.0	304.0	205.0	223.0	223.0	340.0	282.0	317.0	216.0	255.0	345.0	306.0	310.0	388.0	321.0	353.0	395.0	517.0	635.0	517.0	594.0	646.0	467.0	487.0	518.0	582.0	484.0	538.0	546.0	428.0	490.0	478.0	542.0	627.0	595.0	599.0	604.0	520.0	535.0	495.0	554.0	474.0	519.0	488.0	562.0	578.0
83	20150909 21:58:27.132	556.0	316.0	189.0	183.0	192.0	258.0	157.0	166.0	222.0	198.0	246.0	197.0	207.0	221.0	217.0	229.0	198.0	259.0	199.0	254.0	261.0	290.0	245.0	186.0	216.0	218.0	246.0	246.0	252.0	248.0	296.0	231.0	334.0	275.0	268.0	259.0	332.0	328.0	958.0	617.0	698.0	663.0	659.0	750.0	608.0	614.0	639.0	529.0	573.0	604.0	739.0	643.0	599.0	694.0	627.0	616.0	559.0	766.0	603.0	799.0	788.0	619.0	728.0	620.0	607.0	497.0
84	20150909 18:27:09.297	353.0	314.0	172.0	189.0	278.0	246.0	191.0	248.0	228.0	202.0	228.0	216.0	279.0	224.0	256.0	189.0	194.0	246.0	199.0	239.0	261.0	280.0	292.0	244.0	300.0	280.0	330.0	249.0	281.0	297.0	304.0	320.0	396.0	331.0	382.0	525.0	558.0	745.0	677.0	598.0	548.0	614.0	578.0	709.0	626.0	524.0	535.0	494.0	421.0	469.0	595.0	536.0	619.0	587.0	574.0	633.0	580.0	617.0	523.0	751.0	610.0	532.0	605.0	494.0	489.0	610.0
85	20150907 16:26:09.104	74.0	311.0	142.0	290.0	190.0	167.0	192.0	168.0	264.0	268.0	234.0	239.0	199.0	178.0	194.0	219.0	272.0	273.0	262.0	180.0	229.0	287.0	237.0	238.0	360.0	299.0	243.0	231.0	227.0	205.0	228.0	228.0	327.0	244.0	228.0	245.0	245.0	235.0	265.0	311.0	276.0	374.0	279.0	299.0	375.0	302.0	234.0	230.0	246.0	213.0	210.0	216.0	188.0	179.0	170.0	167.0	168.0	167.0	223.0	175.0	181.0	152.0	178.0	186.0	131.0	271.0
86	20150910 03:50:16.87	921.0	280.0	174.0	200.0	243.0	267.0	225.0	229.0	127.0	204.0	272.0	216.0	221.0	215.0	265.0	205.0	235.0	275.0	257.0	255.0	264.0	313.0	383.0	278.0	298.0	307.0	264.0	260.0	266.0	277.0	273.0	368.0	362.0	262.0	280.0	364.0	360.0	276.0	285.0	301.0	320.0	341.0	332.0	630.0	615.0	598.0	640.0	627.0	427.0	642.0	751.0	826.0	969.0	946.0	1013.0	1054.0	895.0	951.0	835.0	1047.0	916.0	838.0	901.0	880.0	925.0	788.0
87	20150910 11:59:23.345	799.0	280.0	140.0	283.0	188.0	185.0	203.0	180.0	242.0	222.0	206.0	197.0	276.0	173.0	211.0	206.0	226.0	211.0	230.0	191.0	231.0	214.0	241.0	147.0	234.0	275.0	243.0	194.0	205.0	317.0	220.0	219.0	261.0	278.0	209.0	297.0	238.0	238.0	241.0	271.0	278.0	356.0	263.0	292.0	324.0	308.0	265.0	265.0	336.0	355.0	510.0	450.0	532.0	831.0	663.0	680.0	597.0	747.0	589.0	743.0	563.0	648.0	649.0	554.0	595.0	402.0
88	20150910 06:10:45.17	195.0	272.0	157.0	147.0	161.0	234.0	191.0	235.0	216.0	194.0	193.0	207.0	252.0	207.0	221.0	204.0	215.0	210.0	264.0	201.0	244.0	271.0	194.0	245.0	223.0	256.0	202.0	255.0	204.0	191.0	268.0	189.0	280.0	265.0	324.0	206.0	250.0	220.0	187.0	259.0	248.0	251.0	276.0	366.0	563.0	618.0	532.0	536.0	250.0	500.0	807.0	752.0	907.0	944.0	642.0	885.0	569.0	1033.0	753.0	894.0	796.0	940.0	803.0	836.0	788.0	648.0
89	20150910 07:21:02.809	395.0	234.0	148.0	210.0	219.0	166.0	163.0	203.0	260.0	206.0	188.0	207.0	205.0	220.0	203.0	147.0	154.0	158.0	130.0	211.0	205.0	191.0	167.0	154.0	195.0	206.0	253.0	327.0	205.0	201.0	200.0	195.0	267.0	211.0	239.0	179.0	198.0	239.0	170.0	224.0	232.0	313.0	266.0	245.0	308.0	314.0	888.0	894.0	639.0	878.0	1072.0	1077.0	1018.0	1178.0	1031.0	1097.0	1039.0	1220.0	1036.0	1246.0	1028.0	972.0	1029.0	922.0	905.0	867.0
90	20150910 23:29:06.00	354.0	233.0	160.0	139.0	169.0	158.0	185.0	201.0	187.0	157.0	196.0	178.0	206.0	156.0	204.0	171.0	217.0	169.0	159.0	171.0	171.0	252.0	219.0	169.0	240.0	212.0	191.0	179.0	139.0	177.0	178.0	209.0	208.0	177.0	186.0	176.0	161.0	193.0	176.0	214.0	202.0	198.0	205.0	184.0	211.0	177.0	184.0	251.0	135.0	264.0	233.0	229.0	200.0	268.0	265.0	259.0	306.0	312.0	334.0	354.0	502.0	466.0	694.0	611.0	598.0	609.0
91	20150909 21:58:27.132	155.0	231.0	137.0	167.0	153.0	209.0	164.0	213.0	219.0	202.0	267.0	240.0	252.0	216.0	227.0	270.0	246.0	221.0	314.0	265.0	235.0	323.0	255.0	170.0	247.0	293.0	280.0	252.0	352.0	310.0	332.0	302.0	329.0	395.0	474.0	441.0	468.0	369.0	852.0	884.0	996.0	1049.0	823.0	820.0	811.0	770.0	854.0	805.0	439.0	786.0	934.0	804.0	875.0	933.0	977.0	896.0	1004.0	1005.0	825.0	879.0	910.0	891.0	798.0	777.0	938.0	1180.0
92	20150910 21:11:18.21	154.0	221.0	108.0	130.0	149.0	201.0	159.0	120.0	162.0	188.0	162.0	135.0	143.0	127.0	225.0	166.0	132.0	140.0	104.0	129.0	195.0	171.0	118.0	175.0	159.0	138.0	157.0	138.0	151.0	188.0	144.0	111.0	230.0	155.0	157.0	117.0	202.0	142.0	198.0	241.0	217.0	156.0	194.0	166.0	201.0	187.0	232.0	191.0	180.0	214.0	241.0	226.0	202.0	216.0	263.0	183.0	206.0	187.0	576.0	243.0	194.0	151.0	227.0	181.0	202.0	254.0
93	20150910 01:29:29.43	83.0	211.0	142.0	125.0	177.0	133.0	132.0	172.0	156.0	185.0	167.0	208.0	224.0	120.0	200.0	122.0	136.0	186.0	214.0	149.0	111.0	200.0	191.0	200.0	259.0	161.0	176.0	227.0	168.0	170.0	192.0	116.0	230.0	230.0	214.0	192.0	270.0	144.0	197.0	195.0	202.0	655.0	336.0	392.0	294.0	326.0	318.0	358.0	246.0	147.0	200.0	190.0	167.0	230.0	242.0	208.0	269.0	215.0	195.0	211.0	218.0	176.0	139.0	188.0	261.0	145.0
94	20150910 18:53:30.810	1002.0	201.0	136.0	195.0	250.0	235.0	227.0	196.0	338.0	272.0	277.0	268.0	257.0	218.0	337.0	362.0	329.0	283.0	267.0	288.0	336.0	432.0	380.0	228.0	275.0	312.0	374.0	339.0	304.0	284.0	299.0	286.0	367.0	277.0	340.0	360.0	351.0	324.0	332.0	331.0	417.0	364.0	307.0	381.0	342.0	359.0	347.0	361.0	294.0	439.0	423.0	444.0	487.0	611.0	689.0	669.0	992.0	892.0	1069.0	1151.0	1259.0	1061.0	910.0	663.0	687.0	719.0
95	20150909 02:01:17.489	801.0	201.0	133.0	216.0	162.0	112.0	176.0	176.0	165.0	102.0	138.0	147.0	158.0	152.0	165.0	171.0	147.0	191.0	110.0	174.0	157.0	234.0	128.0	148.0	138.0	164.0	190.0	126.0	152.0	217.0	217.0	170.0	178.0	209.0	125.0	159.0	159.0	176.0	115.0	123.0	141.0	143.0	115.0	143.0	108.0	185.0	174.0	148.0	136.0	143.0	123.0	142.0	165.0	150.0	132.0	162.0	139.0	167.0	151.0	185.0	175.0	352.0	317.0	284.0	273.0	350.0
96	20150907 16:26:09.104	315.0	194.0	138.0	250.0	313.0	293.0	236.0	274.0	289.0	268.0	269.0	302.0	230.0	286.0	275.0	249.0	236.0	229.0	225.0	271.0	229.0	347.0	196.0	226.0	262.0	248.0	267.0	200.0	169.0	143.0	151.0	180.0	221.0	148.0	171.0	166.0	135.0	149.0	216.0	181.0	137.0	159.0	165.0	122.0	132.0	202.0	146.0	159.0	164.0	126.0	174.0	113.0	131.0	132.0	189.0	158.0	168.0	132.0	146.0	111.0	178.0	146.0	103.0	105.0	225.0	105.0
97	20150910 10:50:24.72	135.0	194.0	98.0	186.0	173.0	157.0	146.0	174.0	142.0	201.0	170.0	170.0	159.0	189.0	165.0	110.0	131.0	136.0	102.0	134.0	134.0	167.0	134.0	139.0	186.0	186.0	94.0	126.0	138.0	180.0	138.0	142.0	160.0	106.0	94.0	150.0	175.0	129.0	147.0	125.0	176.0	221.0	139.0	171.0	123.0	179.0	172.0	182.0	121.0	355.0	327.0	308.0	401.0	348.0	216.0	393.0	445.0	322.0	183.0	180.0	200.0	199.0	160.0	120.0	195.0	145.0
98	20150908 06:30:55.612	877.0	170.0	141.0	246.0	328.0	296.0	224.0	261.0	263.0	250.0	285.0	308.0	331.0	312.0	300.0	402.0	295.0	258.0	296.0	309.0	350.0	308.0	306.0	387.0	322.0	343.0	315.0	257.0	277.0	298.0	296.0	295.0	314.0	301.0	282.0	364.0	432.0	332.0	399.0	454.0	417.0	415.0	632.0	507.0	372.0	330.0	377.0	339.0	285.0	371.0	488.0	436.0	404.0	437.0	501.0	498.0	339.0	433.0	436.0	463.0	476.0	368.0	457.0	419.0	435.0	369.0
99	20150909 21:58:27.132	1327.0	165.0	113.0	207.0	315.0	276.0	250.0	269.0	287.0	246.0	208.0	238.0	177.0	0.0	0.0	0.0	0.0	274.0	291.0	250.0	307.0	333.0	221.0	259.0	279.0	350.0	264.0	244.0	296.0	279.0	386.0	332.0	374.0	329.0	340.0	386.0	424.0	404.0	978.0	1026.0	1127.0	1084.0	984.0	1116.0	1000.0	1096.0	1042.0	968.0	778.0	801.0	1001.0	1077.0	1013.0	1181.0	973.0	0.0	0.0	1093.0	1026.0	1237.0	961.0	1058.0	989.0	1052.0	897.0	775.0
100	20150910 10:50:24.72	881.0	162.0	110.0	204.0	201.0	175.0	168.0	194.0	228.0	260.0	192.0	243.0	232.0	214.0	243.0	225.0	240.0	253.0	252.0	259.0	284.0	264.0	268.0	278.0	260.0	257.0	254.0	307.0	256.0	247.0	243.0	210.0	311.0	236.0	334.0	290.0	230.0	288.0	238.0	299.0	319.0	331.0	276.0	419.0	325.0	375.0	493.0	459.0	485.0	797.0	1124.0	1138.0	951.0	1153.0	942.0	1040.0	890.0	1334.0	990.0	1130.0	1032.0	956.0	1039.0	901.0	912.0	844.0
101	20150910 08:31:20.958	518.0	156.0	116.0	208.0	240.0	208.0	193.0	215.0	281.0	223.0	213.0	215.0	203.0	161.0	230.0	220.0	264.0	200.0	215.0	259.0	236.0	251.0	205.0	192.0	223.0	245.0	220.0	227.0	175.0	243.0	268.0	239.0	206.0	228.0	264.0	228.0	251.0	202.0	250.0	225.0	362.0	322.0	314.0	344.0	325.0	410.0	335.0	701.0	523.0	629.0	669.0	706.0	633.0	669.0	650.0	604.0	538.0	661.0	705.0	650.0	601.0	553.0	601.0	589.0	584.0	457.0
102	20150910 01:29:29.43	315.0	153.0	100.0	218.0	236.0	200.0	254.0	231.0	186.0	244.0	314.0	276.0	290.0	231.0	308.0	229.0	224.0	324.0	376.0	292.0	270.0	470.0	309.0	268.0	336.0	383.0	288.0	250.0	286.0	293.0	339.0	312.0	428.0	367.0	453.0	463.0	514.0	473.0	463.0	453.0	513.0	654.0	516.0	754.0	726.0	772.0	736.0	794.0	660.0	1014.0	1039.0	996.0	1016.0	1166.0	1070.0	1082.0	1077.0	1043.0	1015.0	1015.0	1057.0	891.0	935.0	1046.0	943.0	1073.0
103	20150910 11:59:23.345	1084.0	123.0	148.0	227.0	259.0	197.0	227.0	242.0	274.0	202.0	248.0	238.0	279.0	246.0	308.0	305.0	258.0	203.0	236.0	265.0	220.0	250.0	207.0	191.0	232.0	266.0	199.0	228.0	243.0	243.0	235.0	229.0	235.0	257.0	219.0	310.0	266.0	308.0	267.0	273.0	306.0	354.0	293.0	330.0	297.0	360.0	396.0	368.0	278.0	446.0	504.0	449.0	474.0	587.0	722.0	656.0	819.0	559.0	624.0	535.0	693.0	581.0	608.0	599.0	664.0	593.0
104	20150910 00:19:07.846	720.0	119.0	141.0	255.0	279.0	276.0	219.0	224.0	281.0	248.0	264.0	283.0	249.0	222.0	304.0	258.0	246.0	249.0	288.0	271.0	295.0	330.0	324.0	216.0	318.0	296.0	266.0	257.0	261.0	282.0	285.0	239.0	352.0	365.0	283.0	382.0	334.0	454.0	461.0	390.0	513.0	529.0	758.0	815.0	600.0	614.0	451.0	499.0	399.0	528.0	676.0	574.0	572.0	727.0	659.0	638.0	673.0	691.0	595.0	501.0	541.0	550.0	546.0	459.0	435.0	336.0
105	20150911 04:04:44.454	75.0	110.0	179.0	162.0	232.0	176.0	176.0	176.0	193.0	175.0	192.0	178.0	165.0	184.0	198.0	163.0	160.0	144.0	128.0	201.0	198.0	182.0	199.0	203.0	199.0	186.0	197.0	185.0	147.0	188.0	146.0	118.0	199.0	169.0	167.0	201.0	156.0	182.0	148.0	167.0	197.0	231.0	214.0	202.0	233.0	267.0	264.0	202.0	217.0	339.0	338.0	300.0	328.0	400.0	426.0	376.0	401.0	307.0	407.0	372.0	394.0	412.0	346.0	483.0	774.0	958.0
106	20150907 21:07:46.360	1.0	112.0	140.0	0.0	0.0	0.0	0.0	420.0	358.0	389.0	257.0	462.0	364.0	334.0	341.0	240.0	368.0	312.0	354.0	331.0	274.0	490.0	432.0	352.0	348.0	359.0	328.0	293.0	297.0	270.0	260.0	283.0	350.0	308.0	330.0	301.0	319.0	290.0	355.0	198.0	0.0	0.0	0.0	0.0	0.0	0.0	0.0	0.0	154.0	284.0	358.0	395.0	311.0	310.0	353.0	373.0	282.0	233.0	374.0	296.0	372.0	0.0	0.0	0.0	0.0	0.0
107	20150910 20:02:25.579	1248.0	83.0	158.0	187.0	260.0	211.0	125.0	203.0	248.0	169.0	196.0	201.0	181.0	173.0	207.0	174.0	248.0	195.0	201.0	191.0	299.0	238.0	294.0	164.0	182.0	232.0	216.0	202.0	210.0	229.0	207.0	246.0	247.0	177.0	238.0	234.0	205.0	233.0	304.0	239.0	192.0	240.0	275.0	217.0	213.0	228.0	187.0	278.0	175.0	269.0	235.0	278.0	290.0	319.0	327.0	414.0	354.0	1231.0	1041.0	928.0	837.0	286.0	240.0	232.0	191.0	248.0
108	20150910 06:10:45.17	1045.0	82.0	162.0	180.0	151.0	162.0	161.0	185.0	193.0	138.0	229.0	206.0	211.0	250.0	226.0	208.0	190.0	195.0	177.0	190.0	195.0	254.0	191.0	212.0	259.0	181.0	249.0	174.0	180.0	186.0	298.0	164.0	190.0	153.0	195.0	173.0	162.0	193.0	194.0	251.0	198.0	224.0	221.0	324.0	257.0	341.0	324.0	311.0	511.0	401.0	441.0	296.0	336.0	237.0	202.0	137.0	134.0	165.0	234.0	124.0	171.0	138.0	191.0	178.0	157.0	137.0
109	20150909 14:55:56.188	478.0	76.0	211.0	182.0	191.0	207.0	201.0	265.0	341.0	224.0	210.0	311.0	295.0	208.0	232.0	194.0	247.0	213.0	182.0	218.0	215.0	364.0	231.0	260.0	265.0	260.0	256.0	277.0	282.0	233.0	303.0	357.0	573.0	438.0	382.0	342.0	303.0	330.0	284.0	223.0	209.0	297.0	246.0	244.0	259.0	213.0	234.0	260.0	147.0	263.0	244.0	245.0	226.0	366.0	277.0	280.0	279.0	185.0	319.0	290.0	265.0	204.0	225.0	236.0	243.0	299.0
110	20150910 10:50:24.72	397.0	75.0	126.0	205.0	235.0	247.0	257.0	203.0	189.0	218.0	269.0	186.0	229.0	241.0	249.0	271.0	270.0	341.0	312.0	301.0	291.0	358.0	245.0	233.0	311.0	343.0	272.0	209.0	245.0	248.0	292.0	234.0	278.0	251.0	352.0	278.0	264.0	310.0	313.0	269.0	258.0	310.0	312.0	315.0	293.0	324.0	320.0	382.0	283.0	634.0	785.0	920.0	824.0	930.0	1038.0	1108.0	1018.0	969.0	883.0	1010.0	946.0	944.0	842.0	936.0	947.0	963.0
111	20150910 10:50:24.72	357.0	74.0	119.0	217.0	237.0	224.0	248.0	247.0	217.0	215.0	224.0	199.0	233.0	210.0	288.0	216.0	246.0	257.0	196.0	215.0	282.0	310.0	199.0	234.0	262.0	236.0	319.0	224.0	217.0	237.0	225.0	232.0	300.0	281.0	244.0	329.0	302.0	294.0	307.0	277.0	306.0	341.0	390.0	359.0	322.0	330.0	296.0	469.0	633.0	920.0	1032.0	991.0	977.0	1108.0	1095.0	1146.0	996.0	1201.0	961.0	1163.0	1042.0	979.0	963.0	955.0	952.0	1043.0
112	20150910 07:21:02.809	640.0	37.0	167.0	167.0	216.0	215.0	216.0	208.0	300.0	244.0	229.0	247.0	281.0	207.0	216.0	231.0	237.0	327.0	261.0	277.0	318.0	302.0	238.0	225.0	227.0	281.0	279.0	263.0	226.0	350.0	247.0	242.0	233.0	253.0	314.0	321.0	319.0	324.0	334.0	307.0	357.0	390.0	359.0	399.0	409.0	713.0	860.0	931.0	508.0	1103.0	948.0	984.0	999.0	1039.0	1332.0	1287.0	1243.0	961.0	1068.0	1028.0	1021.0	1024.0	1025.0	1097.0	1176.0	1127.0
113	20150910 14:17:20.306	34.0	29.0	145.0	0.0	0.0	0.0	0.0	171.0	233.0	225.0	198.0	168.0	193.0	200.0	176.0	226.0	240.0	211.0	260.0	170.0	260.0	343.0	245.0	219.0	338.0	291.0	182.0	265.0	283.0	216.0	197.0	231.0	261.0	271.0	212.0	264.0	231.0	219.0	233.0	209.0	301.0	298.0	253.0	0.0	0.0	0.0	0.0	0.0	255.0	336.0	441.0	490.0	577.0	769.0	946.0	1069.0	666.0	681.0	554.0	658.0	590.0	602.0	628.0	540.0	0.0	0.0
114	20150908 21:19:29.139	1.0	30.0	144.0	0.0	0.0	0.0	0.0	225.0	205.0	210.0	219.0	219.0	225.0	177.0	230.0	210.0	316.0	698.0	516.0	651.0	644.0	778.0	677.0	700.0	699.0	664.0	641.0	701.0	622.0	644.0	646.0	502.0	624.0	533.0	577.0	551.0	481.0	436.0	470.0	407.0	0.0	0.0	0.0	0.0	0.0	0.0	0.0	0.0	334.0	254.0	360.0	296.0	306.0	324.0	413.0	359.0	395.0	342.0	375.0	284.0	283.0	0.0	0.0	0.0	0.0	0.0
115	20150910 09:41:20.148	1168.0	22.0	148.0	161.0	132.0	187.0	112.0	107.0	151.0	159.0	138.0	167.0	173.0	119.0	164.0	169.0	157.0	170.0	120.0	142.0	166.0	137.0	201.0	131.0	204.0	220.0	139.0	129.0	128.0	203.0	160.0	170.0	157.0	159.0	195.0	156.0	139.0	133.0	137.0	92.0	103.0	178.0	156.0	157.0	134.0	164.0	148.0	155.0	361.0	139.0	165.0	116.0	230.0	168.0	166.0	221.0	155.0	151.0	158.0	171.0	206.0	153.0	181.0	185.0	106.0	151.0
116	20150910 00:19:07.846	1370.0	5.0	0.0	217.0	241.0	202.0	290.0	0.0	0.0	0.0	0.0	0.0	0.0	0.0	0.0	0.0	0.0	0.0	0.0	0.0	0.0	0.0	0.0	0.0	0.0	0.0	0.0	0.0	0.0	0.0	0.0	0.0	0.0	0.0	0.0	0.0	0.0	0.0	0.0	885.0	1049.0	1199.0	945.0	953.0	877.0	0.0	0.0	0.0	0.0	0.0	0.0	0.0	0.0	0.0	0.0	0.0	0.0	0.0	0.0	1245.0	2005.0	1992.0	0.0	0.0	0.0	0.0
117	20150910 10:50:24.72	1249.0	5.0	143.0	204.0	251.0	226.0	223.0	224.0	300.0	174.0	261.0	256.0	288.0	213.0	247.0	246.0	242.0	276.0	272.0	232.0	255.0	269.0	228.0	171.0	258.0	267.0	230.0	250.0	221.0	252.0	264.0	268.0	281.0	241.0	233.0	280.0	292.0	281.0	298.0	273.0	290.0	342.0	245.0	332.0	225.0	0.0	0.0	0.0	282.0	546.0	624.0	593.0	582.0	948.0	883.0	956.0	755.0	798.0	844.0	1017.0	1040.0	1037.0	0.0	0.0	0.0	0.0
118	20150910 10:50:24.72	1167.0	5.0	200.0	217.0	224.0	252.0	223.0	213.0	199.0	218.0	183.0	268.0	250.0	172.0	264.0	222.0	196.0	244.0	210.0	219.0	283.0	338.0	269.0	255.0	258.0	240.0	298.0	271.0	222.0	238.0	239.0	211.0	285.0	262.0	306.0	319.0	322.0	301.0	323.0	296.0	303.0	425.0	282.0	812.0	472.0	0.0	0.0	0.0	422.0	882.0	974.0	965.0	949.0	1108.0	1007.0	996.0	879.0	1168.0	884.0	1055.0	1029.0	932.0	0.0	0.0	0.0	0.0
119	20150910 09:41:20.148	1046.0	3.0	108.0	277.0	371.0	370.0	320.0	377.0	291.0	429.0	283.0	338.0	347.0	286.0	322.0	342.0	313.0	369.0	309.0	284.0	367.0	457.0	270.0	323.0	310.0	303.0	287.0	329.0	271.0	363.0	310.0	258.0	331.0	365.0	328.0	389.0	382.0	340.0	417.0	369.0	462.0	430.0	391.0	352.0	0.0	0.0	0.0	0.0	722.0	880.0	960.0	941.0	948.0	1011.0	1132.0	1076.0	1064.0	980.0	974.0	1006.0	998.0	514.0	0.0	0.0	0.0	0.0
120	20150908 21:19:29.139	681.0	1.0	125.0	197.0	202.0	199.0	173.0	159.0	171.0	205.0	170.0	182.0	269.0	257.0	211.0	244.0	165.0	517.0	581.0	569.0	630.0	784.0	609.0	526.0	545.0	623.0	669.0	644.0	423.0	430.0	477.0	529.0	573.0	465.0	494.0	509.0	514.0	470.0	453.0	384.0	417.0	505.0	379.0	0.0	0.0	0.0	0.0	0.0	234.0	393.0	483.0	453.0	473.0	605.0	575.0	492.0	477.0	491.0	504.0	502.0	432.0	0.0	0.0	0.0	0.0	0.0
121	20150907 16:26:09.104	599.0	1.0	92.0	457.0	383.0	452.0	335.0	597.0	548.0	545.0	436.0	416.0	503.0	354.0	475.0	426.0	427.0	422.0	399.0	380.0	338.0	493.0	376.0	342.0	314.0	387.0	331.0	481.0	298.0	378.0	343.0	282.0	417.0	276.0	334.0	296.0	341.0	336.0	319.0	253.0	281.0	331.0	213.0	0.0	0.0	0.0	0.0	0.0	239.0	274.0	285.0	301.0	336.0	358.0	384.0	369.0	302.0	366.0	360.0	339.0	320.0	0.0	0.0	0.0	0.0	0.0
122	20150908 21:19:29.139	539.0	1.0	138.0	116.0	144.0	102.0	102.0	162.0	177.0	128.0	118.0	145.0	147.0	113.0	232.0	196.0	148.0	559.0	298.0	274.0	298.0	99.0	95.0	99.0	126.0	125.0	207.0	155.0	130.0	132.0	161.0	148.0	131.0	141.0	161.0	129.0	94.0	158.0	153.0	105.0	164.0	181.0	176.0	0.0	0.0	0.0	0.0	0.0	140.0	111.0	129.0	111.0	183.0	133.0	107.0	121.0	121.0	192.0	129.0	194.0	172.0	0.0	0.0	0.0	0.0	0.0
123	20150907 22:18:14.478	520.0	1.0	130.0	142.0	208.0	174.0	193.0	310.0	395.0	399.0	300.0	427.0	511.0	277.0	312.0	252.0	271.0	411.0	270.0	296.0	238.0	291.0	300.0	328.0	302.0	348.0	281.0	309.0	254.0	265.0	235.0	215.0	338.0	212.0	228.0	282.0	243.0	256.0	194.0	226.0	213.0	250.0	137.0	0.0	0.0	0.0	0.0	0.0	182.0	230.0	255.0	215.0	266.0	264.0	262.0	282.0	283.0	240.0	230.0	225.0	224.0	0.0	0.0	0.0	0.0	0.0
124	20150909 06:42:55.467	479.0	1.0	117.0	168.0	182.0	204.0	191.0	191.0	200.0	205.0	236.0	206.0	209.0	243.0	247.0	201.0	160.0	193.0	308.0	236.0	330.0	332.0	306.0	302.0	300.0	561.0	470.0	429.0	478.0	490.0	432.0	467.0	432.0	511.0	427.0	387.0	445.0	492.0	356.0	504.0	472.0	422.0	320.0	0.0	0.0	0.0	0.0	0.0	174.0	319.0	484.0	447.0	374.0	511.0	384.0	401.0	346.0	438.0	330.0	413.0	400.0	0.0	0.0	0.0	0.0	0.0
