index	mortality	x	y	20150313 18:44:33.461	20150317 16:24:14.353	20150317 17:32:16.172	20150317 18:39:57.931	20150317 19:48:00.34	20150317 22:04:04.352	20150317 23:12:05.626	20150318 00:20:03.959	20150318 03:43:51.592	20150318 04:51:56.412	20150318 05:59:57.167	20150318 07:07:55.494	20150318 08:16:00.297	20150318 09:23:59.481	20150318 10:32:05.14	20150318 11:39:56.90	20150318 12:47:45.860	20150318 13:55:39.93	20150318 15:03:31.673	20150318 16:22:13.829	20150318 17:30:10.165	20150318 18:38:04.463	20150318 19:46:01.721	20150318 20:53:59.217	20150318 22:01:50.139	20150318 23:09:50.204	20150319 00:17:52.959	20150319 01:25:50.420	20150319 02:33:50.764	20150319 03:41:52.253	20150319 04:49:55.662	20150319 05:57:54.513	20150319 07:05:53.633	20150319 08:13:58.658	20150319 09:22:01.19	20150319 09:47:31.39	20150319 10:55:32.817	20150319 12:03:33.504	20150319 13:11:32.787	20150319 14:19:30.944	20150319 15:34:55.756	20150319 16:42:54.972
1	20150319 08:13:58.658	795.0	894.0	218.0	139.0	125.0	145.0	153.0	223.0	223.0	280.0	156.0	162.0	138.0	194.0	172.0	146.0	116.0	162.0	123.0	157.0	173.0	170.0	131.0	154.0	218.0	203.0	266.0	227.0	204.0	199.0	252.0	288.0	312.0	409.0	417.0	571.0	713.0	721.0	198.0	208.0	201.0	185.0	221.0	195.0
2	20150319 08:13:58.658	791.0	894.0	170.0	190.0	152.0	109.0	153.0	159.0	232.0	207.0	171.0	182.0	159.0	141.0	185.0	213.0	145.0	218.0	155.0	184.0	135.0	167.0	162.0	215.0	192.0	257.0	240.0	254.0	281.0	267.0	255.0	268.0	301.0	281.0	309.0	463.0	571.0	576.0	258.0	157.0	211.0	191.0	201.0	178.0
3	20150318 19:46:01.721	956.0	893.0	223.0	131.0	266.0	105.0	151.0	217.0	172.0	191.0	191.0	149.0	100.0	132.0	145.0	113.0	195.0	146.0	137.0	192.0	193.0	213.0	173.0	175.0	225.0	189.0	193.0	167.0	171.0	201.0	223.0	227.0	245.0	201.0	234.0	222.0	251.0	330.0	182.0	166.0	159.0	200.0	198.0	148.0
4	20150318 19:46:01.721	955.0	890.0	223.0	165.0	244.0	105.0	190.0	200.0	163.0	203.0	140.0	149.0	112.0	191.0	155.0	163.0	195.0	129.0	143.0	152.0	201.0	213.0	200.0	173.0	225.0	192.0	207.0	167.0	196.0	193.0	242.0	241.0	245.0	267.0	234.0	256.0	251.0	330.0	244.0	187.0	140.0	248.0	198.0	148.0
5	20150319 08:13:58.658	795.0	890.0	248.0	106.0	155.0	134.0	167.0	206.0	247.0	178.0	169.0	200.0	157.0	167.0	150.0	154.0	95.0	197.0	183.0	200.0	166.0	142.0	132.0	157.0	198.0	219.0	224.0	249.0	188.0	196.0	231.0	254.0	217.0	303.0	335.0	489.0	614.0	612.0	187.0	216.0	141.0	193.0	190.0	193.0
6	20150319 02:33:50.764	791.0	890.0	196.0	180.0	153.0	95.0	165.0	227.0	193.0	194.0	179.0	141.0	178.0	119.0	168.0	144.0	121.0	145.0	146.0	217.0	136.0	147.0	159.0	160.0	160.0	177.0	239.0	270.0	154.0	170.0	294.0	220.0	278.0	271.0	297.0	423.0	416.0	462.0	255.0	207.0	232.0	217.0	264.0	205.0
7	20150318 22:01:50.139	914.0	888.0	200.0	168.0	238.0	102.0	185.0	138.0	138.0	132.0	143.0	128.0	129.0	164.0	168.0	171.0	128.0	140.0	144.0	155.0	125.0	168.0	181.0	177.0	175.0	153.0	211.0	210.0	183.0	210.0	145.0	195.0	157.0	160.0	114.0	151.0	215.0	210.0	306.0	203.0	198.0	234.0	192.0	231.0
8	20150319 07:05:53.633	124.0	873.0	155.0	122.0	146.0	138.0	148.0	147.0	140.0	120.0	165.0	145.0	108.0	100.0	140.0	107.0	121.0	174.0	127.0	148.0	166.0	121.0	180.0	112.0	164.0	151.0	150.0	178.0	134.0	149.0	174.0	145.0	198.0	186.0	287.0	390.0	278.0	309.0	165.0	165.0	167.0	119.0	149.0	162.0
9	20150319 07:05:53.633	122.0	874.0	153.0	123.0	149.0	135.0	130.0	115.0	140.0	158.0	187.0	145.0	112.0	100.0	159.0	155.0	180.0	163.0	140.0	199.0	149.0	124.0	180.0	155.0	136.0	151.0	161.0	178.0	143.0	149.0	215.0	145.0	159.0	221.0	257.0	390.0	307.0	309.0	166.0	138.0	171.0	164.0	108.0	178.0
10	20150319 07:05:53.633	119.0	863.0	148.0	123.0	124.0	151.0	168.0	135.0	163.0	138.0	199.0	208.0	196.0	230.0	210.0	190.0	192.0	207.0	219.0	184.0	206.0	177.0	240.0	177.0	350.0	349.0	370.0	395.0	496.0	427.0	596.0	620.0	935.0	1609.0	2428.0	3132.0	2651.0	2648.0	300.0	311.0	192.0	216.0	227.0	130.0
11	20150319 07:05:53.633	115.0	863.0	163.0	131.0	160.0	198.0	127.0	116.0	172.0	164.0	282.0	253.0	190.0	189.0	211.0	193.0	223.0	297.0	277.0	221.0	190.0	190.0	186.0	258.0	300.0	289.0	420.0	379.0	458.0	418.0	552.0	643.0	731.0	1324.0	2032.0	2614.0	2110.0	2236.0	326.0	202.0	245.0	266.0	266.0	200.0
12	20150319 05:57:54.513	119.0	859.0	169.0	197.0	137.0	132.0	151.0	163.0	118.0	133.0	203.0	218.0	169.0	161.0	201.0	176.0	201.0	208.0	196.0	263.0	148.0	181.0	182.0	152.0	307.0	338.0	322.0	482.0	457.0	452.0	575.0	546.0	816.0	1439.0	2114.0	2679.0	2343.0	2228.0	367.0	198.0	245.0	203.0	205.0	183.0
13	20150319 05:57:54.513	115.0	859.0	236.0	150.0	125.0	123.0	208.0	138.0	157.0	162.0	194.0	192.0	158.0	206.0	187.0	151.0	158.0	297.0	224.0	258.0	205.0	138.0	225.0	140.0	297.0	249.0	333.0	348.0	406.0	350.0	533.0	525.0	691.0	1143.0	1732.0	2133.0	1882.0	1905.0	374.0	183.0	223.0	275.0	188.0	211.0
14	20150318 18:38:04.463	913.0	854.0	155.0	159.0	143.0	173.0	149.0	163.0	222.0	214.0	112.0	181.0	136.0	142.0	171.0	222.0	190.0	137.0	252.0	188.0	128.0	142.0	149.0	390.0	314.0	336.0	412.0	396.0	340.0	316.0	353.0	337.0	356.0	345.0	288.0	366.0	324.0	380.0	225.0	207.0	152.0	178.0	144.0	140.0
15	20150318 18:38:04.463	910.0	855.0	173.0	176.0	205.0	138.0	197.0	148.0	219.0	192.0	210.0	181.0	173.0	153.0	171.0	149.0	190.0	169.0	252.0	139.0	156.0	110.0	161.0	277.0	296.0	329.0	357.0	396.0	317.0	270.0	334.0	258.0	259.0	309.0	252.0	280.0	266.0	344.0	235.0	188.0	152.0	197.0	153.0	190.0
16	20150318 18:38:04.463	914.0	849.0	164.0	134.0	145.0	114.0	148.0	186.0	259.0	198.0	112.0	118.0	170.0	117.0	114.0	150.0	115.0	170.0	169.0	195.0	127.0	174.0	148.0	400.0	430.0	455.0	483.0	473.0	414.0	334.0	469.0	379.0	378.0	318.0	363.0	334.0	373.0	383.0	194.0	180.0	127.0	218.0	244.0	208.0
17	20150318 18:38:04.463	911.0	850.0	197.0	139.0	193.0	133.0	156.0	151.0	162.0	177.0	127.0	136.0	145.0	157.0	159.0	159.0	131.0	150.0	112.0	145.0	147.0	133.0	138.0	400.0	430.0	449.0	483.0	473.0	414.0	375.0	469.0	379.0	376.0	344.0	358.0	359.0	329.0	341.0	200.0	188.0	149.0	199.0	200.0	175.0
18	20150318 18:38:04.463	916.0	844.0	168.0	164.0	121.0	123.0	120.0	170.0	161.0	171.0	128.0	159.0	108.0	146.0	127.0	120.0	143.0	153.0	131.0	195.0	144.0	122.0	114.0	232.0	300.0	306.0	350.0	305.0	344.0	285.0	347.0	268.0	336.0	312.0	303.0	280.0	266.0	308.0	237.0	160.0	183.0	187.0	156.0	111.0
19	20150318 18:38:04.463	912.0	844.0	219.0	137.0	163.0	155.0	169.0	150.0	155.0	137.0	125.0	127.0	122.0	125.0	122.0	118.0	167.0	125.0	104.0	179.0	178.0	143.0	114.0	342.0	325.0	411.0	381.0	381.0	320.0	271.0	381.0	247.0	270.0	257.0	247.0	214.0	171.0	244.0	185.0	251.0	114.0	166.0	164.0	194.0
20	20150318 11:39:56.90	315.0	818.0	221.0	139.0	173.0	120.0	155.0	135.0	165.0	133.0	162.0	146.0	147.0	173.0	130.0	126.0	149.0	227.0	161.0	152.0	168.0	191.0	133.0	142.0	166.0	205.0	206.0	186.0	200.0	169.0	250.0	190.0	201.0	219.0	192.0	175.0	206.0	230.0	239.0	213.0	224.0	225.0	226.0	176.0
21	20150318 19:46:01.721	158.0	781.0	197.0	138.0	180.0	167.0	146.0	139.0	183.0	150.0	132.0	163.0	155.0	162.0	157.0	172.0	128.0	170.0	161.0	187.0	136.0	160.0	151.0	157.0	238.0	163.0	154.0	265.0	198.0	233.0	248.0	236.0	279.0	301.0	263.0	300.0	318.0	249.0	210.0	170.0	220.0	190.0	194.0	241.0
22	20150319 00:17:52.959	198.0	780.0	169.0	152.0	126.0	134.0	142.0	166.0	173.0	172.0	181.0	164.0	123.0	164.0	161.0	166.0	153.0	185.0	168.0	182.0	259.0	115.0	175.0	205.0	197.0	155.0	214.0	200.0	244.0	263.0	332.0	331.0	328.0	304.0	287.0	289.0	342.0	367.0	225.0	190.0	165.0	176.0	145.0	156.0
23	20150318 11:39:56.90	195.0	780.0	204.0	149.0	134.0	105.0	146.0	163.0	186.0	156.0	181.0	200.0	220.0	216.0	166.0	166.0	181.0	238.0	170.0	217.0	184.0	159.0	175.0	164.0	163.0	262.0	221.0	233.0	259.0	237.0	332.0	333.0	328.0	306.0	299.0	293.0	342.0	350.0	230.0	190.0	201.0	298.0	143.0	184.0
24	20150318 16:22:13.829	115.0	747.0	172.0	163.0	134.0	175.0	149.0	152.0	138.0	118.0	162.0	159.0	184.0	178.0	148.0	153.0	168.0	282.0	177.0	250.0	478.0	792.0	851.0	719.0	602.0	709.0	529.0	534.0	440.0	522.0	769.0	984.0	918.0	629.0	617.0	581.0	502.0	502.0	268.0	247.0	242.0	155.0	179.0	162.0
25	20150318 16:22:13.829	121.0	745.0	129.0	122.0	145.0	196.0	140.0	125.0	149.0	111.0	140.0	180.0	142.0	203.0	154.0	117.0	151.0	386.0	178.0	233.0	418.0	724.0	948.0	695.0	916.0	773.0	784.0	636.0	785.0	678.0	1033.0	1282.0	1264.0	1142.0	1057.0	978.0	873.0	811.0	261.0	264.0	242.0	220.0	189.0	187.0
26	20150318 16:22:13.829	121.0	741.0	230.0	135.0	163.0	165.0	105.0	143.0	146.0	122.0	207.0	167.0	147.0	154.0	121.0	159.0	159.0	283.0	177.0	217.0	425.0	844.0	970.0	639.0	1036.0	805.0	853.0	626.0	779.0	742.0	1065.0	1312.0	1288.0	1010.0	1067.0	858.0	859.0	844.0	305.0	288.0	243.0	222.0	202.0	215.0
27	20150318 16:22:13.829	115.0	741.0	198.0	109.0	148.0	155.0	124.0	190.0	117.0	110.0	175.0	206.0	227.0	178.0	156.0	180.0	173.0	589.0	516.0	534.0	691.0	1157.0	1480.0	867.0	1368.0	1037.0	998.0	1064.0	1020.0	869.0	1121.0	1406.0	1427.0	1095.0	965.0	853.0	815.0	907.0	313.0	210.0	237.0	216.0	200.0	234.0
28	20150318 19:46:01.721	837.0	735.0	194.0	136.0	162.0	232.0	149.0	120.0	110.0	138.0	210.0	151.0	180.0	148.0	200.0	158.0	218.0	221.0	154.0	272.0	183.0	304.0	207.0	271.0	400.0	483.0	487.0	387.0	570.0	422.0	484.0	407.0	484.0	423.0	505.0	603.0	571.0	672.0	288.0	228.0	189.0	199.0	162.0	261.0
29	20150318 19:46:01.721	834.0	735.0	166.0	121.0	132.0	108.0	118.0	109.0	143.0	151.0	210.0	154.0	180.0	164.0	143.0	175.0	221.0	221.0	161.0	334.0	206.0	201.0	189.0	271.0	400.0	439.0	438.0	368.0	570.0	422.0	421.0	407.0	484.0	370.0	505.0	466.0	429.0	595.0	275.0	153.0	199.0	162.0	183.0	261.0
30	20150319 10:55:32.817	1074.0	730.0	189.0	184.0	110.0	144.0	169.0	243.0	210.0	250.0	118.0	123.0	148.0	144.0	157.0	171.0	161.0	144.0	171.0	202.0	231.0	132.0	200.0	115.0	150.0	177.0	203.0	169.0	179.0	140.0	191.0	183.0	179.0	186.0	239.0	180.0	182.0	354.0	671.0	338.0	229.0	218.0	198.0	261.0
31	20150318 22:01:50.139	837.0	731.0	232.0	161.0	149.0	179.0	118.0	166.0	106.0	102.0	145.0	105.0	222.0	172.0	136.0	121.0	130.0	187.0	253.0	206.0	256.0	273.0	187.0	223.0	284.0	291.0	401.0	372.0	388.0	346.0	359.0	351.0	409.0	434.0	374.0	377.0	404.0	585.0	199.0	180.0	260.0	184.0	159.0	185.0
32	20150318 19:46:01.721	834.0	732.0	194.0	81.0	132.0	115.0	144.0	166.0	143.0	151.0	145.0	165.0	180.0	167.0	148.0	175.0	179.0	187.0	168.0	254.0	185.0	201.0	183.0	223.0	361.0	439.0	401.0	372.0	570.0	382.0	395.0	407.0	484.0	434.0	505.0	466.0	429.0	467.0	254.0	236.0	194.0	213.0	190.0	240.0
33	20150319 10:55:32.817	1069.0	729.0	181.0	141.0	113.0	155.0	172.0	151.0	133.0	180.0	100.0	162.0	125.0	249.0	131.0	181.0	166.0	135.0	136.0	201.0	138.0	155.0	162.0	158.0	263.0	186.0	195.0	184.0	174.0	136.0	188.0	191.0	154.0	205.0	155.0	177.0	202.0	171.0	437.0	230.0	209.0	300.0	205.0	284.0
34	20150319 10:55:32.817	1074.0	726.0	231.0	97.0	138.0	80.0	126.0	187.0	209.0	138.0	153.0	160.0	143.0	169.0	135.0	187.0	182.0	132.0	151.0	183.0	224.0	159.0	140.0	128.0	167.0	217.0	153.0	216.0	174.0	164.0	187.0	194.0	179.0	215.0	171.0	154.0	188.0	213.0	457.0	310.0	235.0	215.0	220.0	240.0
35	20150319 10:55:32.817	1069.0	726.0	196.0	141.0	101.0	155.0	151.0	108.0	121.0	95.0	111.0	101.0	135.0	136.0	146.0	133.0	130.0	170.0	171.0	151.0	159.0	155.0	179.0	158.0	162.0	164.0	195.0	153.0	174.0	205.0	168.0	167.0	155.0	184.0	155.0	164.0	175.0	177.0	408.0	222.0	228.0	300.0	212.0	284.0
36	20150318 22:01:50.139	844.0	704.0	111.0	94.0	109.0	101.0	129.0	127.0	135.0	98.0	123.0	122.0	116.0	164.0	110.0	145.0	135.0	132.0	131.0	142.0	203.0	229.0	218.0	212.0	87.0	151.0	288.0	321.0	292.0	140.0	130.0	139.0	139.0	123.0	124.0	162.0	154.0	139.0	171.0	151.0	145.0	140.0	152.0	120.0
37	20150318 22:01:50.139	841.0	704.0	133.0	108.0	150.0	106.0	121.0	127.0	135.0	166.0	141.0	149.0	177.0	130.0	151.0	116.0	148.0	206.0	158.0	171.0	185.0	198.0	218.0	214.0	163.0	165.0	354.0	351.0	292.0	192.0	130.0	128.0	155.0	132.0	161.0	142.0	154.0	134.0	171.0	155.0	156.0	172.0	164.0	120.0
38	20150318 22:01:50.139	837.0	701.0	128.0	99.0	186.0	163.0	129.0	138.0	182.0	151.0	130.0	108.0	114.0	132.0	155.0	143.0	106.0	146.0	190.0	181.0	164.0	265.0	150.0	195.0	92.0	192.0	330.0	372.0	338.0	175.0	134.0	118.0	127.0	134.0	162.0	167.0	138.0	136.0	152.0	152.0	132.0	154.0	181.0	138.0
39	20150318 22:01:50.139	833.0	701.0	135.0	120.0	138.0	125.0	136.0	93.0	102.0	146.0	130.0	159.0	177.0	156.0	113.0	111.0	143.0	126.0	164.0	123.0	152.0	158.0	122.0	177.0	124.0	151.0	452.0	364.0	271.0	182.0	96.0	107.0	124.0	153.0	155.0	97.0	133.0	162.0	164.0	189.0	167.0	141.0	201.0	138.0
40	20150318 15:03:31.673	828.0	700.0	148.0	133.0	166.0	135.0	68.0	127.0	174.0	117.0	158.0	104.0	135.0	109.0	125.0	99.0	131.0	130.0	121.0	134.0	217.0	101.0	136.0	139.0	96.0	162.0	273.0	273.0	329.0	153.0	190.0	123.0	145.0	122.0	165.0	111.0	131.0	143.0	201.0	115.0	182.0	147.0	243.0	154.0
41	20150319 01:25:50.420	832.0	686.0	184.0	139.0	142.0	202.0	147.0	130.0	132.0	121.0	88.0	118.0	183.0	120.0	119.0	122.0	147.0	162.0	155.0	180.0	109.0	162.0	118.0	149.0	141.0	143.0	97.0	159.0	139.0	304.0	108.0	125.0	123.0	133.0	138.0	92.0	126.0	148.0	190.0	152.0	99.0	133.0	242.0	136.0
42	20150319 10:55:32.817	674.0	616.0	172.0	114.0	153.0	193.0	124.0	180.0	175.0	124.0	149.0	185.0	169.0	210.0	202.0	136.0	183.0	175.0	198.0	228.0	183.0	157.0	212.0	127.0	208.0	219.0	199.0	193.0	200.0	236.0	202.0	208.0	188.0	196.0	173.0	211.0	190.0	227.0	364.0	278.0	198.0	212.0	196.0	164.0
43	20150318 15:03:31.673	1350.0	604.0	169.0	123.0	146.0	112.0	115.0	190.0	199.0	201.0	133.0	158.0	170.0	186.0	168.0	165.0	202.0	118.0	177.0	161.0	1213.0	862.0	793.0	713.0	1289.0	1292.0	1221.0	1318.0	1154.0	1021.0	1090.0	1103.0	980.0	850.0	975.0	827.0	806.0	751.0	287.0	193.0	263.0	188.0	244.0	238.0
44	20150318 15:03:31.673	1355.0	603.0	145.0	123.0	173.0	136.0	143.0	210.0	212.0	112.0	126.0	117.0	158.0	161.0	136.0	142.0	174.0	233.0	133.0	184.0	1411.0	1078.0	819.0	873.0	1521.0	1434.0	1468.0	1351.0	1456.0	1249.0	1200.0	1232.0	1236.0	1205.0	1321.0	1276.0	998.0	1143.0	356.0	242.0	235.0	211.0	215.0	247.0
45	20150319 04:49:55.662	1034.0	573.0	186.0	131.0	145.0	137.0	146.0	178.0	227.0	183.0	165.0	168.0	149.0	141.0	182.0	182.0	198.0	308.0	202.0	247.0	206.0	162.0	193.0	146.0	263.0	335.0	326.0	445.0	399.0	416.0	487.0	516.0	2366.0	2358.0	2246.0	2154.0	1807.0	2118.0	348.0	222.0	203.0	245.0	166.0	191.0
46	20150319 04:49:55.662	1030.0	573.0	198.0	127.0	139.0	137.0	133.0	178.0	185.0	168.0	173.0	172.0	172.0	221.0	161.0	168.0	207.0	271.0	235.0	329.0	213.0	239.0	172.0	221.0	226.0	274.0	318.0	426.0	351.0	388.0	475.0	558.0	2126.0	1937.0	1862.0	1721.0	1503.0	1479.0	300.0	250.0	204.0	171.0	160.0	188.0
47	20150319 04:49:55.662	1034.0	568.0	204.0	150.0	140.0	130.0	148.0	167.0	180.0	104.0	132.0	134.0	162.0	135.0	193.0	198.0	236.0	237.0	229.0	336.0	182.0	139.0	200.0	159.0	265.0	290.0	337.0	381.0	387.0	372.0	364.0	477.0	1792.0	1960.0	1784.0	1520.0	1370.0	1502.0	260.0	205.0	185.0	261.0	150.0	193.0
48	20150319 04:49:55.662	1030.0	569.0	187.0	135.0	159.0	115.0	161.0	238.0	178.0	136.0	150.0	186.0	173.0	142.0	197.0	158.0	186.0	263.0	259.0	287.0	142.0	154.0	164.0	196.0	260.0	332.0	332.0	375.0	322.0	379.0	444.0	520.0	2128.0	1776.0	1745.0	1605.0	1499.0	1388.0	327.0	201.0	202.0	217.0	192.0	189.0
49	20150319 08:13:58.658	316.0	542.0	127.0	147.0	106.0	143.0	156.0	139.0	133.0	135.0	164.0	229.0	201.0	229.0	194.0	209.0	230.0	399.0	263.0	285.0	284.0	201.0	226.0	194.0	264.0	273.0	251.0	304.0	317.0	272.0	316.0	342.0	370.0	506.0	666.0	962.0	1117.0	1357.0	202.0	154.0	196.0	189.0	177.0	206.0
50	20150319 07:05:53.633	318.0	538.0	190.0	114.0	141.0	107.0	114.0	166.0	134.0	107.0	152.0	157.0	139.0	125.0	227.0	108.0	150.0	244.0	150.0	173.0	197.0	150.0	198.0	197.0	244.0	227.0	200.0	209.0	231.0	274.0	265.0	262.0	350.0	384.0	565.0	754.0	853.0	965.0	278.0	162.0	165.0	187.0	136.0	167.0
51	20150319 08:13:58.658	314.0	538.0	161.0	146.0	134.0	159.0	117.0	188.0	133.0	144.0	161.0	123.0	142.0	136.0	215.0	163.0	156.0	246.0	199.0	209.0	162.0	167.0	189.0	195.0	163.0	151.0	213.0	309.0	209.0	187.0	337.0	204.0	253.0	318.0	444.0	647.0	653.0	791.0	130.0	155.0	210.0	177.0	230.0	238.0
52	20150318 19:46:01.721	1193.0	489.0	192.0	144.0	162.0	168.0	145.0	181.0	186.0	195.0	168.0	201.0	199.0	248.0	210.0	194.0	195.0	214.0	167.0	222.0	180.0	181.0	139.0	210.0	248.0	270.0	242.0	279.0	238.0	229.0	194.0	215.0	239.0	229.0	203.0	250.0	254.0	310.0	337.0	278.0	253.0	265.0	172.0	175.0
53	20150317 23:12:05.626	1190.0	489.0	172.0	122.0	156.0	168.0	172.0	162.0	256.0	162.0	228.0	296.0	217.0	270.0	223.0	269.0	240.0	202.0	296.0	330.0	180.0	176.0	172.0	210.0	238.0	225.0	242.0	261.0	211.0	229.0	192.0	215.0	239.0	250.0	244.0	250.0	254.0	289.0	274.0	278.0	229.0	265.0	196.0	218.0
54	20150319 01:25:50.420	359.0	385.0	148.0	120.0	125.0	128.0	148.0	147.0	150.0	146.0	113.0	121.0	121.0	145.0	159.0	172.0	160.0	199.0	171.0	208.0	164.0	154.0	177.0	148.0	186.0	183.0	233.0	306.0	373.0	866.0	926.0	649.0	823.0	665.0	607.0	710.0	627.0	671.0	173.0	199.0	229.0	221.0	178.0	147.0
55	20150319 01:25:50.420	355.0	385.0	187.0	123.0	142.0	160.0	173.0	197.0	164.0	153.0	99.0	177.0	147.0	166.0	171.0	123.0	186.0	301.0	202.0	241.0	142.0	123.0	154.0	161.0	266.0	188.0	229.0	250.0	350.0	863.0	904.0	678.0	634.0	575.0	495.0	632.0	658.0	730.0	219.0	182.0	201.0	215.0	176.0	165.0
56	20150319 01:25:50.420	359.0	381.0	269.0	189.0	112.0	139.0	147.0	170.0	122.0	144.0	101.0	146.0	127.0	121.0	140.0	134.0	166.0	252.0	124.0	240.0	239.0	183.0	139.0	199.0	170.0	168.0	210.0	260.0	361.0	794.0	815.0	624.0	691.0	643.0	639.0	694.0	654.0	850.0	268.0	247.0	177.0	190.0	194.0	182.0
57	20150319 01:25:50.420	355.0	381.0	228.0	136.0	126.0	121.0	151.0	155.0	148.0	147.0	154.0	133.0	114.0	141.0	144.0	131.0	138.0	263.0	202.0	238.0	174.0	140.0	190.0	200.0	228.0	173.0	238.0	270.0	251.0	786.0	850.0	689.0	617.0	639.0	483.0	583.0	626.0	567.0	186.0	189.0	176.0	242.0	206.0	192.0
58	20150319 01:25:50.420	110.0	371.0	139.0	131.0	128.0	144.0	130.0	141.0	148.0	142.0	109.0	134.0	139.0	122.0	134.0	105.0	139.0	174.0	159.0	166.0	169.0	127.0	145.0	137.0	127.0	163.0	136.0	107.0	124.0	343.0	106.0	124.0	107.0	98.0	163.0	167.0	113.0	143.0	150.0	165.0	138.0	181.0	94.0	141.0
59	20150319 01:25:50.420	108.0	371.0	139.0	176.0	122.0	180.0	130.0	106.0	149.0	147.0	122.0	90.0	117.0	128.0	144.0	150.0	139.0	174.0	159.0	142.0	169.0	127.0	145.0	137.0	122.0	163.0	142.0	166.0	124.0	334.0	106.0	108.0	98.0	118.0	130.0	120.0	113.0	144.0	176.0	165.0	162.0	173.0	172.0	184.0
60	20150319 01:25:50.420	100.0	367.0	156.0	132.0	161.0	104.0	147.0	235.0	118.0	96.0	122.0	122.0	133.0	95.0	154.0	140.0	130.0	136.0	131.0	192.0	153.0	120.0	72.0	103.0	127.0	164.0	116.0	117.0	136.0	346.0	159.0	118.0	116.0	92.0	168.0	114.0	106.0	188.0	141.0	98.0	127.0	82.0	235.0	152.0
61	20150319 01:25:50.420	98.0	367.0	153.0	132.0	161.0	104.0	135.0	127.0	128.0	105.0	138.0	122.0	133.0	146.0	154.0	143.0	130.0	166.0	131.0	192.0	133.0	124.0	84.0	108.0	143.0	132.0	83.0	106.0	136.0	346.0	159.0	148.0	145.0	81.0	168.0	166.0	156.0	155.0	160.0	165.0	129.0	117.0	131.0	200.0
62	20150319 01:25:50.420	107.0	365.0	148.0	152.0	109.0	148.0	118.0	125.0	167.0	164.0	119.0	187.0	104.0	99.0	166.0	125.0	129.0	134.0	163.0	205.0	222.0	119.0	77.0	129.0	101.0	106.0	129.0	206.0	88.0	368.0	130.0	100.0	136.0	113.0	131.0	160.0	148.0	192.0	156.0	133.0	104.0	155.0	176.0	176.0
63	20150319 01:25:50.420	106.0	362.0	136.0	103.0	113.0	183.0	95.0	126.0	134.0	142.0	120.0	187.0	102.0	112.0	166.0	137.0	169.0	134.0	163.0	133.0	151.0	144.0	100.0	129.0	152.0	136.0	136.0	100.0	97.0	372.0	151.0	134.0	164.0	104.0	115.0	139.0	110.0	170.0	190.0	150.0	101.0	117.0	143.0	188.0
64	20150319 01:25:50.420	606.0	353.0	145.0	138.0	146.0	125.0	84.0	100.0	144.0	136.0	171.0	137.0	97.0	146.0	77.0	140.0	116.0	153.0	129.0	113.0	143.0	119.0	137.0	170.0	153.0	129.0	126.0	146.0	148.0	352.0	129.0	87.0	119.0	177.0	121.0	113.0	124.0	123.0	194.0	143.0	173.0	167.0	124.0	121.0
65	20150319 01:25:50.420	607.0	349.0	144.0	110.0	84.0	175.0	164.0	119.0	109.0	141.0	96.0	142.0	109.0	120.0	110.0	107.0	101.0	115.0	135.0	188.0	118.0	147.0	123.0	129.0	137.0	166.0	105.0	169.0	110.0	493.0	137.0	114.0	127.0	149.0	150.0	133.0	174.0	112.0	175.0	226.0	133.0	207.0	171.0	174.0
66	20150319 01:25:50.420	606.0	345.0	187.0	121.0	120.0	163.0	101.0	116.0	90.0	112.0	169.0	168.0	124.0	111.0	133.0	130.0	126.0	110.0	133.0	125.0	188.0	130.0	156.0	157.0	131.0	144.0	124.0	141.0	145.0	499.0	116.0	132.0	183.0	145.0	136.0	118.0	169.0	110.0	133.0	156.0	159.0	126.0	173.0	136.0
67	20150319 01:25:50.420	612.0	343.0	195.0	128.0	89.0	114.0	145.0	130.0	149.0	114.0	112.0	119.0	104.0	138.0	109.0	109.0	109.0	123.0	133.0	148.0	160.0	117.0	101.0	121.0	88.0	144.0	99.0	161.0	137.0	457.0	82.0	147.0	106.0	111.0	110.0	96.0	145.0	163.0	135.0	204.0	129.0	251.0	165.0	145.0
68	20150319 10:55:32.817	475.0	342.0	168.0	169.0	162.0	154.0	169.0	133.0	164.0	126.0	123.0	140.0	151.0	171.0	131.0	160.0	135.0	136.0	186.0	211.0	114.0	117.0	136.0	100.0	160.0	129.0	148.0	143.0	151.0	125.0	102.0	127.0	150.0	221.0	163.0	208.0	224.0	196.0	353.0	227.0	234.0	272.0	164.0	183.0
69	20150319 10:55:32.817	472.0	342.0	234.0	169.0	168.0	132.0	128.0	208.0	138.0	136.0	147.0	158.0	111.0	152.0	114.0	160.0	122.0	138.0	148.0	211.0	100.0	152.0	129.0	109.0	118.0	119.0	141.0	112.0	97.0	147.0	219.0	125.0	136.0	168.0	187.0	153.0	179.0	172.0	353.0	226.0	169.0	272.0	280.0	282.0
70	20150319 01:25:50.420	613.0	340.0	195.0	182.0	121.0	107.0	101.0	139.0	149.0	135.0	113.0	140.0	97.0	134.0	122.0	142.0	109.0	123.0	137.0	145.0	127.0	119.0	115.0	118.0	98.0	167.0	107.0	161.0	113.0	425.0	119.0	104.0	173.0	117.0	137.0	106.0	149.0	165.0	150.0	103.0	126.0	251.0	156.0	152.0
71	20150319 01:25:50.420	614.0	337.0	138.0	182.0	198.0	186.0	104.0	161.0	142.0	135.0	113.0	111.0	94.0	114.0	134.0	114.0	105.0	175.0	157.0	189.0	117.0	149.0	123.0	127.0	99.0	167.0	119.0	164.0	138.0	425.0	112.0	135.0	120.0	127.0	135.0	157.0	131.0	101.0	182.0	202.0	156.0	190.0	176.0	152.0
72	20150319 01:25:50.420	622.0	329.0	170.0	128.0	152.0	141.0	177.0	170.0	149.0	162.0	113.0	125.0	129.0	118.0	126.0	113.0	144.0	175.0	122.0	164.0	119.0	141.0	99.0	131.0	122.0	126.0	116.0	96.0	140.0	432.0	139.0	68.0	100.0	133.0	153.0	147.0	162.0	177.0	161.0	149.0	159.0	184.0	269.0	155.0
73	20150319 01:25:50.420	623.0	325.0	147.0	100.0	101.0	133.0	116.0	128.0	130.0	140.0	92.0	148.0	115.0	142.0	151.0	143.0	106.0	157.0	119.0	149.0	156.0	178.0	154.0	171.0	166.0	158.0	129.0	162.0	144.0	539.0	163.0	141.0	89.0	99.0	146.0	98.0	128.0	160.0	123.0	163.0	136.0	129.0	150.0	116.0
74	20150319 01:25:50.420	623.0	322.0	158.0	177.0	132.0	119.0	97.0	179.0	133.0	127.0	135.0	136.0	130.0	108.0	145.0	205.0	93.0	143.0	115.0	151.0	174.0	83.0	100.0	136.0	152.0	139.0	124.0	132.0	126.0	539.0	235.0	121.0	136.0	112.0	167.0	101.0	142.0	204.0	145.0	166.0	174.0	191.0	237.0	126.0
75	20150319 01:25:50.420	625.0	320.0	158.0	177.0	110.0	119.0	117.0	136.0	136.0	164.0	110.0	129.0	130.0	155.0	110.0	122.0	132.0	184.0	151.0	139.0	184.0	147.0	103.0	167.0	134.0	136.0	106.0	153.0	144.0	542.0	214.0	140.0	138.0	114.0	129.0	114.0	112.0	170.0	153.0	75.0	157.0	173.0	132.0	198.0
76	20150319 01:25:50.420	627.0	317.0	95.0	143.0	132.0	115.0	127.0	120.0	118.0	137.0	106.0	127.0	139.0	141.0	131.0	109.0	121.0	184.0	151.0	163.0	155.0	136.0	116.0	138.0	92.0	107.0	123.0	185.0	88.0	472.0	220.0	129.0	176.0	124.0	189.0	132.0	164.0	149.0	215.0	208.0	116.0	176.0	168.0	135.0
77	20150319 02:33:50.764	584.0	314.0	180.0	105.0	143.0	137.0	167.0	174.0	97.0	111.0	101.0	95.0	120.0	138.0	132.0	126.0	110.0	169.0	129.0	173.0	118.0	128.0	189.0	136.0	156.0	203.0	111.0	125.0	96.0	178.0	497.0	130.0	148.0	139.0	120.0	138.0	108.0	186.0	160.0	122.0	151.0	160.0	178.0	149.0
78	20150319 02:33:50.764	581.0	314.0	180.0	129.0	150.0	143.0	99.0	143.0	134.0	125.0	119.0	138.0	124.0	132.0	132.0	170.0	119.0	147.0	184.0	150.0	122.0	114.0	137.0	114.0	156.0	136.0	111.0	150.0	145.0	166.0	497.0	112.0	148.0	122.0	106.0	142.0	113.0	204.0	148.0	230.0	151.0	157.0	178.0	195.0
79	20150319 01:25:50.420	632.0	314.0	153.0	146.0	118.0	92.0	126.0	128.0	164.0	94.0	110.0	162.0	126.0	154.0	115.0	68.0	162.0	185.0	180.0	171.0	145.0	111.0	144.0	176.0	156.0	177.0	132.0	136.0	117.0	425.0	176.0	113.0	110.0	142.0	86.0	107.0	83.0	186.0	140.0	159.0	182.0	162.0	189.0	215.0
80	20150319 02:33:50.764	588.0	310.0	197.0	140.0	109.0	100.0	108.0	169.0	149.0	148.0	168.0	113.0	135.0	130.0	132.0	118.0	146.0	140.0	168.0	206.0	141.0	133.0	124.0	128.0	115.0	122.0	146.0	152.0	127.0	158.0	501.0	123.0	132.0	132.0	101.0	202.0	111.0	120.0	247.0	129.0	139.0	187.0	122.0	123.0
81	20150319 01:25:50.420	629.0	310.0	115.0	139.0	134.0	107.0	124.0	157.0	154.0	124.0	97.0	114.0	121.0	153.0	98.0	124.0	154.0	126.0	187.0	131.0	142.0	111.0	158.0	148.0	180.0	90.0	150.0	165.0	116.0	374.0	180.0	103.0	136.0	97.0	167.0	116.0	136.0	130.0	166.0	131.0	121.0	111.0	156.0	152.0
82	20150319 01:25:50.420	634.0	311.0	97.0	152.0	137.0	124.0	150.0	123.0	158.0	98.0	144.0	144.0	126.0	146.0	151.0	148.0	84.0	185.0	147.0	188.0	169.0	136.0	123.0	176.0	155.0	117.0	148.0	136.0	133.0	384.0	230.0	105.0	114.0	186.0	148.0	128.0	136.0	133.0	235.0	165.0	148.0	169.0	139.0	179.0
83	20150319 02:33:50.764	583.0	308.0	169.0	125.0	163.0	149.0	98.0	118.0	157.0	152.0	103.0	97.0	72.0	140.0	102.0	69.0	141.0	119.0	162.0	147.0	171.0	170.0	110.0	105.0	176.0	143.0	168.0	107.0	128.0	180.0	444.0	174.0	137.0	117.0	130.0	146.0	125.0	155.0	189.0	175.0	143.0	155.0	182.0	177.0
84	20150319 02:33:50.764	592.0	304.0	138.0	98.0	156.0	132.0	119.0	201.0	169.0	159.0	129.0	150.0	158.0	186.0	139.0	122.0	161.0	156.0	154.0	198.0	191.0	94.0	122.0	113.0	178.0	105.0	163.0	171.0	154.0	152.0	519.0	142.0	138.0	160.0	169.0	128.0	142.0	189.0	177.0	193.0	139.0	198.0	147.0	163.0
85	20150319 01:25:50.420	631.0	306.0	121.0	123.0	115.0	181.0	179.0	177.0	126.0	138.0	187.0	126.0	145.0	139.0	140.0	159.0	143.0	123.0	144.0	202.0	159.0	131.0	121.0	142.0	101.0	140.0	184.0	167.0	136.0	469.0	222.0	138.0	137.0	182.0	148.0	123.0	130.0	215.0	188.0	151.0	209.0	137.0	198.0	174.0
86	20150319 02:33:50.764	610.0	304.0	128.0	109.0	110.0	181.0	124.0	143.0	121.0	109.0	120.0	177.0	107.0	153.0	158.0	128.0	126.0	120.0	157.0	115.0	119.0	130.0	126.0	121.0	95.0	125.0	171.0	191.0	139.0	206.0	477.0	162.0	131.0	165.0	128.0	140.0	111.0	164.0	187.0	155.0	174.0	188.0	114.0	231.0
87	20150319 01:25:50.420	632.0	303.0	131.0	118.0	125.0	192.0	123.0	142.0	140.0	161.0	130.0	112.0	134.0	156.0	146.0	140.0	116.0	171.0	136.0	149.0	150.0	141.0	115.0	186.0	140.0	155.0	175.0	136.0	162.0	469.0	230.0	138.0	149.0	182.0	109.0	150.0	130.0	215.0	152.0	107.0	165.0	192.0	132.0	219.0
88	20150319 02:33:50.764	600.0	301.0	141.0	102.0	144.0	138.0	130.0	191.0	135.0	140.0	127.0	99.0	127.0	130.0	172.0	140.0	128.0	137.0	156.0	125.0	172.0	100.0	161.0	136.0	133.0	148.0	166.0	214.0	155.0	169.0	430.0	135.0	152.0	142.0	113.0	140.0	144.0	145.0	199.0	190.0	199.0	204.0	200.0	176.0
89	20150319 02:33:50.764	611.0	302.0	128.0	97.0	120.0	120.0	124.0	143.0	180.0	123.0	134.0	123.0	124.0	131.0	139.0	153.0	135.0	120.0	157.0	101.0	131.0	130.0	87.0	221.0	178.0	137.0	171.0	170.0	83.0	240.0	623.0	162.0	147.0	99.0	149.0	103.0	69.0	150.0	187.0	119.0	170.0	141.0	129.0	159.0
90	20150319 02:33:50.764	615.0	300.0	138.0	149.0	148.0	92.0	118.0	162.0	125.0	155.0	86.0	111.0	94.0	132.0	171.0	105.0	116.0	95.0	146.0	163.0	137.0	110.0	142.0	130.0	133.0	126.0	138.0	144.0	157.0	228.0	615.0	136.0	111.0	110.0	114.0	139.0	95.0	123.0	178.0	199.0	132.0	190.0	196.0	156.0
91	20150319 03:41:52.253	913.0	296.0	213.0	209.0	121.0	119.0	116.0	177.0	150.0	127.0	153.0	131.0	148.0	172.0	181.0	178.0	262.0	190.0	149.0	186.0	135.0	91.0	165.0	97.0	153.0	154.0	156.0	137.0	161.0	180.0	245.0	252.0	263.0	213.0	211.0	175.0	187.0	270.0	401.0	247.0	246.0	238.0	177.0	237.0
92	20150318 10:32:05.14	909.0	295.0	198.0	123.0	134.0	99.0	137.0	164.0	104.0	153.0	130.0	187.0	147.0	120.0	180.0	199.0	219.0	162.0	166.0	170.0	157.0	121.0	148.0	166.0	170.0	140.0	108.0	146.0	137.0	133.0	139.0	212.0	187.0	183.0	182.0	152.0	196.0	223.0	325.0	220.0	213.0	291.0	223.0	256.0
93	20150319 02:33:50.764	621.0	297.0	107.0	222.0	146.0	163.0	154.0	132.0	101.0	138.0	138.0	145.0	101.0	127.0	156.0	103.0	192.0	135.0	170.0	238.0	171.0	116.0	143.0	166.0	140.0	140.0	127.0	138.0	112.0	132.0	547.0	137.0	167.0	140.0	108.0	115.0	130.0	142.0	165.0	172.0	129.0	144.0	155.0	159.0
94	20150319 02:33:50.764	611.0	297.0	168.0	138.0	108.0	110.0	198.0	119.0	144.0	165.0	146.0	122.0	153.0	166.0	138.0	100.0	115.0	149.0	143.0	133.0	150.0	110.0	151.0	125.0	151.0	165.0	127.0	189.0	172.0	185.0	494.0	117.0	158.0	97.0	150.0	113.0	108.0	216.0	200.0	139.0	149.0	158.0	124.0	160.0
95	20150319 02:33:50.764	621.0	295.0	127.0	222.0	146.0	116.0	154.0	132.0	161.0	150.0	138.0	100.0	131.0	134.0	180.0	112.0	135.0	82.0	170.0	238.0	171.0	119.0	143.0	166.0	120.0	186.0	92.0	133.0	112.0	136.0	463.0	137.0	167.0	140.0	108.0	129.0	113.0	142.0	157.0	172.0	152.0	134.0	217.0	158.0
96	20150319 02:33:50.764	620.0	291.0	137.0	137.0	158.0	152.0	126.0	122.0	128.0	132.0	174.0	112.0	123.0	122.0	144.0	94.0	119.0	171.0	148.0	113.0	189.0	113.0	150.0	125.0	110.0	170.0	157.0	177.0	144.0	190.0	481.0	127.0	146.0	106.0	114.0	117.0	121.0	186.0	154.0	180.0	112.0	148.0	161.0	202.0
97	20150319 02:33:50.764	625.0	291.0	139.0	119.0	161.0	133.0	149.0	152.0	101.0	122.0	101.0	122.0	131.0	129.0	119.0	146.0	125.0	119.0	227.0	126.0	170.0	101.0	101.0	135.0	188.0	140.0	160.0	109.0	176.0	207.0	413.0	102.0	146.0	150.0	96.0	103.0	205.0	127.0	169.0	177.0	159.0	162.0	150.0	123.0
98	20150319 02:33:50.764	625.0	288.0	124.0	156.0	196.0	133.0	147.0	124.0	100.0	104.0	129.0	121.0	56.0	135.0	119.0	128.0	88.0	129.0	84.0	171.0	144.0	124.0	101.0	114.0	131.0	140.0	66.0	143.0	108.0	145.0	350.0	150.0	128.0	137.0	177.0	101.0	97.0	228.0	169.0	221.0	142.0	107.0	188.0	146.0
99	20150319 02:33:50.764	1276.0	250.0	123.0	112.0	151.0	136.0	175.0	266.0	211.0	111.0	185.0	168.0	200.0	239.0	179.0	220.0	156.0	303.0	194.0	343.0	194.0	168.0	250.0	224.0	406.0	399.0	429.0	364.0	497.0	691.0	2415.0	1758.0	1631.0	1398.0	1416.0	1376.0	1342.0	1341.0	272.0	246.0	227.0	207.0	223.0	189.0
100	20150319 02:33:50.764	1272.0	250.0	162.0	76.0	129.0	158.0	193.0	168.0	122.0	126.0	195.0	167.0	228.0	231.0	268.0	230.0	233.0	283.0	217.0	263.0	227.0	177.0	191.0	222.0	341.0	344.0	367.0	362.0	417.0	520.0	2061.0	1406.0	1149.0	915.0	936.0	1010.0	1040.0	892.0	207.0	213.0	198.0	242.0	205.0	192.0
101	20150319 02:33:50.764	1276.0	247.0	228.0	120.0	102.0	93.0	182.0	266.0	120.0	110.0	157.0	202.0	200.0	239.0	165.0	179.0	138.0	251.0	265.0	343.0	241.0	169.0	203.0	200.0	304.0	399.0	387.0	299.0	469.0	600.0	2322.0	1667.0	1388.0	1219.0	1242.0	1248.0	1267.0	1276.0	265.0	192.0	175.0	207.0	197.0	186.0
102	20150319 02:33:50.764	1272.0	247.0	195.0	81.0	118.0	121.0	134.0	141.0	144.0	150.0	145.0	183.0	228.0	231.0	185.0	233.0	184.0	230.0	250.0	311.0	219.0	188.0	168.0	146.0	341.0	257.0	343.0	315.0	329.0	483.0	1880.0	1358.0	1149.0	915.0	858.0	836.0	917.0	865.0	225.0	216.0	206.0	233.0	248.0	199.0
103	20150319 03:41:52.253	656.0	243.0	153.0	136.0	154.0	167.0	99.0	85.0	161.0	120.0	117.0	112.0	154.0	122.0	138.0	109.0	98.0	126.0	141.0	167.0	105.0	120.0	120.0	162.0	148.0	128.0	117.0	167.0	118.0	155.0	99.0	374.0	123.0	111.0	96.0	99.0	134.0	134.0	199.0	112.0	146.0	199.0	198.0	163.0
104	20150319 03:41:52.253	655.0	240.0	152.0	167.0	159.0	142.0	107.0	79.0	93.0	128.0	74.0	158.0	145.0	142.0	130.0	145.0	131.0	151.0	141.0	129.0	98.0	115.0	120.0	127.0	120.0	168.0	100.0	114.0	139.0	147.0	97.0	414.0	128.0	113.0	128.0	171.0	185.0	203.0	166.0	167.0	151.0	180.0	198.0	159.0
105	20150319 03:41:52.253	647.0	240.0	149.0	123.0	132.0	90.0	110.0	135.0	116.0	156.0	144.0	109.0	102.0	158.0	147.0	141.0	111.0	133.0	202.0	155.0	112.0	136.0	131.0	145.0	144.0	100.0	143.0	154.0	87.0	159.0	123.0	442.0	105.0	155.0	140.0	128.0	130.0	187.0	181.0	155.0	156.0	133.0	204.0	157.0
106	20150319 03:41:52.253	655.0	238.0	102.0	167.0	130.0	117.0	107.0	84.0	124.0	127.0	104.0	158.0	134.0	142.0	135.0	131.0	131.0	132.0	97.0	125.0	85.0	101.0	98.0	127.0	175.0	168.0	153.0	114.0	149.0	95.0	160.0	414.0	120.0	120.0	130.0	171.0	185.0	203.0	208.0	188.0	127.0	180.0	194.0	136.0
107	20150319 03:41:52.253	648.0	238.0	149.0	119.0	132.0	90.0	101.0	135.0	116.0	182.0	122.0	103.0	94.0	115.0	146.0	141.0	110.0	136.0	202.0	193.0	132.0	127.0	135.0	165.0	136.0	177.0	98.0	150.0	118.0	132.0	134.0	442.0	142.0	118.0	119.0	123.0	120.0	187.0	181.0	155.0	101.0	123.0	204.0	124.0
108	20150319 03:41:52.253	655.0	235.0	146.0	109.0	143.0	96.0	126.0	134.0	137.0	126.0	126.0	126.0	100.0	102.0	135.0	171.0	138.0	111.0	121.0	126.0	108.0	93.0	90.0	133.0	131.0	116.0	153.0	113.0	155.0	112.0	104.0	419.0	190.0	120.0	104.0	113.0	132.0	129.0	142.0	141.0	127.0	212.0	190.0	206.0
109	20150319 03:41:52.253	649.0	235.0	151.0	95.0	119.0	144.0	115.0	132.0	185.0	194.0	156.0	106.0	113.0	138.0	100.0	115.0	110.0	123.0	96.0	104.0	213.0	112.0	135.0	164.0	116.0	177.0	101.0	146.0	132.0	112.0	157.0	408.0	188.0	121.0	162.0	149.0	106.0	171.0	163.0	131.0	173.0	165.0	104.0	124.0
110	20150319 03:41:52.253	653.0	232.0	120.0	128.0	143.0	127.0	160.0	184.0	177.0	116.0	102.0	162.0	96.0	96.0	105.0	171.0	107.0	155.0	123.0	144.0	126.0	124.0	125.0	82.0	206.0	113.0	120.0	154.0	192.0	129.0	128.0	451.0	155.0	120.0	108.0	184.0	132.0	169.0	145.0	120.0	177.0	212.0	159.0	154.0
111	20150319 03:41:52.253	651.0	232.0	110.0	95.0	119.0	127.0	133.0	106.0	155.0	160.0	102.0	162.0	142.0	96.0	124.0	167.0	107.0	155.0	146.0	144.0	139.0	96.0	125.0	143.0	172.0	147.0	106.0	154.0	192.0	111.0	157.0	451.0	155.0	120.0	117.0	184.0	130.0	169.0	148.0	125.0	91.0	186.0	159.0	192.0
112	20150319 03:41:52.253	638.0	219.0	223.0	112.0	183.0	127.0	140.0	119.0	106.0	125.0	136.0	132.0	142.0	132.0	146.0	150.0	120.0	176.0	142.0	179.0	127.0	103.0	151.0	146.0	121.0	119.0	137.0	177.0	145.0	134.0	156.0	385.0	130.0	125.0	161.0	151.0	167.0	141.0	192.0	134.0	160.0	146.0	164.0	183.0
113	20150319 03:41:52.253	647.0	219.0	138.0	156.0	117.0	154.0	103.0	119.0	137.0	112.0	154.0	128.0	113.0	124.0	123.0	109.0	122.0	148.0	178.0	166.0	137.0	159.0	120.0	192.0	114.0	109.0	101.0	128.0	126.0	164.0	165.0	388.0	131.0	124.0	179.0	174.0	140.0	152.0	118.0	165.0	173.0	143.0	148.0	142.0
114	20150319 03:41:52.253	646.0	215.0	177.0	124.0	130.0	163.0	123.0	79.0	106.0	108.0	99.0	146.0	123.0	137.0	169.0	136.0	109.0	99.0	126.0	148.0	134.0	114.0	147.0	123.0	177.0	109.0	123.0	124.0	127.0	133.0	122.0	457.0	176.0	107.0	128.0	114.0	121.0	137.0	171.0	176.0	207.0	152.0	194.0	135.0
115	20150319 03:41:52.253	639.0	213.0	220.0	128.0	154.0	145.0	162.0	98.0	156.0	138.0	194.0	132.0	146.0	159.0	102.0	161.0	88.0	134.0	125.0	138.0	143.0	83.0	173.0	147.0	118.0	162.0	159.0	188.0	103.0	116.0	178.0	523.0	154.0	148.0	123.0	148.0	175.0	187.0	126.0	203.0	173.0	142.0	128.0	219.0
116	20150319 03:41:52.253	645.0	211.0	150.0	114.0	150.0	131.0	163.0	124.0	131.0	139.0	120.0	134.0	121.0	151.0	154.0	120.0	167.0	135.0	142.0	133.0	123.0	144.0	160.0	131.0	154.0	168.0	117.0	105.0	93.0	112.0	86.0	441.0	159.0	116.0	109.0	144.0	89.0	129.0	209.0	202.0	134.0	187.0	238.0	195.0
117	20150319 03:41:52.253	640.0	209.0	0.0	120.0	153.0	136.0	133.0	104.0	146.0	127.0	130.0	115.0	113.0	105.0	125.0	107.0	125.0	140.0	154.0	143.0	151.0	127.0	180.0	175.0	147.0	129.0	103.0	149.0	156.0	142.0	184.0	478.0	113.0	105.0	145.0	139.0	148.0	234.0	167.0	148.0	171.0	142.0	158.0	110.0
118	20150319 03:41:52.253	645.0	207.0	0.0	116.0	128.0	138.0	116.0	115.0	125.0	130.0	147.0	162.0	116.0	119.0	119.0	133.0	146.0	124.0	104.0	168.0	151.0	103.0	141.0	207.0	123.0	140.0	192.0	130.0	82.0	95.0	142.0	468.0	101.0	141.0	130.0	159.0	101.0	185.0	167.0	210.0	155.0	229.0	196.0	130.0
119	20150319 03:41:52.253	639.0	206.0	0.0	88.0	137.0	114.0	129.0	114.0	105.0	106.0	122.0	104.0	97.0	158.0	175.0	109.0	123.0	126.0	100.0	143.0	131.0	127.0	158.0	154.0	87.0	144.0	122.0	149.0	120.0	111.0	149.0	421.0	132.0	141.0	130.0	147.0	161.0	179.0	169.0	159.0	126.0	189.0	112.0	166.0
120	20150319 03:41:52.253	640.0	204.0	0.0	124.0	127.0	121.0	140.0	131.0	144.0	106.0	114.0	106.0	111.0	135.0	131.0	110.0	123.0	172.0	120.0	188.0	116.0	124.0	104.0	125.0	165.0	110.0	149.0	114.0	120.0	133.0	120.0	425.0	142.0	141.0	161.0	138.0	149.0	136.0	230.0	159.0	99.0	130.0	143.0	169.0
121	20150319 03:41:52.253	641.0	201.0	0.0	107.0	165.0	121.0	156.0	137.0	123.0	105.0	123.0	154.0	94.0	125.0	142.0	175.0	169.0	137.0	123.0	151.0	157.0	115.0	95.0	144.0	165.0	110.0	157.0	117.0	135.0	133.0	113.0	413.0	87.0	115.0	151.0	160.0	114.0	173.0	230.0	120.0	157.0	171.0	143.0	169.0
122	20150318 07:07:55.494	256.0	200.0	0.0	103.0	113.0	148.0	132.0	146.0	145.0	93.0	118.0	124.0	106.0	158.0	138.0	137.0	103.0	124.0	142.0	133.0	165.0	127.0	95.0	114.0	169.0	136.0	131.0	164.0	129.0	308.0	147.0	105.0	131.0	162.0	105.0	190.0	151.0	148.0	144.0	146.0	179.0	140.0	144.0	125.0
123	20150319 03:41:52.253	634.0	199.0	0.0	128.0	136.0	128.0	135.0	114.0	124.0	133.0	116.0	139.0	100.0	116.0	125.0	119.0	147.0	168.0	144.0	162.0	145.0	117.0	121.0	134.0	183.0	190.0	142.0	143.0	141.0	114.0	173.0	382.0	146.0	115.0	174.0	137.0	132.0	167.0	79.0	131.0	180.0	135.0	145.0	153.0
124	20150318 00:20:03.959	251.0	193.0	0.0	141.0	125.0	154.0	116.0	96.0	94.0	202.0	119.0	130.0	101.0	192.0	120.0	123.0	143.0	124.0	111.0	152.0	130.0	106.0	113.0	150.0	123.0	181.0	114.0	149.0	130.0	367.0	122.0	145.0	91.0	131.0	129.0	156.0	150.0	196.0	228.0	163.0	185.0	137.0	183.0	117.0
125	20150319 01:25:50.420	253.0	191.0	0.0	165.0	157.0	107.0	169.0	99.0	96.0	101.0	118.0	126.0	102.0	135.0	181.0	84.0	135.0	146.0	138.0	152.0	130.0	136.0	175.0	150.0	139.0	101.0	114.0	147.0	85.0	388.0	119.0	124.0	146.0	150.0	129.0	156.0	122.0	129.0	135.0	135.0	185.0	114.0	183.0	166.0
126	20150319 01:25:50.420	252.0	188.0	0.0	114.0	115.0	132.0	169.0	128.0	140.0	103.0	99.0	101.0	102.0	117.0	181.0	103.0	130.0	128.0	120.0	167.0	143.0	102.0	122.0	133.0	158.0	100.0	128.0	171.0	126.0	386.0	178.0	105.0	166.0	130.0	97.0	181.0	162.0	161.0	127.0	99.0	100.0	183.0	122.0	151.0
127	20150317 18:39:57.931	260.0	184.0	0.0	120.0	106.0	205.0	131.0	103.0	106.0	113.0	182.0	99.0	167.0	120.0	110.0	116.0	104.0	119.0	181.0	165.0	190.0	123.0	182.0	140.0	151.0	151.0	139.0	138.0	163.0	358.0	194.0	136.0	219.0	158.0	134.0	145.0	128.0	198.0	126.0	156.0	152.0	123.0	124.0	210.0
128	20150317 16:24:14.353	251.0	184.0	0.0	187.0	112.0	131.0	110.0	113.0	125.0	174.0	156.0	107.0	123.0	163.0	139.0	161.0	168.0	160.0	130.0	177.0	124.0	126.0	99.0	152.0	129.0	142.0	123.0	143.0	110.0	314.0	143.0	124.0	154.0	100.0	136.0	166.0	156.0	158.0	191.0	185.0	184.0	151.0	147.0	149.0
129	20150318 11:39:56.90	276.0	184.0	0.0	170.0	119.0	139.0	134.0	153.0	169.0	134.0	144.0	135.0	175.0	148.0	119.0	131.0	131.0	193.0	151.0	115.0	156.0	126.0	110.0	134.0	186.0	148.0	147.0	199.0	141.0	137.0	371.0	313.0	280.0	264.0	257.0	242.0	271.0	340.0	209.0	192.0	148.0	171.0	196.0	177.0
130	20150319 02:33:50.764	276.0	182.0	0.0	151.0	138.0	157.0	134.0	174.0	166.0	134.0	126.0	135.0	175.0	148.0	164.0	159.0	141.0	193.0	146.0	166.0	107.0	115.0	98.0	106.0	186.0	95.0	140.0	199.0	153.0	165.0	426.0	313.0	245.0	343.0	259.0	278.0	271.0	296.0	265.0	192.0	163.0	182.0	150.0	177.0
131	20150318 12:47:45.860	283.0	178.0	0.0	141.0	126.0	186.0	115.0	156.0	120.0	153.0	105.0	139.0	121.0	168.0	162.0	146.0	179.0	166.0	202.0	146.0	198.0	124.0	134.0	142.0	171.0	130.0	142.0	105.0	143.0	144.0	375.0	327.0	276.0	294.0	222.0	328.0	284.0	334.0	194.0	209.0	210.0	168.0	154.0	193.0
132	20150319 02:33:50.764	273.0	178.0	0.0	145.0	154.0	153.0	126.0	151.0	141.0	171.0	152.0	144.0	70.0	128.0	121.0	147.0	136.0	181.0	88.0	127.0	136.0	89.0	113.0	122.0	130.0	137.0	166.0	139.0	138.0	112.0	316.0	426.0	264.0	282.0	278.0	287.0	216.0	407.0	224.0	151.0	143.0	172.0	178.0	225.0
133	20150319 02:33:50.764	273.0	175.0	0.0	122.0	136.0	122.0	110.0	127.0	105.0	121.0	129.0	144.0	109.0	125.0	117.0	144.0	122.0	148.0	149.0	146.0	134.0	101.0	100.0	87.0	108.0	182.0	166.0	112.0	138.0	115.0	342.0	365.0	264.0	217.0	229.0	287.0	235.0	226.0	210.0	158.0	144.0	141.0	169.0	211.0
134	20150319 02:33:50.764	609.0	174.0	0.0	113.0	165.0	156.0	118.0	111.0	151.0	127.0	150.0	116.0	137.0	86.0	150.0	166.0	127.0	147.0	140.0	173.0	146.0	143.0	102.0	133.0	132.0	129.0	142.0	155.0	150.0	121.0	469.0	94.0	121.0	133.0	115.0	132.0	205.0	183.0	160.0	218.0	139.0	168.0	115.0	140.0
135	20150317 16:24:14.353	275.0	172.0	0.0	188.0	140.0	111.0	79.0	127.0	169.0	101.0	157.0	177.0	146.0	215.0	97.0	112.0	129.0	142.0	156.0	187.0	117.0	121.0	115.0	104.0	101.0	136.0	88.0	152.0	181.0	110.0	342.0	266.0	198.0	138.0	171.0	178.0	191.0	276.0	178.0	137.0	141.0	180.0	203.0	211.0
136	20150319 02:33:50.764	611.0	170.0	0.0	118.0	112.0	117.0	139.0	126.0	147.0	133.0	120.0	122.0	104.0	128.0	126.0	80.0	122.0	138.0	108.0	214.0	134.0	134.0	138.0	128.0	154.0	117.0	123.0	140.0	137.0	122.0	496.0	123.0	166.0	107.0	120.0	111.0	172.0	150.0	190.0	150.0	169.0	154.0	191.0	166.0
137	20150319 02:33:50.764	608.0	170.0	0.0	118.0	160.0	158.0	118.0	132.0	144.0	133.0	123.0	127.0	123.0	124.0	113.0	156.0	102.0	133.0	114.0	178.0	111.0	134.0	129.0	184.0	102.0	148.0	123.0	140.0	137.0	136.0	515.0	123.0	166.0	101.0	120.0	121.0	125.0	127.0	107.0	168.0	125.0	147.0	176.0	121.0
138	20150319 02:33:50.764	604.0	170.0	0.0	136.0	125.0	94.0	101.0	159.0	111.0	170.0	132.0	98.0	109.0	149.0	119.0	105.0	106.0	132.0	157.0	165.0	116.0	138.0	151.0	98.0	152.0	90.0	147.0	103.0	139.0	116.0	509.0	130.0	113.0	116.0	127.0	114.0	137.0	148.0	161.0	154.0	150.0	178.0	189.0	193.0
139	20150319 02:33:50.764	614.0	169.0	0.0	129.0	115.0	148.0	143.0	126.0	154.0	117.0	109.0	75.0	104.0	175.0	117.0	117.0	122.0	138.0	119.0	214.0	134.0	115.0	112.0	115.0	154.0	145.0	112.0	118.0	105.0	135.0	554.0	128.0	109.0	117.0	98.0	130.0	130.0	166.0	197.0	158.0	165.0	151.0	143.0	114.0
140	20150319 02:33:50.764	614.0	167.0	0.0	193.0	191.0	148.0	99.0	134.0	142.0	117.0	107.0	90.0	104.0	175.0	125.0	117.0	125.0	138.0	175.0	214.0	134.0	136.0	151.0	129.0	154.0	147.0	142.0	147.0	94.0	135.0	554.0	88.0	101.0	141.0	133.0	111.0	124.0	195.0	179.0	174.0	165.0	150.0	143.0	100.0
141	20150319 02:33:50.764	611.0	167.0	0.0	137.0	115.0	129.0	116.0	131.0	144.0	150.0	128.0	122.0	126.0	175.0	125.0	92.0	134.0	133.0	156.0	214.0	134.0	107.0	151.0	114.0	147.0	135.0	124.0	73.0	159.0	98.0	581.0	123.0	171.0	121.0	148.0	133.0	125.0	167.0	133.0	174.0	125.0	192.0	123.0	145.0
142	20150319 02:33:50.764	608.0	167.0	0.0	125.0	147.0	158.0	116.0	126.0	144.0	91.0	137.0	66.0	112.0	96.0	120.0	114.0	108.0	133.0	156.0	132.0	112.0	107.0	116.0	147.0	132.0	148.0	122.0	105.0	150.0	161.0	586.0	171.0	171.0	107.0	127.0	138.0	156.0	216.0	151.0	168.0	131.0	147.0	142.0	143.0
143	20150319 02:33:50.764	604.0	167.0	0.0	136.0	189.0	161.0	147.0	171.0	166.0	114.0	129.0	87.0	109.0	89.0	128.0	174.0	105.0	170.0	157.0	118.0	70.0	120.0	129.0	117.0	152.0	127.0	139.0	189.0	139.0	116.0	542.0	126.0	166.0	132.0	136.0	99.0	105.0	119.0	185.0	154.0	150.0	178.0	172.0	223.0
144	20150319 02:33:50.764	613.0	164.0	0.0	163.0	191.0	151.0	157.0	158.0	125.0	113.0	91.0	115.0	124.0	112.0	114.0	92.0	125.0	131.0	175.0	130.0	152.0	137.0	151.0	120.0	134.0	120.0	140.0	73.0	127.0	124.0	581.0	62.0	141.0	145.0	155.0	112.0	112.0	195.0	148.0	148.0	154.0	192.0	181.0	100.0
145	20150319 02:33:50.764	611.0	164.0	0.0	132.0	121.0	116.0	157.0	96.0	117.0	108.0	154.0	140.0	126.0	112.0	109.0	92.0	101.0	147.0	100.0	115.0	85.0	122.0	151.0	90.0	110.0	173.0	140.0	65.0	123.0	122.0	581.0	61.0	119.0	112.0	155.0	112.0	134.0	195.0	160.0	183.0	154.0	192.0	100.0	130.0
146	20150319 02:33:50.764	608.0	164.0	0.0	134.0	122.0	104.0	136.0	144.0	127.0	143.0	148.0	202.0	112.0	186.0	139.0	133.0	106.0	147.0	114.0	235.0	151.0	144.0	116.0	147.0	113.0	173.0	99.0	109.0	117.0	161.0	540.0	112.0	146.0	119.0	127.0	115.0	167.0	216.0	133.0	181.0	111.0	179.0	152.0	171.0
147	20150319 02:33:50.764	605.0	164.0	0.0	105.0	189.0	109.0	156.0	134.0	140.0	114.0	133.0	114.0	93.0	186.0	128.0	174.0	102.0	155.0	165.0	161.0	89.0	124.0	123.0	147.0	97.0	127.0	107.0	189.0	94.0	117.0	521.0	112.0	150.0	138.0	158.0	144.0	90.0	187.0	198.0	159.0	133.0	136.0	113.0	165.0
148	20150319 02:33:50.764	611.0	160.0	0.0	127.0	108.0	102.0	153.0	113.0	113.0	171.0	115.0	108.0	112.0	118.0	154.0	150.0	188.0	115.0	180.0	109.0	159.0	142.0	170.0	130.0	124.0	135.0	130.0	126.0	130.0	95.0	418.0	187.0	105.0	103.0	155.0	100.0	138.0	128.0	184.0	155.0	135.0	155.0	149.0	147.0
149	20150319 02:33:50.764	608.0	161.0	0.0	129.0	137.0	142.0	136.0	138.0	113.0	171.0	161.0	104.0	148.0	133.0	152.0	133.0	147.0	147.0	126.0	138.0	129.0	144.0	118.0	113.0	168.0	151.0	109.0	110.0	133.0	165.0	505.0	135.0	95.0	119.0	137.0	115.0	117.0	224.0	150.0	159.0	129.0	143.0	132.0	171.0
150	20150317 18:39:57.931	595.0	64.0	0.0	145.0	174.0	184.0	105.0	145.0	166.0	135.0	201.0	118.0	113.0	152.0	127.0	144.0	156.0	172.0	159.0	191.0	135.0	131.0	130.0	96.0	166.0	134.0	161.0	163.0	125.0	131.0	105.0	152.0	201.0	176.0	197.0	135.0	180.0	153.0	350.0	222.0	242.0	217.0	170.0	247.0
151	20150318 03:43:51.592	594.0	61.0	0.0	129.0	117.0	113.0	149.0	163.0	166.0	131.0	201.0	128.0	138.0	151.0	99.0	138.0	139.0	164.0	151.0	190.0	157.0	201.0	130.0	142.0	140.0	164.0	224.0	140.0	133.0	119.0	119.0	122.0	266.0	191.0	207.0	237.0	180.0	195.0	350.0	267.0	252.0	217.0	185.0	155.0
