index	mortality	x	y	20140907 18:24:13.645	20140910 20:36:12.434	20140910 21:36:09.503	20140910 22:36:02.176	20140910 23:36:10.35	20140911 00:36:15.573	20140911 01:36:08.938	20140911 02:36:02.509	20140911 03:35:57.916	20140911 04:36:06.192	20140911 05:36:00.129	20140911 06:36:10.168	20140911 07:36:11.795	20140911 08:36:04.404	20140911 09:36:01.659	20140911 10:36:01.571	20140911 11:36:08.44	20140911 12:36:12.910	20140911 13:36:18.291	20140911 14:36:17.725	20140911 15:36:17.307	20140911 16:36:17.683	20140911 17:36:11.947	20140911 18:36:17.413	20140911 19:36:22.72	20140911 20:36:26.902	20140911 21:36:15.810	20140911 22:36:24.142	20140911 23:36:16.878	20140912 01:36:20.307	20140912 03:36:15.594	20140912 04:36:08.46	20140912 05:36:10.956	20140912 06:36:11.520	20140912 07:36:06.745	20140912 08:36:01.660	20140912 09:36:09.340	20140912 10:36:12.437	20140912 11:36:22.737	20140912 12:36:13.918	20140912 13:36:15.743	20140912 14:36:37.801	20140912 15:36:16.715	20140912 16:36:46.01	20140912 17:36:11.330	20140912 18:36:31.31	20140912 19:36:27.500	20140912 20:36:19.818	20140912 21:36:14.125	20140912 22:36:15.225	20140912 23:36:14.157	20140913 00:36:15.109	20140913 01:36:13.749	20140913 02:36:05.743	20140913 03:36:14.288	20140913 04:36:07.137	20140913 05:36:17.87	20140913 06:36:19.308	20140913 07:36:12.611	20140913 08:36:08.108	20140913 09:36:12.902	20140913 10:54:40.350	20140913 11:54:48.650	20140913 12:54:43.221	20140913 13:54:38.898	20140913 14:54:43.949
1	20140912 10:36:12.437	34.0	1029.0	124.0	137.0	148.0	155.0	219.0	145.0	134.0	171.0	194.0	141.0	163.0	127.0	105.0	127.0	150.0	146.0	110.0	198.0	189.0	146.0	133.0	165.0	139.0	158.0	145.0	156.0	155.0	105.0	110.0	149.0	141.0	139.0	168.0	209.0	192.0	140.0	194.0	246.0	159.0	149.0	149.0	142.0	153.0	161.0	153.0	145.0	174.0	174.0	172.0	176.0	175.0	216.0	209.0	217.0	230.0	277.0	262.0	277.0	293.0	266.0	357.0	242.0	230.0	143.0	162.0	0.0
2	20140912 10:36:12.437	30.0	1029.0	177.0	130.0	160.0	169.0	176.0	123.0	178.0	133.0	174.0	147.0	125.0	106.0	197.0	136.0	127.0	184.0	107.0	149.0	186.0	207.0	159.0	146.0	174.0	127.0	171.0	164.0	155.0	155.0	158.0	196.0	165.0	226.0	155.0	194.0	204.0	206.0	166.0	317.0	162.0	186.0	198.0	200.0	224.0	206.0	168.0	166.0	139.0	148.0	195.0	256.0	194.0	273.0	256.0	197.0	269.0	276.0	276.0	285.0	316.0	341.0	409.0	153.0	154.0	162.0	127.0	0.0
3	20140913 03:36:14.288	34.0	1025.0	124.0	144.0	166.0	158.0	161.0	198.0	133.0	139.0	145.0	112.0	169.0	154.0	129.0	141.0	109.0	115.0	159.0	206.0	178.0	195.0	112.0	122.0	144.0	107.0	191.0	148.0	143.0	148.0	107.0	143.0	172.0	144.0	232.0	166.0	146.0	142.0	155.0	233.0	190.0	140.0	169.0	181.0	146.0	164.0	171.0	187.0	104.0	143.0	161.0	170.0	199.0	187.0	200.0	157.0	220.0	275.0	233.0	283.0	250.0	327.0	324.0	185.0	165.0	182.0	170.0	0.0
4	20140912 10:36:12.437	30.0	1025.0	166.0	140.0	171.0	187.0	137.0	124.0	124.0	139.0	136.0	132.0	166.0	183.0	177.0	164.0	155.0	144.0	159.0	193.0	173.0	179.0	157.0	151.0	171.0	159.0	104.0	150.0	138.0	155.0	164.0	178.0	194.0	162.0	202.0	174.0	165.0	161.0	192.0	218.0	152.0	132.0	167.0	246.0	170.0	199.0	181.0	162.0	192.0	177.0	155.0	195.0	209.0	161.0	255.0	242.0	279.0	264.0	181.0	224.0	257.0	316.0	251.0	166.0	266.0	123.0	149.0	0.0
5	20140911 16:36:17.683	20.0	924.0	99.0	129.0	95.0	142.0	157.0	155.0	110.0	166.0	143.0	107.0	141.0	82.0	130.0	146.0	152.0	126.0	115.0	124.0	122.0	148.0	129.0	158.0	135.0	135.0	148.0	165.0	137.0	93.0	83.0	135.0	152.0	147.0	114.0	145.0	125.0	142.0	122.0	146.0	122.0	179.0	98.0	137.0	155.0	98.0	148.0	135.0	94.0	120.0	145.0	132.0	126.0	96.0	116.0	165.0	169.0	88.0	117.0	161.0	141.0	163.0	133.0	163.0	227.0	145.0	130.0	120.0
6	20140911 12:36:12.910	17.0	923.0	126.0	152.0	156.0	142.0	139.0	129.0	144.0	148.0	173.0	101.0	141.0	91.0	139.0	109.0	152.0	109.0	90.0	209.0	122.0	114.0	105.0	137.0	132.0	100.0	113.0	165.0	240.0	116.0	155.0	114.0	87.0	147.0	190.0	145.0	92.0	142.0	104.0	146.0	204.0	179.0	98.0	110.0	155.0	91.0	122.0	134.0	94.0	193.0	141.0	158.0	147.0	126.0	88.0	123.0	170.0	110.0	60.0	164.0	164.0	115.0	124.0	163.0	162.0	237.0	66.0	167.0
7	20140913 07:36:12.611	20.0	921.0	122.0	97.0	156.0	133.0	154.0	129.0	156.0	126.0	143.0	156.0	149.0	91.0	116.0	146.0	125.0	126.0	115.0	118.0	129.0	134.0	160.0	177.0	135.0	153.0	138.0	165.0	130.0	119.0	139.0	140.0	107.0	171.0	115.0	119.0	169.0	139.0	122.0	180.0	187.0	174.0	89.0	147.0	155.0	187.0	148.0	166.0	168.0	147.0	145.0	104.0	126.0	86.0	70.0	123.0	124.0	110.0	109.0	82.0	164.0	129.0	124.0	128.0	113.0	206.0	130.0	84.0
8	20140913 06:36:19.308	17.0	920.0	134.0	110.0	156.0	125.0	103.0	90.0	114.0	126.0	100.0	122.0	90.0	139.0	139.0	131.0	91.0	109.0	97.0	119.0	103.0	137.0	160.0	137.0	119.0	100.0	133.0	81.0	118.0	116.0	137.0	94.0	90.0	106.0	190.0	120.0	104.0	131.0	104.0	98.0	204.0	174.0	92.0	108.0	96.0	140.0	110.0	134.0	144.0	149.0	120.0	114.0	118.0	148.0	122.0	131.0	120.0	110.0	59.0	164.0	164.0	122.0	95.0	140.0	101.0	206.0	128.0	131.0
9	20140911 17:36:11.947	20.0	874.0	130.0	144.0	177.0	150.0	146.0	148.0	141.0	122.0	178.0	130.0	172.0	176.0	121.0	218.0	148.0	132.0	166.0	122.0	165.0	154.0	65.0	107.0	170.0	114.0	173.0	116.0	256.0	151.0	96.0	122.0	180.0	148.0	142.0	127.0	160.0	99.0	131.0	182.0	131.0	158.0	119.0	177.0	128.0	146.0	154.0	167.0	162.0	199.0	160.0	162.0	185.0	158.0	169.0	191.0	205.0	251.0	166.0	216.0	220.0	208.0	163.0	149.0	239.0	126.0	119.0	98.0
10	20140910 22:36:02.176	17.0	875.0	93.0	134.0	118.0	162.0	124.0	137.0	124.0	136.0	178.0	109.0	127.0	154.0	107.0	112.0	122.0	163.0	158.0	128.0	165.0	153.0	101.0	119.0	94.0	96.0	189.0	111.0	133.0	141.0	117.0	170.0	135.0	148.0	129.0	127.0	136.0	102.0	136.0	209.0	192.0	195.0	164.0	156.0	209.0	146.0	149.0	125.0	162.0	189.0	203.0	187.0	173.0	195.0	155.0	178.0	158.0	175.0	129.0	191.0	161.0	165.0	192.0	110.0	171.0	106.0	119.0	136.0
11	20140911 21:36:15.810	20.0	867.0	103.0	180.0	160.0	152.0	132.0	164.0	123.0	114.0	181.0	141.0	133.0	119.0	168.0	115.0	117.0	137.0	133.0	142.0	129.0	176.0	174.0	193.0	181.0	149.0	101.0	135.0	192.0	211.0	106.0	206.0	142.0	161.0	143.0	207.0	154.0	138.0	124.0	221.0	219.0	169.0	135.0	151.0	165.0	153.0	121.0	198.0	237.0	161.0	165.0	141.0	177.0	185.0	160.0	209.0	151.0	151.0	193.0	141.0	124.0	223.0	268.0	183.0	183.0	102.0	159.0	145.0
12	20140913 08:36:08.108	17.0	867.0	131.0	154.0	104.0	152.0	189.0	164.0	127.0	114.0	161.0	158.0	133.0	128.0	168.0	115.0	117.0	126.0	152.0	188.0	202.0	168.0	126.0	193.0	181.0	126.0	120.0	137.0	192.0	148.0	106.0	158.0	193.0	166.0	161.0	141.0	163.0	175.0	152.0	222.0	158.0	145.0	116.0	119.0	182.0	157.0	136.0	198.0	237.0	153.0	165.0	141.0	193.0	183.0	147.0	140.0	253.0	214.0	99.0	167.0	137.0	203.0	268.0	83.0	183.0	218.0	159.0	96.0
13	20140912 03:36:15.594	257.0	817.0	109.0	180.0	160.0	199.0	208.0	168.0	159.0	148.0	170.0	162.0	144.0	180.0	81.0	178.0	153.0	125.0	196.0	162.0	194.0	202.0	161.0	163.0	176.0	126.0	185.0	169.0	192.0	176.0	190.0	171.0	284.0	300.0	195.0	226.0	255.0	213.0	227.0	308.0	206.0	215.0	257.0	239.0	232.0	218.0	187.0	289.0	281.0	284.0	279.0	311.0	264.0	239.0	270.0	250.0	301.0	312.0	257.0	340.0	276.0	326.0	383.0	229.0	201.0	211.0	163.0	151.0
14	20140912 01:36:20.307	1184.0	817.0	130.0	129.0	124.0	118.0	174.0	119.0	164.0	116.0	186.0	144.0	109.0	127.0	121.0	152.0	175.0	110.0	132.0	196.0	156.0	144.0	153.0	112.0	210.0	171.0	195.0	177.0	215.0	208.0	208.0	304.0	335.0	355.0	350.0	277.0	464.0	336.0	303.0	400.0	367.0	413.0	431.0	272.0	454.0	299.0	300.0	370.0	366.0	355.0	327.0	458.0	348.0	330.0	461.0	291.0	320.0	300.0	250.0	446.0	472.0	386.0	391.0	186.0	224.0	148.0	157.0	87.0
15	20140911 22:36:24.142	1180.0	817.0	116.0	102.0	120.0	108.0	163.0	119.0	117.0	140.0	121.0	131.0	110.0	137.0	84.0	138.0	132.0	109.0	134.0	182.0	112.0	143.0	125.0	131.0	201.0	177.0	302.0	243.0	319.0	327.0	335.0	276.0	447.0	355.0	323.0	336.0	427.0	459.0	305.0	378.0	350.0	372.0	357.0	250.0	435.0	314.0	306.0	564.0	386.0	425.0	375.0	495.0	311.0	296.0	323.0	328.0	289.0	273.0	275.0	474.0	391.0	343.0	347.0	142.0	138.0	138.0	188.0	85.0
16	20140912 04:36:08.46	1184.0	813.0	105.0	129.0	142.0	206.0	173.0	135.0	104.0	132.0	109.0	118.0	188.0	124.0	165.0	161.0	139.0	110.0	129.0	205.0	143.0	167.0	139.0	194.0	159.0	153.0	200.0	221.0	285.0	180.0	240.0	210.0	248.0	313.0	281.0	237.0	425.0	343.0	256.0	386.0	478.0	429.0	298.0	268.0	427.0	304.0	323.0	388.0	375.0	418.0	338.0	403.0	334.0	281.0	461.0	379.0	330.0	374.0	299.0	444.0	376.0	426.0	497.0	141.0	176.0	200.0	160.0	192.0
17	20140911 21:36:15.810	1180.0	813.0	147.0	94.0	123.0	170.0	164.0	117.0	147.0	136.0	118.0	158.0	98.0	144.0	155.0	171.0	175.0	126.0	88.0	144.0	160.0	170.0	112.0	115.0	206.0	194.0	246.0	225.0	364.0	333.0	407.0	289.0	354.0	367.0	357.0	302.0	400.0	355.0	306.0	360.0	341.0	291.0	335.0	258.0	416.0	338.0	287.0	392.0	359.0	415.0	360.0	302.0	390.0	307.0	349.0	269.0	284.0	353.0	237.0	341.0	329.0	277.0	323.0	169.0	133.0	155.0	183.0	99.0
18	20140912 06:36:11.520	1343.0	808.0	0.0	142.0	126.0	84.0	131.0	127.0	137.0	133.0	142.0	135.0	136.0	167.0	123.0	126.0	174.0	176.0	119.0	112.0	169.0	173.0	121.0	117.0	166.0	97.0	169.0	147.0	128.0	125.0	120.0	171.0	148.0	177.0	148.0	193.0	177.0	156.0	204.0	256.0	223.0	277.0	250.0	193.0	217.0	246.0	197.0	248.0	299.0	268.0	214.0	272.0	298.0	220.0	221.0	191.0	235.0	261.0	217.0	298.0	281.0	301.0	376.0	161.0	123.0	105.0	183.0	128.0
19	20140911 01:36:08.938	1339.0	808.0	0.0	111.0	169.0	138.0	158.0	84.0	198.0	124.0	170.0	91.0	128.0	123.0	125.0	139.0	136.0	109.0	120.0	198.0	160.0	153.0	107.0	130.0	188.0	112.0	135.0	170.0	194.0	186.0	189.0	146.0	127.0	194.0	228.0	221.0	266.0	240.0	285.0	247.0	262.0	246.0	281.0	204.0	280.0	343.0	271.0	259.0	259.0	333.0	296.0	320.0	258.0	200.0	313.0	203.0	212.0	249.0	158.0	308.0	310.0	294.0	338.0	144.0	153.0	149.0	152.0	129.0
20	20140912 04:36:08.46	1343.0	805.0	0.0	142.0	181.0	203.0	113.0	110.0	158.0	141.0	185.0	132.0	123.0	137.0	171.0	139.0	126.0	176.0	119.0	127.0	165.0	139.0	172.0	116.0	182.0	141.0	184.0	151.0	173.0	90.0	166.0	150.0	176.0	226.0	163.0	158.0	177.0	156.0	204.0	198.0	243.0	229.0	213.0	232.0	226.0	246.0	232.0	248.0	299.0	247.0	214.0	272.0	298.0	255.0	287.0	251.0	299.0	296.0	217.0	340.0	344.0	315.0	423.0	155.0	172.0	202.0	186.0	107.0
21	20140911 03:35:57.916	1339.0	805.0	0.0	126.0	146.0	122.0	147.0	124.0	153.0	133.0	187.0	98.0	115.0	132.0	164.0	106.0	152.0	152.0	86.0	144.0	127.0	177.0	107.0	179.0	209.0	151.0	178.0	118.0	154.0	210.0	175.0	164.0	219.0	214.0	213.0	246.0	206.0	235.0	285.0	257.0	206.0	286.0	281.0	294.0	243.0	343.0	258.0	324.0	282.0	333.0	319.0	320.0	285.0	251.0	286.0	323.0	305.0	359.0	193.0	291.0	310.0	302.0	338.0	144.0	125.0	138.0	165.0	141.0
22	20140912 10:36:12.437	927.0	793.0	133.0	179.0	142.0	149.0	174.0	152.0	171.0	172.0	156.0	144.0	93.0	131.0	120.0	185.0	136.0	164.0	143.0	132.0	124.0	125.0	128.0	170.0	196.0	145.0	159.0	99.0	139.0	178.0	168.0	162.0	168.0	159.0	161.0	192.0	183.0	176.0	174.0	223.0	193.0	242.0	173.0	214.0	192.0	239.0	197.0	252.0	170.0	249.0	188.0	269.0	194.0	201.0	265.0	234.0	339.0	205.0	201.0	300.0	310.0	308.0	269.0	205.0	154.0	131.0	149.0	106.0
23	20140912 17:36:11.330	931.0	792.0	121.0	123.0	117.0	210.0	163.0	165.0	147.0	194.0	150.0	119.0	161.0	110.0	167.0	128.0	93.0	96.0	119.0	166.0	167.0	135.0	100.0	156.0	173.0	125.0	126.0	157.0	150.0	157.0	139.0	161.0	189.0	131.0	173.0	174.0	158.0	159.0	157.0	198.0	163.0	173.0	207.0	197.0	185.0	217.0	232.0	286.0	250.0	241.0	218.0	251.0	224.0	213.0	225.0	254.0	309.0	289.0	173.0	261.0	302.0	315.0	341.0	173.0	179.0	134.0	189.0	182.0
24	20140913 03:36:14.288	860.0	789.0	174.0	161.0	138.0	201.0	164.0	109.0	148.0	158.0	117.0	125.0	133.0	127.0	156.0	131.0	85.0	123.0	124.0	149.0	161.0	132.0	183.0	197.0	135.0	108.0	150.0	146.0	191.0	118.0	137.0	137.0	138.0	168.0	122.0	161.0	124.0	189.0	174.0	177.0	177.0	137.0	158.0	119.0	146.0	186.0	134.0	152.0	115.0	191.0	150.0	164.0	173.0	109.0	152.0	247.0	294.0	272.0	339.0	286.0	304.0	434.0	337.0	239.0	259.0	189.0	166.0	159.0
25	20140913 03:36:14.288	857.0	788.0	133.0	161.0	136.0	109.0	164.0	140.0	128.0	204.0	122.0	124.0	120.0	143.0	84.0	145.0	118.0	112.0	121.0	189.0	136.0	181.0	108.0	202.0	146.0	123.0	143.0	160.0	149.0	164.0	124.0	107.0	177.0	138.0	121.0	167.0	102.0	145.0	170.0	182.0	153.0	204.0	166.0	119.0	149.0	152.0	177.0	144.0	239.0	191.0	194.0	155.0	190.0	141.0	169.0	247.0	277.0	281.0	321.0	307.0	422.0	394.0	443.0	274.0	168.0	162.0	180.0	159.0
26	20140912 16:36:46.01	931.0	789.0	141.0	98.0	152.0	210.0	163.0	165.0	148.0	214.0	150.0	166.0	161.0	203.0	167.0	154.0	124.0	174.0	168.0	128.0	167.0	143.0	140.0	196.0	173.0	179.0	143.0	157.0	162.0	148.0	146.0	147.0	153.0	158.0	183.0	164.0	178.0	135.0	157.0	200.0	174.0	211.0	214.0	169.0	208.0	217.0	263.0	185.0	291.0	278.0	210.0	228.0	255.0	206.0	212.0	243.0	264.0	258.0	192.0	300.0	302.0	267.0	335.0	157.0	159.0	165.0	168.0	125.0
27	20140911 19:36:22.72	927.0	789.0	184.0	143.0	135.0	151.0	140.0	174.0	123.0	96.0	151.0	81.0	164.0	133.0	159.0	130.0	104.0	185.0	93.0	152.0	133.0	140.0	170.0	152.0	146.0	159.0	199.0	110.0	178.0	189.0	181.0	261.0	166.0	147.0	225.0	150.0	147.0	192.0	179.0	182.0	178.0	152.0	224.0	175.0	211.0	206.0	230.0	287.0	234.0	211.0	156.0	198.0	284.0	203.0	216.0	200.0	227.0	197.0	184.0	241.0	256.0	293.0	301.0	190.0	184.0	129.0	156.0	118.0
28	20140913 02:36:05.743	814.0	788.0	128.0	161.0	144.0	125.0	139.0	123.0	127.0	168.0	203.0	136.0	134.0	118.0	125.0	138.0	105.0	159.0	151.0	100.0	157.0	120.0	91.0	144.0	151.0	120.0	104.0	105.0	202.0	105.0	137.0	126.0	153.0	130.0	124.0	202.0	118.0	158.0	100.0	130.0	96.0	170.0	157.0	155.0	148.0	175.0	161.0	195.0	169.0	196.0	128.0	211.0	217.0	168.0	157.0	229.0	319.0	266.0	205.0	308.0	317.0	295.0	347.0	179.0	197.0	204.0	156.0	138.0
29	20140913 03:36:14.288	810.0	787.0	136.0	121.0	162.0	151.0	187.0	184.0	124.0	132.0	198.0	114.0	173.0	111.0	164.0	199.0	105.0	151.0	129.0	186.0	128.0	104.0	153.0	135.0	127.0	154.0	128.0	127.0	129.0	172.0	133.0	127.0	135.0	157.0	134.0	147.0	90.0	162.0	124.0	185.0	115.0	142.0	151.0	174.0	156.0	146.0	158.0	173.0	148.0	141.0	101.0	154.0	135.0	136.0	142.0	212.0	300.0	290.0	193.0	257.0	401.0	268.0	366.0	135.0	227.0	167.0	230.0	96.0
30	20140912 12:36:13.918	136.0	787.0	155.0	134.0	131.0	170.0	122.0	123.0	109.0	161.0	142.0	121.0	121.0	109.0	173.0	156.0	126.0	119.0	166.0	111.0	172.0	136.0	128.0	158.0	130.0	130.0	137.0	147.0	143.0	182.0	139.0	153.0	170.0	222.0	170.0	162.0	138.0	159.0	158.0	268.0	240.0	283.0	314.0	262.0	267.0	349.0	306.0	332.0	340.0	334.0	320.0	379.0	419.0	404.0	295.0	344.0	373.0	390.0	435.0	356.0	361.0	450.0	367.0	208.0	239.0	185.0	224.0	150.0
31	20140912 10:36:12.437	131.0	787.0	110.0	181.0	131.0	194.0	164.0	163.0	176.0	156.0	143.0	153.0	164.0	141.0	138.0	155.0	137.0	138.0	179.0	130.0	160.0	163.0	164.0	113.0	179.0	143.0	134.0	118.0	230.0	191.0	173.0	177.0	204.0	178.0	152.0	219.0	184.0	195.0	231.0	261.0	259.0	274.0	299.0	332.0	273.0	301.0	350.0	317.0	378.0	319.0	328.0	340.0	375.0	334.0	289.0	319.0	267.0	334.0	335.0	349.0	313.0	377.0	330.0	175.0	202.0	139.0	174.0	98.0
32	20140911 13:36:18.291	950.0	786.0	128.0	184.0	122.0	129.0	148.0	120.0	139.0	224.0	92.0	149.0	90.0	132.0	116.0	159.0	147.0	109.0	146.0	155.0	238.0	151.0	156.0	158.0	152.0	163.0	221.0	130.0	170.0	163.0	138.0	178.0	187.0	152.0	112.0	177.0	169.0	166.0	157.0	207.0	177.0	206.0	213.0	142.0	203.0	175.0	246.0	363.0	242.0	270.0	242.0	265.0	204.0	232.0	281.0	209.0	307.0	215.0	214.0	257.0	249.0	305.0	279.0	121.0	135.0	145.0	187.0	103.0
33	20140912 04:36:08.46	946.0	786.0	130.0	104.0	123.0	186.0	208.0	128.0	128.0	125.0	146.0	142.0	181.0	110.0	155.0	207.0	146.0	157.0	111.0	82.0	133.0	176.0	109.0	144.0	158.0	185.0	156.0	157.0	183.0	140.0	199.0	124.0	192.0	273.0	200.0	153.0	184.0	203.0	144.0	195.0	192.0	182.0	164.0	227.0	174.0	193.0	173.0	252.0	238.0	211.0	194.0	323.0	282.0	248.0	293.0	273.0	268.0	249.0	154.0	281.0	295.0	397.0	286.0	108.0	155.0	165.0	183.0	82.0
34	20140913 04:36:07.137	860.0	785.0	96.0	150.0	116.0	176.0	139.0	145.0	115.0	113.0	150.0	124.0	96.0	112.0	155.0	105.0	122.0	155.0	149.0	118.0	154.0	130.0	120.0	164.0	148.0	150.0	163.0	144.0	185.0	126.0	136.0	128.0	122.0	112.0	139.0	144.0	130.0	118.0	150.0	147.0	151.0	161.0	181.0	136.0	144.0	152.0	159.0	128.0	113.0	139.0	155.0	210.0	166.0	113.0	148.0	142.0	254.0	285.0	321.0	305.0	422.0	363.0	352.0	274.0	254.0	158.0	211.0	121.0
35	20140913 05:36:17.87	857.0	785.0	157.0	119.0	142.0	171.0	139.0	140.0	119.0	179.0	122.0	124.0	177.0	104.0	122.0	167.0	118.0	116.0	131.0	170.0	143.0	163.0	125.0	144.0	125.0	123.0	136.0	138.0	145.0	164.0	124.0	127.0	111.0	166.0	138.0	119.0	110.0	147.0	201.0	182.0	144.0	156.0	166.0	86.0	144.0	152.0	144.0	154.0	158.0	243.0	194.0	148.0	126.0	147.0	169.0	207.0	249.0	235.0	321.0	305.0	422.0	370.0	443.0	274.0	145.0	147.0	124.0	123.0
36	20140912 08:36:01.660	814.0	785.0	143.0	122.0	152.0	168.0	142.0	123.0	144.0	128.0	163.0	146.0	134.0	100.0	105.0	125.0	129.0	203.0	112.0	101.0	157.0	106.0	111.0	118.0	152.0	137.0	131.0	155.0	202.0	156.0	147.0	126.0	143.0	145.0	170.0	202.0	119.0	240.0	139.0	153.0	132.0	170.0	132.0	155.0	152.0	175.0	186.0	202.0	169.0	196.0	176.0	167.0	152.0	193.0	159.0	229.0	300.0	219.0	254.0	261.0	289.0	268.0	331.0	210.0	197.0	195.0	172.0	124.0
37	20140913 03:36:14.288	811.0	785.0	136.0	107.0	152.0	130.0	164.0	114.0	103.0	124.0	132.0	142.0	173.0	119.0	184.0	199.0	120.0	203.0	126.0	186.0	140.0	143.0	153.0	123.0	132.0	136.0	81.0	127.0	183.0	137.0	131.0	117.0	113.0	168.0	134.0	111.0	118.0	240.0	128.0	185.0	143.0	75.0	151.0	119.0	156.0	175.0	158.0	146.0	142.0	196.0	176.0	148.0	135.0	150.0	153.0	212.0	300.0	290.0	190.0	261.0	380.0	268.0	366.0	147.0	227.0	167.0	245.0	145.0
38	20140911 13:36:18.291	950.0	783.0	147.0	105.0	161.0	183.0	157.0	108.0	176.0	137.0	152.0	124.0	110.0	142.0	116.0	178.0	131.0	142.0	149.0	146.0	238.0	174.0	140.0	200.0	152.0	139.0	149.0	136.0	203.0	169.0	138.0	178.0	187.0	159.0	221.0	177.0	170.0	158.0	155.0	207.0	167.0	158.0	211.0	159.0	245.0	199.0	212.0	248.0	242.0	266.0	172.0	242.0	209.0	228.0	223.0	258.0	198.0	252.0	207.0	281.0	249.0	238.0	309.0	223.0	204.0	174.0	187.0	144.0
39	20140912 18:36:31.31	946.0	783.0	101.0	165.0	102.0	131.0	208.0	160.0	187.0	131.0	207.0	125.0	150.0	165.0	185.0	123.0	152.0	163.0	107.0	189.0	115.0	138.0	122.0	185.0	137.0	185.0	130.0	144.0	195.0	213.0	199.0	141.0	202.0	147.0	200.0	197.0	168.0	160.0	123.0	184.0	218.0	244.0	229.0	177.0	220.0	223.0	194.0	262.0	265.0	273.0	191.0	247.0	261.0	248.0	243.0	179.0	268.0	249.0	166.0	311.0	288.0	397.0	269.0	166.0	163.0	154.0	135.0	113.0
40	20140912 11:36:22.737	136.0	782.0	194.0	137.0	146.0	151.0	144.0	143.0	193.0	149.0	139.0	171.0	131.0	119.0	112.0	130.0	130.0	147.0	145.0	168.0	129.0	153.0	118.0	147.0	149.0	199.0	115.0	146.0	153.0	156.0	130.0	232.0	243.0	237.0	264.0	267.0	242.0	236.0	239.0	273.0	348.0	311.0	273.0	362.0	368.0	326.0	334.0	374.0	344.0	323.0	329.0	354.0	313.0	381.0	378.0	399.0	422.0	418.0	425.0	383.0	423.0	469.0	468.0	199.0	177.0	176.0	174.0	105.0
41	20140912 03:36:15.594	131.0	782.0	154.0	139.0	159.0	153.0	146.0	179.0	180.0	147.0	198.0	148.0	165.0	160.0	145.0	113.0	130.0	176.0	177.0	135.0	166.0	143.0	170.0	161.0	150.0	167.0	178.0	178.0	160.0	169.0	229.0	270.0	336.0	243.0	246.0	225.0	300.0	351.0	269.0	265.0	306.0	344.0	324.0	339.0	336.0	328.0	386.0	386.0	350.0	351.0	346.0	369.0	336.0	348.0	355.0	351.0	332.0	300.0	317.0	444.0	316.0	330.0	336.0	197.0	178.0	132.0	197.0	140.0
42	20140912 03:36:15.594	20.0	715.0	163.0	137.0	160.0	147.0	111.0	120.0	125.0	129.0	131.0	116.0	114.0	109.0	130.0	99.0	73.0	112.0	173.0	155.0	123.0	98.0	110.0	148.0	148.0	142.0	147.0	140.0	127.0	136.0	155.0	156.0	197.0	180.0	173.0	102.0	180.0	153.0	164.0	142.0	132.0	162.0	224.0	187.0	200.0	169.0	170.0	213.0	165.0	193.0	246.0	211.0	316.0	197.0	206.0	205.0	250.0	154.0	160.0	222.0	238.0	209.0	201.0	116.0	119.0	153.0	168.0	141.0
43	20140911 21:36:15.810	17.0	715.0	145.0	126.0	106.0	153.0	105.0	122.0	162.0	158.0	127.0	114.0	114.0	113.0	128.0	101.0	146.0	86.0	173.0	140.0	123.0	158.0	118.0	130.0	118.0	142.0	147.0	140.0	191.0	136.0	102.0	147.0	160.0	173.0	163.0	190.0	180.0	153.0	105.0	169.0	133.0	192.0	224.0	150.0	152.0	131.0	102.0	190.0	153.0	193.0	221.0	249.0	211.0	179.0	234.0	226.0	234.0	213.0	171.0	222.0	240.0	172.0	272.0	103.0	100.0	110.0	29.0	129.0
44	20140912 16:36:46.01	20.0	711.0	156.0	120.0	118.0	160.0	157.0	122.0	133.0	131.0	149.0	174.0	148.0	154.0	146.0	106.0	151.0	124.0	143.0	153.0	120.0	152.0	143.0	162.0	156.0	168.0	175.0	164.0	131.0	117.0	166.0	144.0	150.0	153.0	189.0	161.0	148.0	169.0	152.0	171.0	136.0	156.0	163.0	135.0	144.0	211.0	138.0	198.0	200.0	240.0	226.0	229.0	281.0	208.0	208.0	159.0	202.0	156.0	132.0	194.0	229.0	197.0	263.0	153.0	135.0	129.0	137.0	90.0
45	20140912 19:36:27.500	17.0	711.0	149.0	115.0	97.0	160.0	160.0	122.0	131.0	135.0	149.0	174.0	172.0	163.0	146.0	204.0	131.0	125.0	143.0	147.0	162.0	187.0	143.0	199.0	140.0	168.0	153.0	139.0	133.0	132.0	183.0	187.0	195.0	135.0	178.0	145.0	138.0	178.0	152.0	186.0	148.0	200.0	213.0	134.0	142.0	184.0	136.0	187.0	257.0	196.0	196.0	226.0	256.0	295.0	207.0	282.0	366.0	212.0	171.0	288.0	237.0	280.0	267.0	137.0	130.0	134.0	137.0	90.0
46	20140911 17:36:11.947	50.0	709.0	131.0	125.0	159.0	157.0	133.0	115.0	125.0	198.0	128.0	144.0	140.0	149.0	108.0	168.0	175.0	120.0	148.0	181.0	166.0	192.0	148.0	152.0	1062.0	724.0	715.0	781.0	781.0	684.0	782.0	734.0	1091.0	1085.0	1028.0	981.0	1168.0	1045.0	930.0	1038.0	994.0	987.0	1042.0	1057.0	976.0	967.0	949.0	1156.0	1001.0	1022.0	1052.0	869.0	948.0	953.0	910.0	864.0	968.0	952.0	655.0	976.0	1012.0	1128.0	997.0	232.0	188.0	159.0	177.0	182.0
47	20140911 17:36:11.947	46.0	709.0	153.0	129.0	133.0	205.0	165.0	152.0	145.0	175.0	198.0	131.0	192.0	131.0	152.0	182.0	175.0	157.0	196.0	144.0	158.0	160.0	141.0	177.0	1238.0	1008.0	1037.0	947.0	1076.0	1016.0	1062.0	1042.0	1212.0	1196.0	1123.0	986.0	1125.0	1155.0	1082.0	1080.0	1115.0	991.0	985.0	945.0	1022.0	1063.0	858.0	1061.0	979.0	937.0	853.0	785.0	846.0	946.0	847.0	808.0	712.0	814.0	554.0	735.0	716.0	642.0	672.0	147.0	144.0	198.0	172.0	109.0
48	20140911 17:36:11.947	50.0	705.0	151.0	200.0	175.0	167.0	140.0	132.0	139.0	147.0	202.0	135.0	130.0	141.0	107.0	140.0	135.0	163.0	130.0	164.0	132.0	135.0	122.0	159.0	897.0	772.0	663.0	755.0	759.0	863.0	799.0	685.0	902.0	897.0	908.0	878.0	1033.0	881.0	945.0	825.0	795.0	924.0	915.0	883.0	964.0	914.0	836.0	1093.0	869.0	1057.0	805.0	926.0	818.0	884.0	933.0	858.0	781.0	863.0	621.0	817.0	1022.0	810.0	902.0	144.0	230.0	142.0	195.0	162.0
49	20140911 17:36:11.947	46.0	705.0	130.0	165.0	119.0	138.0	166.0	160.0	144.0	144.0	171.0	140.0	165.0	185.0	171.0	213.0	142.0	147.0	205.0	152.0	212.0	168.0	139.0	172.0	1292.0	1134.0	1147.0	1019.0	1225.0	1190.0	1057.0	942.0	1128.0	1006.0	947.0	878.0	1016.0	1056.0	957.0	1000.0	947.0	936.0	893.0	850.0	928.0	897.0	877.0	1050.0	917.0	936.0	772.0	944.0	875.0	728.0	754.0	725.0	777.0	674.0	523.0	634.0	530.0	747.0	599.0	164.0	233.0	241.0	131.0	162.0
50	20140911 12:36:12.910	849.0	669.0	127.0	158.0	182.0	165.0	206.0	164.0	180.0	154.0	133.0	178.0	157.0	154.0	120.0	165.0	83.0	170.0	150.0	222.0	184.0	177.0	192.0	166.0	136.0	158.0	146.0	133.0	161.0	179.0	155.0	171.0	234.0	215.0	183.0	215.0	211.0	213.0	204.0	187.0	217.0	312.0	255.0	252.0	175.0	271.0	196.0	265.0	275.0	229.0	196.0	193.0	252.0	302.0	200.0	111.0	164.0	159.0	137.0	161.0	145.0	235.0	129.0	175.0	120.0	179.0	175.0	153.0
51	20140911 15:36:17.307	846.0	669.0	137.0	161.0	167.0	165.0	227.0	130.0	111.0	154.0	164.0	178.0	158.0	120.0	154.0	151.0	171.0	170.0	173.0	156.0	215.0	177.0	246.0	195.0	210.0	202.0	156.0	147.0	173.0	148.0	178.0	170.0	234.0	161.0	254.0	169.0	211.0	186.0	238.0	209.0	217.0	270.0	255.0	234.0	199.0	195.0	237.0	224.0	351.0	229.0	283.0	181.0	273.0	265.0	222.0	139.0	132.0	134.0	86.0	144.0	139.0	235.0	134.0	158.0	175.0	133.0	121.0	101.0
52	20140912 03:36:15.594	849.0	666.0	140.0	119.0	112.0	149.0	206.0	158.0	212.0	131.0	156.0	178.0	151.0	137.0	120.0	173.0	87.0	164.0	178.0	152.0	173.0	168.0	174.0	149.0	156.0	172.0	195.0	190.0	163.0	152.0	155.0	170.0	234.0	178.0	165.0	209.0	204.0	213.0	209.0	238.0	212.0	312.0	213.0	162.0	220.0	271.0	193.0	265.0	237.0	249.0	187.0	236.0	258.0	216.0	197.0	94.0	196.0	159.0	131.0	206.0	133.0	113.0	142.0	167.0	154.0	200.0	244.0	155.0
53	20140911 15:36:17.307	846.0	666.0	118.0	159.0	195.0	225.0	174.0	122.0	134.0	138.0	156.0	178.0	126.0	162.0	142.0	187.0	171.0	151.0	156.0	152.0	175.0	162.0	246.0	163.0	150.0	202.0	156.0	196.0	166.0	178.0	194.0	196.0	234.0	186.0	254.0	209.0	209.0	193.0	238.0	241.0	176.0	221.0	213.0	233.0	220.0	235.0	237.0	224.0	351.0	229.0	283.0	236.0	273.0	213.0	214.0	94.0	209.0	123.0	119.0	177.0	133.0	177.0	176.0	158.0	176.0	139.0	132.0	110.0
54	20140912 07:36:06.745	1044.0	584.0	210.0	182.0	146.0	160.0	171.0	141.0	117.0	138.0	154.0	154.0	220.0	179.0	136.0	202.0	156.0	168.0	144.0	145.0	195.0	148.0	128.0	194.0	159.0	201.0	160.0	179.0	219.0	187.0	155.0	165.0	255.0	304.0	272.0	315.0	402.0	336.0	297.0	407.0	340.0	447.0	398.0	358.0	394.0	380.0	422.0	501.0	431.0	402.0	435.0	527.0	507.0	363.0	539.0	340.0	410.0	274.0	257.0	328.0	337.0	330.0	405.0	199.0	172.0	220.0	203.0	150.0
55	20140912 08:36:01.660	1038.0	584.0	147.0	202.0	208.0	199.0	211.0	206.0	159.0	179.0	223.0	143.0	184.0	134.0	206.0	193.0	154.0	176.0	196.0	242.0	147.0	162.0	156.0	204.0	158.0	172.0	199.0	193.0	208.0	172.0	171.0	258.0	248.0	260.0	285.0	218.0	274.0	342.0	271.0	317.0	318.0	342.0	355.0	236.0	325.0	352.0	394.0	493.0	354.0	457.0	373.0	393.0	346.0	301.0	350.0	303.0	300.0	321.0	260.0	237.0	305.0	263.0	297.0	144.0	161.0	206.0	142.0	126.0
56	20140912 08:36:01.660	1043.0	580.0	121.0	178.0	155.0	156.0	178.0	114.0	170.0	147.0	156.0	108.0	176.0	162.0	200.0	197.0	176.0	189.0	188.0	215.0	169.0	159.0	192.0	173.0	207.0	186.0	181.0	164.0	213.0	208.0	221.0	197.0	245.0	260.0	310.0	283.0	336.0	370.0	358.0	383.0	358.0	396.0	418.0	385.0	383.0	371.0	441.0	431.0	402.0	477.0	352.0	574.0	480.0	395.0	451.0	358.0	340.0	370.0	318.0	439.0	400.0	367.0	373.0	248.0	196.0	223.0	262.0	139.0
57	20140912 05:36:10.956	1039.0	580.0	154.0	213.0	172.0	165.0	176.0	186.0	151.0	167.0	176.0	142.0	146.0	164.0	191.0	188.0	136.0	199.0	172.0	203.0	182.0	151.0	191.0	192.0	220.0	168.0	166.0	263.0	214.0	205.0	205.0	236.0	262.0	280.0	325.0	266.0	312.0	287.0	319.0	359.0	303.0	315.0	295.0	338.0	442.0	413.0	346.0	437.0	385.0	389.0	421.0	449.0	395.0	393.0	374.0	292.0	388.0	294.0	301.0	244.0	321.0	305.0	272.0	179.0	201.0	170.0	113.0	148.0
58	20140912 01:36:20.307	474.0	566.0	148.0	254.0	105.0	205.0	141.0	103.0	174.0	106.0	185.0	155.0	124.0	147.0	151.0	163.0	130.0	141.0	149.0	159.0	148.0	138.0	97.0	171.0	145.0	99.0	99.0	162.0	219.0	165.0	208.0	264.0	358.0	345.0	306.0	326.0	341.0	361.0	337.0	336.0	289.0	299.0	384.0	403.0	297.0	359.0	326.0	350.0	311.0	334.0	305.0	334.0	283.0	353.0	315.0	237.0	323.0	207.0	158.0	276.0	288.0	328.0	226.0	220.0	129.0	152.0	140.0	133.0
59	20140911 23:36:16.878	471.0	566.0	200.0	141.0	119.0	136.0	171.0	145.0	132.0	113.0	115.0	165.0	129.0	105.0	151.0	197.0	130.0	143.0	134.0	146.0	109.0	142.0	131.0	156.0	177.0	82.0	148.0	154.0	170.0	164.0	263.0	327.0	358.0	335.0	368.0	305.0	337.0	334.0	337.0	368.0	329.0	334.0	378.0	311.0	285.0	276.0	279.0	350.0	335.0	334.0	305.0	297.0	258.0	378.0	297.0	235.0	323.0	262.0	213.0	215.0	246.0	224.0	217.0	115.0	161.0	146.0	154.0	99.0
60	20140911 23:36:16.878	466.0	564.0	167.0	102.0	151.0	110.0	181.0	154.0	127.0	130.0	134.0	172.0	149.0	100.0	142.0	175.0	103.0	88.0	130.0	182.0	180.0	130.0	131.0	144.0	114.0	170.0	197.0	125.0	192.0	188.0	249.0	244.0	338.0	286.0	286.0	248.0	378.0	394.0	315.0	318.0	298.0	310.0	354.0	278.0	369.0	285.0	304.0	402.0	361.0	257.0	326.0	374.0	269.0	335.0	346.0	195.0	212.0	225.0	181.0	232.0	296.0	239.0	261.0	188.0	157.0	169.0	199.0	107.0
61	20140912 03:36:15.594	462.0	564.0	193.0	106.0	99.0	141.0	155.0	132.0	111.0	105.0	149.0	95.0	141.0	137.0	94.0	142.0	135.0	123.0	149.0	132.0	114.0	136.0	151.0	103.0	143.0	96.0	149.0	129.0	178.0	162.0	214.0	217.0	232.0	212.0	270.0	242.0	276.0	347.0	285.0	290.0	290.0	348.0	287.0	273.0	289.0	278.0	219.0	347.0	286.0	240.0	255.0	292.0	318.0	303.0	257.0	230.0	241.0	262.0	165.0	213.0	274.0	205.0	189.0	149.0	175.0	171.0	163.0	113.0
62	20140911 21:36:15.810	474.0	563.0	129.0	160.0	101.0	116.0	154.0	104.0	160.0	114.0	124.0	140.0	142.0	93.0	151.0	185.0	131.0	129.0	175.0	114.0	132.0	177.0	79.0	141.0	136.0	113.0	122.0	138.0	303.0	299.0	276.0	329.0	395.0	365.0	389.0	369.0	355.0	322.0	249.0	308.0	289.0	299.0	384.0	403.0	320.0	359.0	326.0	350.0	370.0	306.0	284.0	348.0	328.0	308.0	315.0	291.0	323.0	326.0	218.0	322.0	317.0	345.0	348.0	220.0	171.0	170.0	107.0	105.0
63	20140911 21:36:15.810	471.0	563.0	121.0	151.0	146.0	109.0	85.0	124.0	160.0	103.0	134.0	165.0	139.0	105.0	151.0	185.0	179.0	107.0	134.0	156.0	103.0	142.0	122.0	139.0	120.0	94.0	135.0	162.0	301.0	271.0	291.0	327.0	336.0	335.0	389.0	321.0	356.0	354.0	313.0	312.0	355.0	333.0	378.0	282.0	320.0	307.0	304.0	356.0	351.0	377.0	327.0	348.0	317.0	378.0	297.0	291.0	323.0	262.0	208.0	306.0	296.0	263.0	320.0	143.0	170.0	107.0	154.0	99.0
64	20140911 21:36:15.810	466.0	560.0	146.0	112.0	122.0	108.0	156.0	103.0	123.0	78.0	139.0	135.0	115.0	128.0	162.0	123.0	102.0	151.0	126.0	137.0	112.0	145.0	109.0	151.0	144.0	124.0	103.0	169.0	288.0	278.0	379.0	302.0	360.0	305.0	255.0	307.0	364.0	353.0	250.0	368.0	266.0	329.0	302.0	275.0	285.0	321.0	317.0	332.0	290.0	294.0	317.0	325.0	258.0	264.0	310.0	229.0	256.0	291.0	183.0	244.0	370.0	388.0	275.0	153.0	157.0	128.0	160.0	150.0
65	20140911 21:36:15.810	462.0	560.0	182.0	126.0	134.0	97.0	113.0	95.0	153.0	147.0	142.0	108.0	121.0	117.0	113.0	116.0	171.0	109.0	153.0	133.0	134.0	120.0	140.0	104.0	133.0	132.0	171.0	173.0	258.0	270.0	286.0	185.0	288.0	275.0	291.0	242.0	291.0	288.0	247.0	330.0	256.0	307.0	286.0	215.0	369.0	241.0	278.0	342.0	323.0	275.0	266.0	249.0	214.0	248.0	257.0	186.0	196.0	209.0	214.0	222.0	282.0	235.0	198.0	134.0	90.0	144.0	136.0	99.0
66	20140912 23:36:14.157	278.0	537.0	147.0	127.0	146.0	109.0	218.0	120.0	145.0	188.0	156.0	103.0	125.0	124.0	124.0	150.0	101.0	137.0	165.0	160.0	133.0	199.0	171.0	241.0	164.0	132.0	202.0	151.0	127.0	125.0	126.0	154.0	187.0	240.0	209.0	272.0	165.0	228.0	184.0	243.0	156.0	173.0	246.0	280.0	216.0	263.0	243.0	274.0	277.0	309.0	345.0	330.0	435.0	489.0	441.0	526.0	526.0	568.0	541.0	657.0	717.0	652.0	705.0	250.0	140.0	215.0	178.0	144.0
67	20140912 19:36:27.500	274.0	537.0	123.0	173.0	159.0	200.0	147.0	120.0	158.0	145.0	179.0	116.0	148.0	128.0	140.0	140.0	136.0	114.0	176.0	196.0	182.0	158.0	169.0	180.0	170.0	205.0	139.0	148.0	232.0	164.0	148.0	215.0	181.0	191.0	214.0	213.0	206.0	255.0	251.0	234.0	238.0	240.0	189.0	218.0	264.0	258.0	243.0	300.0	345.0	338.0	359.0	347.0	406.0	475.0	455.0	511.0	464.0	428.0	401.0	519.0	521.0	416.0	508.0	246.0	236.0	156.0	210.0	140.0
68	20140913 01:36:13.749	279.0	534.0	118.0	171.0	155.0	124.0	163.0	120.0	132.0	130.0	174.0	141.0	131.0	99.0	82.0	95.0	104.0	183.0	135.0	178.0	123.0	199.0	137.0	199.0	120.0	179.0	116.0	181.0	166.0	140.0	131.0	156.0	164.0	179.0	208.0	144.0	167.0	153.0	184.0	219.0	187.0	233.0	229.0	236.0	234.0	206.0	164.0	259.0	243.0	268.0	322.0	386.0	434.0	435.0	509.0	526.0	600.0	605.0	484.0	600.0	619.0	707.0	801.0	232.0	146.0	212.0	162.0	107.0
69	20140912 19:36:27.500	274.0	534.0	154.0	145.0	176.0	200.0	151.0	129.0	201.0	145.0	152.0	122.0	183.0	161.0	170.0	166.0	130.0	185.0	191.0	189.0	182.0	219.0	191.0	172.0	166.0	205.0	202.0	205.0	211.0	173.0	205.0	220.0	217.0	194.0	213.0	207.0	193.0	255.0	251.0	206.0	208.0	240.0	189.0	227.0	252.0	317.0	266.0	303.0	345.0	338.0	355.0	362.0	408.0	476.0	479.0	511.0	399.0	495.0	390.0	519.0	547.0	549.0	557.0	246.0	236.0	156.0	149.0	133.0
70	20140911 21:36:15.810	431.0	529.0	118.0	195.0	171.0	179.0	156.0	176.0	181.0	139.0	219.0	155.0	169.0	180.0	172.0	145.0	121.0	160.0	118.0	146.0	139.0	174.0	128.0	140.0	229.0	93.0	149.0	143.0	265.0	133.0	132.0	160.0	175.0	171.0	201.0	274.0	366.0	353.0	264.0	366.0	359.0	366.0	425.0	301.0	388.0	369.0	328.0	388.0	311.0	329.0	299.0	331.0	350.0	368.0	279.0	227.0	269.0	254.0	131.0	265.0	268.0	265.0	257.0	212.0	153.0	145.0	123.0	127.0
71	20140912 06:36:11.520	427.0	528.0	190.0	172.0	112.0	173.0	169.0	139.0	122.0	185.0	169.0	171.0	119.0	144.0	195.0	176.0	133.0	162.0	157.0	171.0	130.0	151.0	121.0	151.0	185.0	166.0	169.0	160.0	152.0	133.0	136.0	136.0	187.0	173.0	189.0	295.0	369.0	330.0	281.0	337.0	263.0	323.0	344.0	302.0	323.0	324.0	239.0	310.0	408.0	345.0	275.0	336.0	272.0	268.0	270.0	207.0	225.0	172.0	155.0	237.0	249.0	267.0	264.0	138.0	204.0	179.0	163.0	165.0
72	20140912 05:36:10.956	431.0	525.0	151.0	134.0	143.0	114.0	134.0	129.0	152.0	182.0	146.0	168.0	136.0	175.0	131.0	160.0	141.0	195.0	125.0	159.0	118.0	192.0	103.0	159.0	176.0	149.0	170.0	153.0	177.0	157.0	149.0	161.0	122.0	169.0	268.0	275.0	308.0	283.0	219.0	301.0	285.0	343.0	349.0	283.0	315.0	339.0	251.0	264.0	317.0	293.0	306.0	425.0	359.0	337.0	285.0	141.0	194.0	179.0	136.0	184.0	179.0	166.0	197.0	134.0	164.0	110.0	138.0	149.0
73	20140912 06:36:11.520	427.0	525.0	190.0	160.0	150.0	139.0	167.0	130.0	146.0	168.0	203.0	162.0	151.0	162.0	129.0	114.0	116.0	162.0	145.0	171.0	136.0	219.0	213.0	166.0	185.0	106.0	138.0	151.0	152.0	107.0	109.0	112.0	167.0	144.0	189.0	243.0	369.0	329.0	292.0	327.0	293.0	323.0	344.0	307.0	323.0	324.0	283.0	310.0	324.0	279.0	275.0	336.0	323.0	277.0	267.0	175.0	192.0	171.0	229.0	188.0	201.0	201.0	264.0	163.0	157.0	140.0	152.0	149.0
74	20140912 18:36:31.31	514.0	487.0	156.0	111.0	115.0	163.0	178.0	111.0	160.0	153.0	191.0	135.0	121.0	104.0	149.0	133.0	111.0	137.0	124.0	138.0	157.0	203.0	121.0	197.0	123.0	144.0	152.0	161.0	139.0	142.0	134.0	159.0	155.0	145.0	139.0	121.0	150.0	98.0	163.0	146.0	130.0	218.0	119.0	197.0	222.0	190.0	236.0	297.0	247.0	283.0	277.0	284.0	325.0	299.0	256.0	279.0	343.0	380.0	258.0	349.0	414.0	391.0	368.0	143.0	149.0	156.0	171.0	161.0
75	20140912 17:36:11.330	511.0	487.0	156.0	116.0	107.0	183.0	128.0	126.0	133.0	153.0	191.0	110.0	141.0	129.0	149.0	122.0	135.0	140.0	117.0	155.0	131.0	167.0	163.0	201.0	141.0	106.0	194.0	149.0	139.0	153.0	152.0	119.0	166.0	149.0	148.0	125.0	155.0	190.0	205.0	187.0	176.0	173.0	140.0	178.0	222.0	190.0	248.0	297.0	244.0	289.0	234.0	325.0	300.0	352.0	332.0	279.0	343.0	380.0	242.0	385.0	367.0	365.0	368.0	196.0	190.0	140.0	191.0	161.0
76	20140912 17:36:11.330	514.0	484.0	200.0	129.0	113.0	69.0	190.0	134.0	140.0	194.0	136.0	156.0	159.0	114.0	147.0	137.0	128.0	137.0	122.0	202.0	199.0	203.0	112.0	161.0	138.0	160.0	152.0	126.0	117.0	142.0	202.0	159.0	159.0	145.0	139.0	168.0	150.0	184.0	120.0	173.0	137.0	123.0	124.0	197.0	228.0	189.0	262.0	274.0	247.0	283.0	277.0	240.0	325.0	275.0	234.0	296.0	300.0	275.0	258.0	349.0	414.0	391.0	454.0	190.0	224.0	141.0	135.0	161.0
77	20140912 16:36:46.01	511.0	484.0	161.0	129.0	126.0	152.0	190.0	134.0	122.0	153.0	144.0	114.0	159.0	159.0	147.0	135.0	146.0	132.0	116.0	213.0	160.0	167.0	153.0	161.0	162.0	116.0	158.0	121.0	158.0	160.0	137.0	122.0	177.0	145.0	141.0	117.0	120.0	190.0	142.0	200.0	157.0	116.0	135.0	178.0	236.0	274.0	196.0	273.0	220.0	272.0	234.0	325.0	300.0	352.0	239.0	279.0	300.0	278.0	209.0	385.0	367.0	282.0	368.0	196.0	197.0	157.0	224.0	161.0
78	20140913 06:36:19.308	431.0	452.0	151.0	185.0	163.0	97.0	131.0	78.0	129.0	128.0	173.0	121.0	127.0	119.0	136.0	130.0	110.0	164.0	77.0	145.0	168.0	143.0	171.0	175.0	129.0	113.0	147.0	109.0	180.0	140.0	142.0	118.0	183.0	164.0	231.0	137.0	144.0	178.0	179.0	176.0	209.0	153.0	180.0	191.0	165.0	191.0	134.0	279.0	251.0	324.0	326.0	313.0	316.0	452.0	382.0	439.0	451.0	457.0	379.0	626.0	923.0	700.0	708.0	170.0	143.0	232.0	179.0	131.0
79	20140913 00:36:15.109	427.0	452.0	129.0	140.0	144.0	220.0	204.0	113.0	167.0	206.0	153.0	113.0	135.0	125.0	199.0	173.0	125.0	126.0	133.0	173.0	159.0	165.0	130.0	148.0	133.0	202.0	163.0	157.0	155.0	155.0	192.0	160.0	166.0	181.0	169.0	140.0	211.0	173.0	215.0	254.0	197.0	177.0	201.0	219.0	181.0	225.0	147.0	187.0	254.0	243.0	231.0	283.0	355.0	433.0	396.0	416.0	540.0	459.0	400.0	657.0	695.0	600.0	715.0	171.0	200.0	164.0	190.0	134.0
80	20140913 03:36:14.288	431.0	449.0	151.0	185.0	133.0	114.0	154.0	95.0	125.0	119.0	151.0	131.0	175.0	148.0	128.0	116.0	126.0	109.0	120.0	224.0	168.0	130.0	171.0	165.0	109.0	132.0	173.0	142.0	204.0	141.0	115.0	128.0	141.0	187.0	231.0	176.0	185.0	153.0	229.0	307.0	209.0	164.0	206.0	211.0	165.0	194.0	219.0	326.0	265.0	325.0	331.0	394.0	342.0	509.0	443.0	448.0	582.0	527.0	544.0	695.0	923.0	733.0	786.0	178.0	197.0	189.0	179.0	155.0
81	20140913 00:36:15.109	427.0	449.0	139.0	144.0	148.0	134.0	168.0	112.0	151.0	153.0	185.0	159.0	179.0	149.0	199.0	204.0	125.0	160.0	130.0	211.0	143.0	165.0	162.0	197.0	191.0	131.0	127.0	176.0	155.0	195.0	192.0	160.0	166.0	221.0	208.0	169.0	211.0	193.0	191.0	217.0	197.0	197.0	214.0	219.0	228.0	275.0	237.0	307.0	283.0	325.0	323.0	342.0	396.0	464.0	420.0	447.0	540.0	492.0	400.0	756.0	691.0	622.0	715.0	177.0	200.0	157.0	183.0	183.0
82	20140912 06:36:11.520	709.0	401.0	200.0	96.0	146.0	138.0	162.0	112.0	155.0	171.0	118.0	135.0	103.0	111.0	183.0	153.0	188.0	112.0	137.0	178.0	152.0	125.0	120.0	186.0	143.0	139.0	148.0	135.0	207.0	175.0	151.0	162.0	146.0	169.0	197.0	260.0	184.0	227.0	203.0	230.0	256.0	200.0	252.0	259.0	258.0	314.0	249.0	310.0	251.0	281.0	213.0	328.0	274.0	290.0	332.0	227.0	293.0	261.0	227.0	300.0	352.0	351.0	369.0	135.0	172.0	174.0	156.0	135.0
83	20140912 10:36:12.437	704.0	401.0	132.0	162.0	160.0	100.0	140.0	119.0	172.0	175.0	164.0	144.0	114.0	147.0	106.0	171.0	108.0	134.0	126.0	144.0	147.0	221.0	110.0	132.0	139.0	140.0	177.0	131.0	160.0	171.0	168.0	139.0	162.0	207.0	234.0	202.0	204.0	254.0	220.0	296.0	222.0	252.0	308.0	190.0	264.0	260.0	247.0	299.0	277.0	285.0	280.0	322.0	261.0	274.0	253.0	238.0	353.0	324.0	346.0	245.0	419.0	319.0	310.0	169.0	180.0	136.0	191.0	150.0
84	20140911 21:36:15.810	709.0	397.0	193.0	141.0	123.0	153.0	120.0	160.0	143.0	146.0	111.0	87.0	139.0	110.0	103.0	192.0	91.0	119.0	136.0	190.0	118.0	141.0	123.0	171.0	166.0	180.0	152.0	113.0	235.0	140.0	151.0	210.0	168.0	230.0	197.0	187.0	197.0	206.0	205.0	196.0	198.0	199.0	232.0	224.0	214.0	299.0	225.0	267.0	245.0	309.0	252.0	312.0	277.0	286.0	313.0	274.0	300.0	273.0	258.0	312.0	258.0	306.0	379.0	159.0	193.0	146.0	156.0	143.0
85	20140912 01:36:20.307	704.0	397.0	126.0	168.0	106.0	149.0	109.0	126.0	134.0	204.0	136.0	111.0	168.0	126.0	205.0	119.0	142.0	137.0	122.0	155.0	163.0	140.0	124.0	159.0	127.0	124.0	125.0	179.0	113.0	143.0	193.0	236.0	190.0	188.0	203.0	193.0	171.0	213.0	216.0	272.0	192.0	176.0	250.0	215.0	268.0	319.0	293.0	293.0	265.0	315.0	257.0	317.0	340.0	285.0	285.0	277.0	295.0	255.0	328.0	330.0	305.0	355.0	303.0	209.0	216.0	176.0	178.0	115.0
86	20140911 19:36:22.72	940.0	383.0	159.0	120.0	108.0	212.0	140.0	170.0	141.0	147.0	115.0	121.0	139.0	141.0	133.0	153.0	182.0	112.0	136.0	159.0	104.0	177.0	175.0	213.0	223.0	193.0	239.0	205.0	211.0	219.0	245.0	253.0	230.0	342.0	228.0	277.0	243.0	274.0	225.0	283.0	345.0	288.0	295.0	228.0	271.0	304.0	277.0	323.0	281.0	279.0	281.0	250.0	220.0	221.0	305.0	218.0	250.0	246.0	196.0	262.0	262.0	230.0	339.0	163.0	137.0	99.0	125.0	125.0
87	20140911 21:36:15.810	931.0	380.0	162.0	154.0	127.0	124.0	150.0	136.0	104.0	88.0	146.0	130.0	123.0	124.0	148.0	157.0	161.0	117.0	133.0	176.0	145.0	135.0	206.0	180.0	199.0	171.0	210.0	201.0	258.0	208.0	224.0	247.0	292.0	254.0	306.0	312.0	271.0	269.0	303.0	296.0	290.0	285.0	316.0	271.0	305.0	279.0	295.0	317.0	321.0	281.0	339.0	309.0	306.0	279.0	291.0	239.0	225.0	315.0	161.0	285.0	260.0	309.0	323.0	121.0	113.0	133.0	175.0	168.0
88	20140911 17:36:11.947	939.0	379.0	121.0	142.0	123.0	164.0	102.0	133.0	128.0	143.0	146.0	147.0	129.0	112.0	100.0	142.0	118.0	169.0	134.0	116.0	158.0	195.0	182.0	167.0	261.0	213.0	208.0	228.0	260.0	292.0	210.0	175.0	276.0	275.0	267.0	270.0	247.0	266.0	239.0	217.0	247.0	246.0	247.0	234.0	231.0	308.0	249.0	341.0	317.0	301.0	256.0	265.0	353.0	227.0	273.0	204.0	213.0	216.0	161.0	269.0	300.0	317.0	198.0	170.0	135.0	187.0	177.0	98.0
89	20140911 18:36:17.413	929.0	377.0	152.0	142.0	144.0	117.0	140.0	129.0	131.0	155.0	133.0	125.0	107.0	148.0	189.0	150.0	174.0	140.0	128.0	136.0	179.0	176.0	186.0	228.0	199.0	296.0	267.0	233.0	232.0	270.0	292.0	230.0	257.0	291.0	306.0	259.0	320.0	276.0	303.0	346.0	280.0	374.0	314.0	289.0	305.0	303.0	250.0	355.0	330.0	320.0	283.0	340.0	297.0	279.0	299.0	207.0	244.0	330.0	150.0	286.0	255.0	272.0	278.0	120.0	152.0	164.0	127.0	151.0
90	20140911 10:36:01.571	1020.0	304.0	85.0	122.0	114.0	168.0	124.0	138.0	138.0	162.0	142.0	201.0	176.0	127.0	162.0	158.0	143.0	215.0	119.0	165.0	161.0	161.0	182.0	161.0	160.0	146.0	138.0	202.0	179.0	193.0	175.0	169.0	189.0	162.0	241.0	216.0	207.0	204.0	197.0	215.0	192.0	232.0	242.0	181.0	327.0	315.0	258.0	294.0	262.0	256.0	238.0	290.0	292.0	267.0	262.0	194.0	269.0	278.0	230.0	210.0	265.0	267.0	315.0	296.0	224.0	234.0	197.0	151.0
91	20140911 21:36:15.810	1017.0	304.0	118.0	122.0	152.0	178.0	138.0	150.0	117.0	116.0	114.0	143.0	220.0	150.0	196.0	161.0	152.0	215.0	163.0	220.0	133.0	161.0	121.0	163.0	159.0	127.0	151.0	177.0	230.0	198.0	190.0	244.0	189.0	180.0	237.0	205.0	179.0	204.0	199.0	317.0	213.0	217.0	186.0	200.0	327.0	212.0	274.0	278.0	315.0	256.0	238.0	226.0	234.0	306.0	263.0	194.0	215.0	210.0	187.0	178.0	211.0	244.0	315.0	296.0	246.0	181.0	183.0	151.0
92	20140913 02:36:05.743	981.0	304.0	100.0	176.0	157.0	120.0	179.0	113.0	161.0	92.0	129.0	134.0	121.0	145.0	136.0	111.0	126.0	131.0	160.0	161.0	151.0	167.0	158.0	127.0	92.0	129.0	141.0	111.0	156.0	161.0	111.0	139.0	76.0	131.0	203.0	175.0	165.0	152.0	102.0	167.0	110.0	168.0	154.0	174.0	107.0	172.0	175.0	177.0	168.0	133.0	169.0	178.0	198.0	162.0	158.0	756.0	781.0	830.0	681.0	783.0	866.0	913.0	946.0	191.0	215.0	177.0	230.0	99.0
93	20140913 02:36:05.743	978.0	304.0	106.0	153.0	138.0	145.0	154.0	143.0	183.0	136.0	129.0	165.0	121.0	97.0	130.0	109.0	122.0	135.0	133.0	162.0	197.0	118.0	144.0	133.0	78.0	117.0	142.0	153.0	128.0	106.0	126.0	167.0	103.0	192.0	208.0	160.0	112.0	129.0	166.0	155.0	81.0	168.0	139.0	108.0	163.0	125.0	142.0	143.0	192.0	119.0	174.0	146.0	198.0	131.0	134.0	756.0	781.0	830.0	640.0	761.0	847.0	913.0	946.0	171.0	217.0	205.0	214.0	127.0
94	20140912 16:36:46.01	1060.0	300.0	155.0	125.0	168.0	123.0	161.0	200.0	154.0	163.0	205.0	109.0	168.0	129.0	132.0	143.0	150.0	120.0	168.0	147.0	179.0	159.0	177.0	187.0	170.0	126.0	138.0	204.0	147.0	151.0	147.0	134.0	188.0	236.0	182.0	179.0	176.0	274.0	198.0	244.0	245.0	263.0	274.0	280.0	284.0	359.0	335.0	397.0	371.0	267.0	384.0	448.0	467.0	349.0	257.0	180.0	214.0	126.0	180.0	173.0	176.0	185.0	184.0	120.0	174.0	118.0	148.0	131.0
95	20140912 08:36:01.660	1057.0	300.0	150.0	130.0	132.0	137.0	159.0	166.0	101.0	163.0	199.0	160.0	135.0	187.0	141.0	142.0	150.0	147.0	148.0	137.0	144.0	172.0	131.0	133.0	170.0	126.0	177.0	158.0	161.0	161.0	189.0	178.0	188.0	235.0	180.0	245.0	184.0	274.0	212.0	254.0	236.0	216.0	274.0	229.0	286.0	359.0	306.0	335.0	371.0	301.0	384.0	422.0	403.0	295.0	186.0	135.0	194.0	130.0	87.0	182.0	176.0	199.0	130.0	206.0	228.0	121.0	148.0	105.0
96	20140911 20:36:26.902	1020.0	300.0	138.0	175.0	111.0	122.0	155.0	129.0	187.0	144.0	142.0	197.0	152.0	157.0	158.0	186.0	158.0	186.0	209.0	214.0	176.0	189.0	183.0	194.0	202.0	201.0	207.0	248.0	256.0	263.0	173.0	204.0	174.0	237.0	208.0	220.0	207.0	160.0	183.0	219.0	219.0	242.0	173.0	216.0	279.0	367.0	241.0	262.0	260.0	267.0	238.0	293.0	346.0	293.0	327.0	264.0	235.0	222.0	225.0	239.0	249.0	269.0	236.0	298.0	284.0	206.0	168.0	131.0
97	20140911 17:36:11.947	1017.0	300.0	138.0	140.0	179.0	133.0	155.0	152.0	158.0	136.0	159.0	197.0	148.0	151.0	129.0	233.0	185.0	215.0	197.0	205.0	246.0	189.0	184.0	235.0	287.0	201.0	187.0	248.0	256.0	283.0	232.0	252.0	174.0	237.0	206.0	222.0	192.0	198.0	199.0	218.0	223.0	210.0	233.0	216.0	248.0	367.0	252.0	298.0	286.0	311.0	284.0	293.0	258.0	275.0	327.0	218.0	235.0	166.0	171.0	224.0	217.0	269.0	236.0	246.0	240.0	205.0	162.0	126.0
98	20140912 07:36:06.745	1000.0	299.0	114.0	134.0	86.0	138.0	136.0	74.0	174.0	190.0	117.0	128.0	185.0	118.0	117.0	159.0	127.0	122.0	124.0	109.0	146.0	133.0	152.0	159.0	126.0	120.0	105.0	126.0	116.0	136.0	118.0	127.0	192.0	211.0	206.0	177.0	270.0	224.0	216.0	247.0	187.0	290.0	239.0	207.0	211.0	223.0	289.0	443.0	346.0	408.0	378.0	412.0	353.0	284.0	396.0	142.0	189.0	119.0	140.0	178.0	193.0	170.0	150.0	173.0	145.0	167.0	144.0	155.0
99	20140912 04:36:08.46	993.0	299.0	131.0	141.0	100.0	128.0	224.0	114.0	134.0	178.0	109.0	180.0	172.0	126.0	130.0	164.0	116.0	148.0	116.0	182.0	142.0	131.0	155.0	120.0	142.0	123.0	147.0	118.0	134.0	122.0	127.0	105.0	196.0	262.0	304.0	165.0	171.0	166.0	207.0	198.0	213.0	192.0	234.0	209.0	241.0	211.0	306.0	387.0	361.0	377.0	280.0	365.0	367.0	288.0	309.0	191.0	184.0	157.0	114.0	152.0	220.0	210.0	216.0	127.0	163.0	189.0	166.0	128.0
100	20140913 02:36:05.743	981.0	300.0	156.0	90.0	134.0	157.0	190.0	150.0	174.0	135.0	141.0	135.0	131.0	110.0	117.0	108.0	131.0	139.0	135.0	115.0	86.0	155.0	117.0	108.0	154.0	142.0	121.0	102.0	112.0	129.0	128.0	117.0	171.0	158.0	128.0	174.0	134.0	174.0	145.0	177.0	124.0	173.0	128.0	160.0	176.0	155.0	168.0	153.0	183.0	204.0	169.0	121.0	177.0	152.0	167.0	601.0	752.0	759.0	503.0	774.0	763.0	753.0	758.0	199.0	259.0	149.0	154.0	161.0
101	20140913 02:36:05.743	978.0	300.0	219.0	129.0	111.0	113.0	195.0	128.0	124.0	116.0	105.0	146.0	165.0	110.0	109.0	90.0	141.0	139.0	124.0	189.0	162.0	155.0	136.0	142.0	126.0	162.0	153.0	125.0	154.0	135.0	134.0	132.0	135.0	158.0	147.0	164.0	97.0	125.0	166.0	140.0	124.0	157.0	117.0	160.0	160.0	142.0	125.0	128.0	127.0	178.0	169.0	135.0	138.0	130.0	117.0	636.0	752.0	759.0	503.0	774.0	763.0	753.0	700.0	199.0	164.0	180.0	209.0	158.0
102	20140912 11:36:22.737	1061.0	297.0	155.0	192.0	106.0	151.0	161.0	200.0	154.0	139.0	205.0	166.0	169.0	107.0	106.0	156.0	160.0	132.0	168.0	141.0	187.0	149.0	146.0	189.0	167.0	110.0	135.0	151.0	202.0	175.0	157.0	134.0	196.0	153.0	196.0	138.0	186.0	215.0	223.0	244.0	324.0	290.0	242.0	201.0	284.0	283.0	335.0	377.0	348.0	286.0	376.0	448.0	448.0	349.0	254.0	180.0	110.0	140.0	209.0	173.0	126.0	161.0	155.0	192.0	160.0	188.0	155.0	191.0
103	20140912 06:36:11.520	1057.0	297.0	150.0	187.0	150.0	137.0	169.0	164.0	90.0	156.0	152.0	160.0	161.0	187.0	178.0	196.0	139.0	142.0	148.0	156.0	152.0	185.0	167.0	207.0	148.0	121.0	159.0	158.0	149.0	180.0	148.0	158.0	132.0	192.0	165.0	245.0	178.0	274.0	206.0	254.0	228.0	195.0	274.0	219.0	286.0	306.0	331.0	335.0	357.0	323.0	384.0	339.0	398.0	294.0	233.0	154.0	172.0	179.0	91.0	137.0	176.0	128.0	199.0	160.0	228.0	156.0	171.0	122.0
104	20140912 06:36:11.520	999.0	295.0	130.0	184.0	98.0	128.0	136.0	139.0	120.0	95.0	127.0	125.0	106.0	155.0	148.0	86.0	130.0	70.0	140.0	121.0	173.0	165.0	129.0	151.0	135.0	154.0	158.0	108.0	149.0	102.0	133.0	162.0	215.0	233.0	191.0	275.0	268.0	146.0	198.0	182.0	162.0	202.0	232.0	224.0	254.0	246.0	264.0	433.0	328.0	369.0	328.0	365.0	318.0	344.0	343.0	176.0	144.0	151.0	115.0	140.0	110.0	223.0	171.0	103.0	165.0	130.0	172.0	137.0
105	20140912 18:36:31.31	993.0	294.0	147.0	206.0	192.0	109.0	203.0	115.0	145.0	131.0	135.0	134.0	239.0	178.0	109.0	134.0	97.0	117.0	160.0	106.0	161.0	187.0	127.0	221.0	101.0	124.0	119.0	152.0	115.0	122.0	118.0	96.0	241.0	212.0	221.0	176.0	219.0	175.0	197.0	208.0	176.0	196.0	193.0	238.0	203.0	248.0	238.0	375.0	414.0	379.0	312.0	389.0	311.0	303.0	321.0	135.0	132.0	128.0	127.0	172.0	128.0	173.0	154.0	113.0	117.0	115.0	117.0	150.0
106	20140911 00:36:15.573	20.0	280.0	123.0	159.0	108.0	125.0	145.0	214.0	166.0	87.0	133.0	111.0	166.0	158.0	129.0	172.0	105.0	142.0	129.0	116.0	121.0	150.0	99.0	128.0	159.0	188.0	143.0	117.0	135.0	156.0	109.0	88.0	170.0	110.0	203.0	142.0	130.0	139.0	128.0	128.0	94.0	191.0	152.0	130.0	165.0	109.0	152.0	140.0	120.0	117.0	113.0	106.0	106.0	153.0	121.0	79.0	186.0	113.0	149.0	125.0	176.0	141.0	116.0	160.0	163.0	173.0	191.0	133.0
107	20140911 05:36:00.129	18.0	280.0	148.0	159.0	173.0	175.0	152.0	214.0	127.0	89.0	133.0	111.0	166.0	126.0	160.0	115.0	149.0	105.0	161.0	132.0	140.0	227.0	99.0	117.0	159.0	188.0	114.0	137.0	117.0	148.0	111.0	108.0	170.0	120.0	157.0	137.0	130.0	139.0	90.0	128.0	81.0	191.0	152.0	130.0	153.0	121.0	152.0	126.0	137.0	160.0	151.0	129.0	163.0	153.0	87.0	114.0	100.0	87.0	149.0	104.0	176.0	133.0	122.0	61.0	163.0	110.0	191.0	97.0
108	20140910 23:36:10.35	21.0	277.0	113.0	93.0	117.0	144.0	216.0	214.0	139.0	109.0	105.0	138.0	166.0	158.0	130.0	172.0	132.0	146.0	104.0	142.0	118.0	211.0	106.0	128.0	84.0	116.0	143.0	84.0	156.0	156.0	90.0	100.0	152.0	182.0	192.0	119.0	121.0	131.0	114.0	131.0	110.0	158.0	113.0	135.0	165.0	150.0	106.0	151.0	166.0	183.0	137.0	143.0	192.0	113.0	86.0	129.0	135.0	138.0	133.0	102.0	109.0	150.0	104.0	123.0	99.0	170.0	201.0	131.0
109	20140910 21:36:09.503	18.0	277.0	157.0	93.0	165.0	149.0	159.0	214.0	139.0	193.0	128.0	139.0	166.0	126.0	160.0	180.0	149.0	161.0	108.0	198.0	140.0	211.0	103.0	128.0	118.0	104.0	98.0	137.0	113.0	133.0	109.0	128.0	152.0	133.0	174.0	137.0	120.0	136.0	127.0	130.0	94.0	144.0	123.0	135.0	138.0	148.0	113.0	123.0	153.0	101.0	160.0	115.0	154.0	114.0	135.0	103.0	97.0	116.0	159.0	110.0	102.0	133.0	122.0	98.0	143.0	146.0	81.0	113.0
110	20140911 19:36:22.72	374.0	255.0	107.0	182.0	191.0	158.0	167.0	146.0	194.0	138.0	132.0	129.0	181.0	146.0	147.0	128.0	149.0	125.0	112.0	166.0	151.0	161.0	192.0	120.0	287.0	330.0	368.0	258.0	355.0	292.0	278.0	378.0	551.0	402.0	569.0	450.0	419.0	399.0	385.0	418.0	430.0	435.0	518.0	490.0	409.0	477.0	369.0	419.0	410.0	498.0	312.0	390.0	498.0	473.0	365.0	372.0	457.0	416.0	447.0	446.0	439.0	472.0	496.0	180.0	151.0	182.0	150.0	116.0
111	20140911 17:36:11.947	370.0	255.0	146.0	172.0	159.0	185.0	212.0	156.0	175.0	149.0	166.0	162.0	131.0	160.0	181.0	165.0	149.0	142.0	140.0	141.0	187.0	176.0	122.0	161.0	469.0	462.0	496.0	405.0	403.0	384.0	333.0	448.0	535.0	512.0	485.0	505.0	462.0	542.0	463.0	353.0	454.0	379.0	453.0	396.0	458.0	491.0	395.0	428.0	431.0	335.0	385.0	347.0	404.0	333.0	366.0	319.0	374.0	284.0	263.0	312.0	258.0	465.0	277.0	161.0	190.0	152.0	147.0	131.0
112	20140911 18:36:17.413	374.0	251.0	146.0	151.0	137.0	125.0	210.0	137.0	214.0	124.0	177.0	128.0	166.0	154.0	152.0	124.0	147.0	94.0	124.0	130.0	154.0	174.0	142.0	152.0	396.0	425.0	329.0	382.0	368.0	297.0	310.0	391.0	465.0	715.0	532.0	471.0	490.0	573.0	545.0	468.0	426.0	424.0	501.0	474.0	560.0	495.0	374.0	413.0	493.0	470.0	401.0	402.0	442.0	439.0	388.0	355.0	405.0	491.0	424.0	439.0	429.0	419.0	401.0	170.0	202.0	143.0	193.0	97.0
113	20140911 17:36:11.947	370.0	251.0	167.0	171.0	196.0	236.0	218.0	174.0	214.0	158.0	210.0	137.0	199.0	152.0	198.0	147.0	201.0	161.0	174.0	183.0	207.0	158.0	183.0	292.0	734.0	593.0	552.0	549.0	540.0	545.0	398.0	517.0	577.0	557.0	537.0	526.0	467.0	449.0	536.0	490.0	420.0	391.0	525.0	357.0	447.0	418.0	500.0	431.0	466.0	409.0	426.0	334.0	338.0	328.0	323.0	247.0	332.0	297.0	222.0	292.0	272.0	259.0	301.0	171.0	164.0	236.0	206.0	118.0
114	20140912 03:36:15.594	1340.0	249.0	0.0	151.0	121.0	128.0	152.0	111.0	168.0	155.0	163.0	117.0	136.0	137.0	183.0	122.0	116.0	156.0	106.0	126.0	130.0	170.0	164.0	168.0	215.0	169.0	239.0	322.0	363.0	325.0	355.0	307.0	615.0	584.0	556.0	585.0	740.0	710.0	511.0	658.0	718.0	743.0	701.0	430.0	696.0	584.0	578.0	796.0	631.0	647.0	529.0	740.0	579.0	639.0	701.0	586.0	575.0	583.0	305.0	702.0	676.0	592.0	717.0	279.0	201.0	213.0	241.0	153.0
115	20140911 21:36:15.810	1336.0	249.0	0.0	178.0	137.0	179.0	187.0	145.0	180.0	211.0	136.0	116.0	172.0	177.0	156.0	203.0	144.0	229.0	113.0	173.0	175.0	185.0	205.0	251.0	290.0	273.0	310.0	372.0	452.0	429.0	544.0	500.0	722.0	649.0	562.0	582.0	767.0	698.0	523.0	660.0	713.0	687.0	580.0	505.0	678.0	678.0	658.0	811.0	659.0	694.0	663.0	540.0	588.0	524.0	559.0	412.0	456.0	448.0	325.0	523.0	458.0	604.0	521.0	298.0	281.0	219.0	230.0	147.0
116	20140912 03:36:15.594	1340.0	245.0	0.0	186.0	188.0	144.0	114.0	164.0	134.0	156.0	177.0	139.0	123.0	159.0	247.0	181.0	151.0	168.0	171.0	145.0	142.0	135.0	150.0	180.0	238.0	235.0	279.0	205.0	314.0	266.0	331.0	318.0	462.0	535.0	475.0	474.0	543.0	457.0	517.0	642.0	514.0	505.0	655.0	495.0	567.0	431.0	470.0	619.0	554.0	549.0	442.0	599.0	545.0	527.0	684.0	634.0	499.0	545.0	442.0	623.0	587.0	534.0	618.0	254.0	228.0	178.0	209.0	109.0
117	20140911 19:36:22.72	1336.0	245.0	0.0	195.0	162.0	144.0	233.0	132.0	127.0	156.0	154.0	135.0	173.0	152.0	135.0	187.0	164.0	175.0	152.0	151.0	148.0	237.0	186.0	250.0	310.0	280.0	419.0	336.0	474.0	475.0	585.0	422.0	718.0	601.0	470.0	472.0	746.0	568.0	512.0	581.0	492.0	503.0	561.0	398.0	561.0	497.0	495.0	651.0	604.0	690.0	587.0	523.0	627.0	456.0	616.0	509.0	497.0	526.0	356.0	435.0	502.0	425.0	561.0	231.0	237.0	183.0	220.0	101.0
118	20140913 01:36:13.749	214.0	225.0	139.0	150.0	137.0	114.0	153.0	102.0	172.0	145.0	89.0	123.0	130.0	146.0	145.0	157.0	119.0	131.0	144.0	158.0	136.0	132.0	165.0	180.0	136.0	163.0	188.0	129.0	261.0	115.0	173.0	209.0	151.0	201.0	177.0	151.0	179.0	169.0	211.0	269.0	195.0	297.0	216.0	254.0	265.0	223.0	294.0	308.0	252.0	275.0	317.0	322.0	338.0	330.0	370.0	320.0	319.0	344.0	490.0	421.0	408.0	521.0	649.0	219.0	180.0	234.0	240.0	145.0
119	20140912 19:36:27.500	210.0	225.0	136.0	112.0	158.0	195.0	207.0	217.0	122.0	150.0	215.0	131.0	160.0	182.0	135.0	117.0	162.0	121.0	206.0	148.0	184.0	201.0	173.0	153.0	177.0	140.0	180.0	120.0	177.0	119.0	187.0	138.0	184.0	191.0	194.0	190.0	157.0	214.0	245.0	264.0	239.0	290.0	250.0	326.0	326.0	325.0	323.0	318.0	379.0	335.0	327.0	391.0	432.0	505.0	384.0	364.0	407.0	383.0	556.0	345.0	403.0	538.0	554.0	211.0	245.0	193.0	229.0	134.0
120	20140913 04:36:07.137	214.0	218.0	120.0	117.0	121.0	117.0	151.0	125.0	156.0	151.0	113.0	102.0	92.0	135.0	202.0	131.0	118.0	150.0	157.0	183.0	175.0	144.0	150.0	177.0	138.0	176.0	204.0	134.0	127.0	149.0	138.0	98.0	151.0	176.0	172.0	149.0	188.0	201.0	167.0	260.0	145.0	202.0	193.0	185.0	251.0	194.0	219.0	322.0	279.0	226.0	198.0	233.0	252.0	258.0	257.0	275.0	302.0	523.0	414.0	468.0	644.0	797.0	909.0	175.0	176.0	150.0	211.0	94.0
121	20140913 04:36:07.137	210.0	218.0	142.0	107.0	167.0	152.0	144.0	156.0	169.0	161.0	167.0	154.0	138.0	136.0	140.0	199.0	168.0	182.0	156.0	251.0	164.0	161.0	193.0	225.0	168.0	186.0	148.0	168.0	150.0	199.0	237.0	158.0	192.0	170.0	214.0	167.0	196.0	211.0	196.0	220.0	219.0	287.0	261.0	250.0	221.0	225.0	272.0	263.0	265.0	297.0	309.0	306.0	266.0	281.0	258.0	330.0	397.0	459.0	380.0	435.0	567.0	680.0	801.0	337.0	174.0	171.0	181.0	103.0
122	20140912 11:36:22.737	288.0	181.0	0.0	143.0	170.0	141.0	119.0	120.0	90.0	181.0	152.0	156.0	119.0	103.0	136.0	108.0	161.0	151.0	135.0	173.0	119.0	192.0	223.0	189.0	168.0	152.0	122.0	262.0	197.0	171.0	137.0	190.0	205.0	201.0	212.0	213.0	233.0	132.0	214.0	268.0	815.0	441.0	473.0	373.0	477.0	415.0	418.0	464.0	429.0	498.0	410.0	369.0	412.0	345.0	377.0	344.0	342.0	372.0	277.0	409.0	457.0	435.0	394.0	163.0	177.0	171.0	212.0	168.0
123	20140912 11:36:22.737	284.0	180.0	0.0	139.0	233.0	124.0	153.0	174.0	149.0	112.0	164.0	161.0	158.0	101.0	143.0	144.0	129.0	163.0	129.0	152.0	112.0	255.0	159.0	153.0	139.0	148.0	189.0	153.0	156.0	226.0	119.0	195.0	165.0	183.0	159.0	206.0	181.0	148.0	170.0	199.0	814.0	433.0	431.0	437.0	434.0	435.0	372.0	421.0	382.0	309.0	317.0	293.0	328.0	381.0	286.0	274.0	267.0	246.0	155.0	271.0	223.0	225.0	248.0	146.0	153.0	155.0	198.0	173.0
124	20140912 11:36:22.737	288.0	176.0	0.0	136.0	156.0	132.0	121.0	106.0	134.0	160.0	165.0	139.0	144.0	149.0	120.0	146.0	143.0	126.0	159.0	190.0	156.0	192.0	174.0	138.0	127.0	157.0	176.0	173.0	187.0	181.0	182.0	150.0	167.0	199.0	132.0	191.0	194.0	217.0	159.0	181.0	872.0	524.0	467.0	558.0	564.0	526.0	478.0	477.0	590.0	635.0	380.0	451.0	394.0	440.0	438.0	407.0	458.0	448.0	366.0	488.0	484.0	402.0	563.0	213.0	223.0	164.0	193.0	152.0
125	20140912 11:36:22.737	284.0	176.0	0.0	145.0	164.0	100.0	166.0	194.0	172.0	278.0	161.0	135.0	118.0	139.0	151.0	183.0	131.0	198.0	183.0	151.0	167.0	137.0	201.0	208.0	184.0	199.0	190.0	204.0	216.0	160.0	178.0	145.0	263.0	193.0	167.0	192.0	187.0	152.0	169.0	224.0	776.0	382.0	457.0	386.0	376.0	442.0	374.0	403.0	367.0	328.0	281.0	239.0	264.0	283.0	330.0	237.0	245.0	250.0	184.0	277.0	255.0	214.0	252.0	152.0	187.0	123.0	204.0	131.0
126	20140912 18:36:31.31	46.0	152.0	0.0	103.0	163.0	195.0	150.0	154.0	144.0	126.0	177.0	137.0	119.0	116.0	102.0	121.0	133.0	119.0	158.0	168.0	163.0	122.0	169.0	163.0	137.0	213.0	174.0	114.0	195.0	166.0	186.0	146.0	132.0	187.0	182.0	121.0	138.0	121.0	173.0	178.0	208.0	167.0	199.0	170.0	191.0	246.0	241.0	351.0	276.0	320.0	260.0	301.0	356.0	344.0	372.0	302.0	375.0	381.0	367.0	387.0	404.0	518.0	485.0	218.0	211.0	144.0	180.0	172.0
127	20140910 23:36:10.35	42.0	152.0	0.0	131.0	156.0	139.0	217.0	198.0	140.0	150.0	183.0	163.0	187.0	123.0	153.0	123.0	134.0	210.0	153.0	141.0	151.0	163.0	144.0	190.0	203.0	140.0	186.0	143.0	151.0	97.0	161.0	143.0	148.0	195.0	226.0	144.0	189.0	158.0	157.0	197.0	201.0	177.0	175.0	239.0	253.0	229.0	273.0	295.0	416.0	287.0	333.0	360.0	370.0	397.0	385.0	294.0	307.0	365.0	383.0	418.0	353.0	433.0	390.0	180.0	163.0	160.0	173.0	119.0
128	20140912 19:36:27.500	46.0	148.0	0.0	138.0	131.0	133.0	171.0	95.0	148.0	140.0	160.0	103.0	137.0	159.0	120.0	135.0	142.0	170.0	154.0	163.0	195.0	154.0	191.0	224.0	136.0	170.0	113.0	138.0	180.0	91.0	157.0	152.0	150.0	124.0	219.0	185.0	167.0	179.0	192.0	167.0	135.0	191.0	195.0	146.0	180.0	232.0	186.0	250.0	440.0	315.0	328.0	313.0	364.0	387.0	377.0	363.0	390.0	396.0	391.0	392.0	409.0	422.0	518.0	198.0	151.0	144.0	166.0	136.0
129	20140911 05:36:00.129	42.0	148.0	0.0	118.0	193.0	116.0	164.0	133.0	125.0	142.0	124.0	174.0	221.0	133.0	147.0	134.0	174.0	126.0	136.0	164.0	130.0	197.0	150.0	155.0	157.0	110.0	179.0	172.0	123.0	138.0	180.0	219.0	160.0	135.0	130.0	216.0	172.0	161.0	172.0	189.0	206.0	149.0	205.0	201.0	237.0	238.0	241.0	290.0	350.0	318.0	350.0	321.0	308.0	401.0	433.0	410.0	379.0	372.0	427.0	373.0	319.0	381.0	401.0	171.0	262.0	136.0	175.0	102.0
130	20140911 16:36:17.683	1166.0	141.0	0.0	109.0	106.0	196.0	190.0	186.0	107.0	163.0	130.0	121.0	109.0	153.0	140.0	133.0	159.0	160.0	141.0	134.0	139.0	146.0	149.0	232.0	213.0	111.0	126.0	106.0	137.0	169.0	144.0	126.0	174.0	157.0	140.0	146.0	97.0	128.0	124.0	255.0	254.0	276.0	354.0	265.0	284.0	285.0	248.0	323.0	250.0	285.0	240.0	221.0	310.0	327.0	197.0	160.0	173.0	201.0	168.0	302.0	328.0	237.0	431.0	159.0	147.0	147.0	145.0	141.0
131	20140911 16:36:17.683	1163.0	141.0	0.0	118.0	94.0	143.0	190.0	136.0	159.0	148.0	130.0	113.0	108.0	153.0	127.0	146.0	98.0	102.0	167.0	125.0	139.0	127.0	149.0	232.0	213.0	180.0	135.0	109.0	137.0	98.0	189.0	126.0	143.0	149.0	154.0	130.0	120.0	155.0	114.0	250.0	222.0	203.0	233.0	174.0	284.0	234.0	220.0	192.0	250.0	216.0	256.0	171.0	207.0	177.0	186.0	141.0	160.0	148.0	154.0	397.0	327.0	319.0	431.0	159.0	157.0	165.0	191.0	129.0
132	20140912 03:36:15.594	1166.0	138.0	0.0	101.0	128.0	130.0	161.0	186.0	106.0	142.0	134.0	104.0	102.0	89.0	119.0	159.0	159.0	147.0	128.0	134.0	139.0	144.0	149.0	124.0	132.0	127.0	154.0	158.0	133.0	173.0	158.0	140.0	218.0	157.0	194.0	146.0	112.0	97.0	125.0	243.0	250.0	276.0	251.0	232.0	262.0	266.0	220.0	243.0	250.0	266.0	240.0	204.0	184.0	327.0	183.0	228.0	188.0	219.0	192.0	348.0	403.0	430.0	431.0	154.0	188.0	150.0	168.0	91.0
133	20140911 00:36:15.573	1163.0	138.0	0.0	158.0	102.0	135.0	147.0	236.0	102.0	131.0	141.0	115.0	91.0	135.0	159.0	149.0	137.0	132.0	95.0	125.0	191.0	140.0	149.0	135.0	126.0	127.0	120.0	146.0	133.0	133.0	100.0	132.0	218.0	155.0	194.0	121.0	112.0	133.0	161.0	208.0	161.0	158.0	233.0	156.0	154.0	171.0	220.0	133.0	250.0	145.0	182.0	171.0	126.0	129.0	161.0	228.0	215.0	219.0	157.0	353.0	327.0	362.0	431.0	146.0	161.0	118.0	181.0	134.0
134	20140912 15:36:16.715	1248.0	133.0	0.0	135.0	103.0	135.0	214.0	76.0	141.0	111.0	155.0	145.0	127.0	105.0	119.0	147.0	108.0	136.0	153.0	197.0	144.0	131.0	113.0	251.0	155.0	131.0	190.0	198.0	133.0	187.0	120.0	143.0	135.0	178.0	179.0	224.0	169.0	184.0	111.0	177.0	184.0	206.0	272.0	235.0	295.0	297.0	317.0	368.0	326.0	363.0	343.0	412.0	408.0	308.0	375.0	339.0	278.0	312.0	214.0	380.0	488.0	390.0	548.0	230.0	182.0	154.0	205.0	73.0
135	20140910 23:36:10.35	1244.0	133.0	0.0	121.0	128.0	121.0	250.0	148.0	124.0	130.0	140.0	121.0	108.0	147.0	131.0	124.0	145.0	142.0	164.0	202.0	139.0	207.0	119.0	190.0	227.0	126.0	154.0	168.0	142.0	204.0	125.0	137.0	154.0	152.0	132.0	164.0	155.0	189.0	124.0	232.0	232.0	185.0	209.0	187.0	238.0	283.0	264.0	309.0	321.0	258.0	290.0	256.0	263.0	295.0	273.0	340.0	458.0	275.0	216.0	407.0	353.0	361.0	432.0	235.0	201.0	135.0	165.0	137.0
136	20140912 10:36:12.437	1244.0	130.0	0.0	97.0	112.0	106.0	149.0	90.0	172.0	136.0	121.0	177.0	144.0	147.0	165.0	143.0	145.0	147.0	164.0	202.0	149.0	207.0	158.0	182.0	227.0	159.0	137.0	153.0	156.0	125.0	161.0	170.0	159.0	150.0	148.0	187.0	155.0	162.0	124.0	232.0	232.0	175.0	209.0	220.0	238.0	283.0	264.0	320.0	340.0	296.0	282.0	296.0	263.0	248.0	273.0	316.0	458.0	347.0	239.0	407.0	355.0	361.0	432.0	204.0	227.0	154.0	189.0	107.0
137	20140910 23:36:10.35	1248.0	129.0	0.0	114.0	146.0	168.0	227.0	122.0	169.0	186.0	194.0	140.0	117.0	133.0	157.0	186.0	138.0	99.0	155.0	145.0	119.0	237.0	167.0	146.0	119.0	108.0	134.0	156.0	154.0	151.0	145.0	151.0	150.0	111.0	184.0	118.0	138.0	189.0	187.0	198.0	178.0	196.0	222.0	223.0	291.0	263.0	297.0	265.0	365.0	339.0	340.0	284.0	374.0	351.0	314.0	353.0	328.0	335.0	216.0	384.0	366.0	307.0	406.0	214.0	185.0	225.0	196.0	145.0
138	20140911 09:36:01.659	147.0	105.0	0.0	158.0	125.0	128.0	170.0	134.0	154.0	161.0	144.0	155.0	126.0	174.0	138.0	167.0	181.0	134.0	172.0	196.0	154.0	215.0	217.0	243.0	269.0	231.0	282.0	261.0	289.0	283.0	274.0	338.0	344.0	293.0	324.0	263.0	347.0	296.0	247.0	308.0	299.0	302.0	311.0	249.0	285.0	332.0	271.0	285.0	352.0	327.0	355.0	337.0	255.0	290.0	246.0	229.0	295.0	304.0	200.0	335.0	276.0	298.0	315.0	138.0	110.0	186.0	148.0	126.0
139	20140910 22:36:02.176	143.0	105.0	0.0	138.0	175.0	205.0	134.0	114.0	140.0	167.0	130.0	137.0	180.0	172.0	95.0	122.0	146.0	127.0	166.0	176.0	196.0	237.0	185.0	229.0	275.0	234.0	315.0	282.0	339.0	268.0	316.0	290.0	346.0	329.0	269.0	301.0	369.0	302.0	296.0	275.0	304.0	367.0	287.0	349.0	343.0	267.0	296.0	328.0	378.0	319.0	276.0	370.0	333.0	277.0	296.0	245.0	323.0	256.0	219.0	310.0	280.0	315.0	369.0	193.0	130.0	154.0	172.0	86.0
140	20140910 23:36:10.35	124.0	105.0	0.0	161.0	129.0	113.0	199.0	127.0	116.0	135.0	195.0	126.0	103.0	118.0	180.0	162.0	119.0	160.0	159.0	103.0	117.0	156.0	150.0	141.0	205.0	140.0	214.0	104.0	177.0	173.0	204.0	156.0	171.0	197.0	188.0	197.0	164.0	194.0	178.0	209.0	191.0	253.0	203.0	236.0	228.0	214.0	191.0	234.0	272.0	260.0	242.0	207.0	279.0	343.0	283.0	329.0	304.0	273.0	262.0	382.0	373.0	394.0	385.0	215.0	184.0	194.0	230.0	141.0
141	20140911 14:36:17.725	120.0	104.0	0.0	102.0	102.0	110.0	136.0	133.0	118.0	163.0	128.0	152.0	113.0	152.0	120.0	129.0	159.0	166.0	156.0	173.0	121.0	212.0	152.0	179.0	167.0	177.0	149.0	136.0	188.0	155.0	144.0	164.0	204.0	148.0	237.0	208.0	206.0	188.0	148.0	222.0	242.0	242.0	235.0	189.0	243.0	230.0	297.0	283.0	304.0	270.0	350.0	299.0	390.0	268.0	294.0	248.0	267.0	267.0	229.0	303.0	325.0	362.0	391.0	208.0	175.0	173.0	248.0	163.0
142	20140912 03:36:15.594	124.0	102.0	0.0	163.0	160.0	115.0	179.0	121.0	142.0	136.0	168.0	143.0	154.0	149.0	180.0	145.0	131.0	150.0	125.0	115.0	117.0	173.0	141.0	158.0	183.0	162.0	170.0	121.0	152.0	119.0	164.0	162.0	213.0	175.0	188.0	197.0	162.0	200.0	169.0	209.0	134.0	212.0	171.0	212.0	233.0	246.0	177.0	234.0	284.0	260.0	226.0	239.0	279.0	306.0	242.0	329.0	402.0	298.0	234.0	382.0	356.0	394.0	374.0	220.0	184.0	221.0	181.0	123.0
143	20140910 22:36:02.176	120.0	101.0	0.0	105.0	92.0	222.0	155.0	133.0	153.0	142.0	141.0	118.0	192.0	152.0	187.0	135.0	146.0	166.0	96.0	143.0	179.0	212.0	137.0	128.0	167.0	130.0	146.0	151.0	182.0	225.0	93.0	178.0	173.0	172.0	137.0	179.0	228.0	165.0	220.0	216.0	230.0	242.0	235.0	189.0	222.0	273.0	232.0	274.0	295.0	305.0	241.0	299.0	390.0	268.0	265.0	257.0	221.0	222.0	195.0	297.0	325.0	299.0	369.0	209.0	194.0	117.0	219.0	122.0
144	20140910 22:36:02.176	146.0	100.0	0.0	147.0	129.0	178.0	177.0	158.0	132.0	167.0	141.0	113.0	108.0	118.0	194.0	152.0	119.0	139.0	143.0	179.0	172.0	193.0	210.0	222.0	272.0	200.0	216.0	209.0	238.0	273.0	229.0	237.0	352.0	299.0	272.0	278.0	276.0	277.0	290.0	308.0	282.0	268.0	326.0	289.0	264.0	269.0	218.0	257.0	301.0	330.0	220.0	270.0	306.0	253.0	208.0	210.0	229.0	205.0	202.0	271.0	308.0	349.0	307.0	150.0	127.0	149.0	158.0	128.0
145	20140910 21:36:09.503	143.0	100.0	0.0	142.0	205.0	148.0	185.0	168.0	145.0	119.0	220.0	121.0	119.0	115.0	194.0	130.0	110.0	181.0	157.0	204.0	232.0	214.0	204.0	254.0	328.0	277.0	256.0	212.0	264.0	277.0	283.0	265.0	295.0	288.0	320.0	278.0	290.0	277.0	275.0	307.0	303.0	288.0	326.0	229.0	259.0	274.0	244.0	363.0	282.0	330.0	218.0	278.0	287.0	222.0	260.0	214.0	258.0	240.0	202.0	248.0	291.0	256.0	317.0	167.0	171.0	163.0	136.0	111.0
146	20140912 18:36:31.31	1239.0	15.0	0.0	0.0	0.0	0.0	0.0	0.0	0.0	0.0	0.0	0.0	0.0	0.0	0.0	0.0	0.0	0.0	0.0	0.0	0.0	0.0	0.0	0.0	0.0	0.0	0.0	0.0	0.0	0.0	0.0	0.0	0.0	0.0	0.0	0.0	0.0	0.0	0.0	0.0	0.0	0.0	0.0	0.0	0.0	0.0	0.0	632.0	536.0	503.0	508.0	643.0	457.0	566.0	537.0	473.0	380.0	549.0	463.0	568.0	705.0	567.0	587.0	160.0	208.0	177.0	144.0	120.0
147	20140912 18:36:31.31	1235.0	15.0	0.0	0.0	0.0	0.0	0.0	0.0	0.0	0.0	0.0	0.0	0.0	0.0	0.0	0.0	0.0	0.0	0.0	0.0	0.0	0.0	0.0	0.0	0.0	0.0	0.0	0.0	0.0	0.0	0.0	0.0	0.0	0.0	0.0	0.0	0.0	0.0	0.0	0.0	0.0	0.0	0.0	0.0	0.0	0.0	0.0	581.0	499.0	575.0	530.0	693.0	508.0	467.0	556.0	400.0	382.0	433.0	439.0	465.0	585.0	481.0	538.0	164.0	194.0	168.0	138.0	149.0
148	20140912 23:36:14.157	1279.0	10.0	0.0	0.0	0.0	0.0	0.0	0.0	0.0	0.0	0.0	0.0	0.0	0.0	0.0	0.0	0.0	0.0	0.0	0.0	0.0	0.0	0.0	0.0	0.0	0.0	0.0	0.0	0.0	0.0	0.0	0.0	0.0	0.0	0.0	0.0	0.0	0.0	0.0	0.0	0.0	0.0	0.0	0.0	0.0	0.0	0.0	0.0	0.0	0.0	321.0	299.0	479.0	611.0	510.0	471.0	481.0	545.0	389.0	629.0	663.0	622.0	647.0	185.0	188.0	149.0	204.0	158.0
149	20140912 21:36:14.125	1275.0	10.0	0.0	0.0	0.0	0.0	0.0	0.0	0.0	0.0	0.0	0.0	0.0	0.0	0.0	0.0	0.0	0.0	0.0	0.0	0.0	0.0	0.0	0.0	0.0	0.0	0.0	0.0	0.0	0.0	0.0	0.0	0.0	0.0	0.0	0.0	0.0	0.0	0.0	0.0	0.0	0.0	0.0	0.0	0.0	0.0	0.0	0.0	0.0	0.0	534.0	324.0	528.0	551.0	520.0	441.0	561.0	567.0	344.0	606.0	587.0	622.0	526.0	168.0	190.0	171.0	163.0	124.0
150	20140912 21:36:14.125	1240.0	9.0	0.0	0.0	0.0	0.0	0.0	0.0	0.0	0.0	0.0	0.0	0.0	0.0	0.0	0.0	0.0	0.0	0.0	0.0	0.0	0.0	0.0	0.0	0.0	0.0	0.0	0.0	0.0	0.0	0.0	0.0	0.0	0.0	0.0	0.0	0.0	0.0	0.0	0.0	0.0	0.0	0.0	0.0	0.0	0.0	0.0	0.0	0.0	0.0	663.0	0.0	708.0	672.0	678.0	675.0	767.0	789.0	763.0	773.0	911.0	750.0	876.0	201.0	235.0	152.0	188.0	123.0
151	20140912 21:36:14.125	1235.0	9.0	0.0	0.0	0.0	0.0	0.0	0.0	0.0	0.0	0.0	0.0	0.0	0.0	0.0	0.0	0.0	0.0	0.0	0.0	0.0	0.0	0.0	0.0	0.0	0.0	0.0	0.0	0.0	0.0	0.0	0.0	0.0	0.0	0.0	0.0	0.0	0.0	0.0	0.0	0.0	0.0	0.0	0.0	0.0	0.0	0.0	0.0	0.0	0.0	726.0	0.0	774.0	865.0	641.0	692.0	671.0	698.0	806.0	650.0	638.0	687.0	608.0	194.0	158.0	177.0	190.0	135.0
152	20140913 00:36:15.109	1279.0	7.0	0.0	0.0	0.0	0.0	0.0	0.0	0.0	0.0	0.0	0.0	0.0	0.0	0.0	0.0	0.0	0.0	0.0	0.0	0.0	0.0	0.0	0.0	0.0	0.0	0.0	0.0	0.0	0.0	0.0	0.0	0.0	0.0	0.0	0.0	0.0	0.0	0.0	0.0	0.0	0.0	0.0	0.0	0.0	0.0	0.0	0.0	0.0	0.0	0.0	0.0	0.0	553.0	510.0	411.0	453.0	545.0	354.0	629.0	699.0	622.0	647.0	167.0	143.0	121.0	124.0	158.0
153	20140913 00:36:15.109	1275.0	7.0	0.0	0.0	0.0	0.0	0.0	0.0	0.0	0.0	0.0	0.0	0.0	0.0	0.0	0.0	0.0	0.0	0.0	0.0	0.0	0.0	0.0	0.0	0.0	0.0	0.0	0.0	0.0	0.0	0.0	0.0	0.0	0.0	0.0	0.0	0.0	0.0	0.0	0.0	0.0	0.0	0.0	0.0	0.0	0.0	0.0	0.0	0.0	0.0	0.0	0.0	0.0	492.0	520.0	470.0	561.0	567.0	292.0	606.0	549.0	622.0	526.0	150.0	202.0	167.0	163.0	106.0
154	20140913 01:36:13.749	554.0	5.0	0.0	0.0	0.0	0.0	0.0	0.0	0.0	0.0	0.0	0.0	0.0	0.0	0.0	0.0	0.0	0.0	0.0	0.0	0.0	0.0	0.0	0.0	0.0	0.0	0.0	0.0	0.0	0.0	0.0	0.0	0.0	0.0	0.0	0.0	0.0	0.0	0.0	0.0	0.0	0.0	0.0	0.0	0.0	0.0	0.0	0.0	0.0	0.0	0.0	0.0	0.0	0.0	226.0	226.0	272.0	301.0	246.0	283.0	314.0	295.0	295.0	168.0	197.0	154.0	111.0	137.0
