index	mortality	x	y	20140907 17:46:20.668	20140910 09:46:23.762	20140910 10:46:24.333	20140910 11:46:29.453	20140910 12:46:30.581	20140910 13:46:26.290	20140910 14:46:30.891	20140910 15:46:24.834	20140910 16:46:27.214	20140910 17:46:30.625	20140910 18:46:32.792	20140910 19:58:26.857	20140910 20:58:27.873	20140910 21:58:25.315	20140910 22:58:27.603	20140910 23:58:25.242	20140911 00:58:33.636	20140911 04:58:22.355	20140911 06:58:28.853	20140911 07:58:25.484	20140911 08:58:25.594	20140911 09:58:25.292	20140911 10:58:31.487	20140911 11:58:29.20	20140911 12:58:28.943	20140911 13:58:26.887	20140911 14:58:26.81	20140911 15:58:27.767	20140911 16:58:32.297	20140911 17:58:30.282	20140911 18:58:35.608	20140911 19:58:34.935	20140911 20:58:30.340	20140911 21:58:32.853	20140911 22:58:29.292	20140911 23:58:36.99	20140912 00:58:29.161	20140912 01:58:33.208	20140912 02:58:30.252	20140912 03:58:27.144	20140912 04:58:27.772	20140912 05:58:32.870	20140912 06:58:28.537	20140912 07:58:27.400	20140912 08:58:30.386	20140912 09:58:31.192	20140912 11:58:27.995	20140912 12:58:28.853	20140912 13:58:35.846	20140912 14:58:30.926	20140912 16:58:28.957	20140912 17:58:36.587	20140912 18:58:35.853	20140912 19:58:31.298	20140912 20:58:31.286	20140912 21:58:32.27	20140912 22:58:32.88	20140912 23:58:34.896	20140913 00:58:31.648	20140913 01:58:29.146	20140913 03:58:28.328	20140913 04:58:33.514	20140913 05:58:37.552	20140913 07:58:29.212	20140913 08:58:32.83	20140913 09:58:32.118	20140913 10:17:00.228	20140913 11:17:08.240	20140913 12:17:02.957	20140913 13:17:03.445	20140913 14:17:05.715
5	20140912 11:58:27.995	1304.0	969.0	0.0	0.0	0.0	0.0	0.0	0.0	0.0	0.0	0.0	0.0	0.0	0.0	0.0	0.0	0.0	0.0	0.0	0.0	0.0	0.0	0.0	0.0	0.0	0.0	0.0	0.0	0.0	0.0	0.0	0.0	0.0	0.0	0.0	0.0	0.0	0.0	0.0	0.0	0.0	0.0	0.0	1.0	1.0	2.0	3.0	1.0	125.0	89.0	9.0	0.0	2.0	1.0	1.0	13.0	37.0	93.0	108.0	115.0	133.0	136.0	130.0	101.0	141.0	115.0	118.0	115.0	117.0	102.0	76.0	136.0	113.0
6	20140912 04:58:27.772	1298.0	969.0	0.0	0.0	0.0	0.0	0.0	0.0	0.0	0.0	0.0	0.0	0.0	0.0	0.0	0.0	0.0	0.0	0.0	0.0	0.0	0.0	0.0	0.0	0.0	0.0	0.0	0.0	0.0	0.0	0.0	0.0	0.0	0.0	0.0	0.0	0.0	0.0	0.0	1.0	64.0	76.0	90.0	114.0	151.0	118.0	150.0	128.0	151.0	155.0	115.0	131.0	128.0	105.0	130.0	150.0	130.0	106.0	94.0	129.0	90.0	121.0	119.0	98.0	77.0	94.0	80.0	62.0	96.0	105.0	87.0	109.0	89.0
7	20140912 22:58:32.88	780.0	955.0	129.0	89.0	90.0	105.0	94.0	94.0	112.0	107.0	92.0	103.0	98.0	88.0	109.0	65.0	92.0	105.0	73.0	70.0	110.0	90.0	95.0	125.0	101.0	87.0	125.0	117.0	103.0	121.0	100.0	112.0	121.0	148.0	127.0	125.0	133.0	161.0	117.0	178.0	190.0	190.0	183.0	172.0	168.0	211.0	147.0	217.0	225.0	197.0	207.0	218.0	208.0	241.0	229.0	207.0	216.0	230.0	274.0	240.0	322.0	259.0	289.0	257.0	274.0	302.0	321.0	417.0	435.0	126.0	144.0	168.0	186.0
8	20140912 22:58:32.88	780.0	952.0	123.0	119.0	78.0	99.0	91.0	98.0	109.0	95.0	119.0	113.0	87.0	125.0	117.0	98.0	115.0	75.0	106.0	100.0	110.0	85.0	96.0	125.0	124.0	90.0	157.0	115.0	105.0	125.0	97.0	136.0	138.0	148.0	147.0	148.0	157.0	183.0	200.0	189.0	209.0	193.0	214.0	191.0	169.0	235.0	192.0	217.0	225.0	202.0	207.0	218.0	208.0	245.0	229.0	232.0	216.0	230.0	274.0	240.0	322.0	259.0	289.0	241.0	274.0	302.0	287.0	417.0	388.0	127.0	118.0	135.0	162.0
9	20140912 18:58:35.853	1103.0	941.0	127.0	123.0	68.0	85.0	125.0	98.0	105.0	92.0	91.0	115.0	108.0	86.0	89.0	98.0	89.0	73.0	82.0	105.0	109.0	97.0	59.0	94.0	82.0	76.0	85.0	79.0	107.0	67.0	107.0	90.0	112.0	119.0	115.0	105.0	131.0	122.0	137.0	116.0	122.0	125.0	113.0	157.0	113.0	132.0	159.0	157.0	160.0	145.0	150.0	145.0	130.0	154.0	182.0	168.0	153.0	161.0	179.0	204.0	169.0	175.0	214.0	193.0	202.0	232.0	273.0	284.0	250.0	127.0	148.0	151.0	94.0
10	20140912 22:58:32.88	1101.0	941.0	95.0	123.0	71.0	93.0	125.0	127.0	105.0	92.0	92.0	115.0	105.0	82.0	89.0	98.0	88.0	71.0	70.0	105.0	86.0	83.0	68.0	93.0	82.0	71.0	85.0	84.0	90.0	61.0	107.0	90.0	107.0	123.0	84.0	80.0	117.0	110.0	113.0	116.0	92.0	114.0	96.0	133.0	113.0	108.0	159.0	155.0	146.0	132.0	140.0	130.0	109.0	144.0	121.0	160.0	153.0	143.0	174.0	171.0	149.0	175.0	199.0	169.0	202.0	232.0	273.0	284.0	218.0	119.0	148.0	140.0	92.0
11	20140912 07:58:27.400	1223.0	935.0	0.0	133.0	120.0	106.0	81.0	111.0	124.0	118.0	96.0	108.0	107.0	97.0	85.0	70.0	93.0	79.0	103.0	108.0	102.0	88.0	84.0	93.0	104.0	73.0	93.0	105.0	88.0	168.0	156.0	107.0	109.0	144.0	156.0	151.0	138.0	179.0	176.0	163.0	189.0	159.0	164.0	191.0	198.0	222.0	187.0	190.0	198.0	190.0	200.0	264.0	230.0	266.0	286.0	366.0	364.0	299.0	385.0	360.0	308.0	343.0	407.0	379.0	292.0	296.0	297.0	316.0	270.0	120.0	145.0	126.0	131.0
12	20140911 23:58:36.99	1219.0	936.0	0.0	116.0	92.0	92.0	101.0	86.0	134.0	132.0	81.0	87.0	106.0	105.0	79.0	116.0	107.0	73.0	117.0	109.0	88.0	84.0	91.0	82.0	95.0	100.0	107.0	106.0	116.0	116.0	130.0	119.0	142.0	125.0	157.0	143.0	165.0	217.0	162.0	172.0	149.0	189.0	147.0	203.0	195.0	181.0	230.0	173.0	215.0	150.0	188.0	275.0	220.0	288.0	297.0	315.0	274.0	286.0	362.0	373.0	305.0	341.0	393.0	368.0	252.0	319.0	277.0	321.0	263.0	119.0	106.0	116.0	166.0
13	20140912 06:58:28.537	417.0	926.0	145.0	117.0	114.0	86.0	139.0	108.0	106.0	79.0	97.0	103.0	88.0	113.0	127.0	111.0	88.0	78.0	101.0	81.0	98.0	95.0	79.0	100.0	101.0	90.0	99.0	92.0	111.0	105.0	114.0	146.0	134.0	145.0	113.0	133.0	147.0	140.0	155.0	165.0	159.0	160.0	169.0	189.0	199.0	191.0	199.0	183.0	211.0	163.0	182.0	195.0	188.0	183.0	219.0	215.0	276.0	252.0	223.0	263.0	251.0	282.0	282.0	265.0	280.0	251.0	268.0	312.0	247.0	104.0	115.0	73.0	110.0
14	20140911 23:58:36.99	418.0	923.0	142.0	104.0	86.0	96.0	130.0	108.0	88.0	78.0	93.0	105.0	115.0	150.0	124.0	94.0	98.0	103.0	82.0	107.0	94.0	104.0	96.0	115.0	113.0	109.0	94.0	105.0	110.0	132.0	142.0	146.0	145.0	146.0	142.0	161.0	147.0	192.0	194.0	188.0	175.0	169.0	171.0	217.0	190.0	198.0	199.0	191.0	211.0	168.0	182.0	179.0	198.0	183.0	219.0	209.0	276.0	252.0	223.0	251.0	251.0	282.0	269.0	240.0	259.0	229.0	227.0	288.0	220.0	121.0	112.0	132.0	117.0
15	20140911 07:58:25.484	618.0	910.0	116.0	109.0	65.0	72.0	107.0	94.0	75.0	106.0	100.0	113.0	85.0	108.0	107.0	104.0	130.0	92.0	88.0	131.0	112.0	165.0	145.0	144.0	143.0	127.0	157.0	170.0	152.0	135.0	219.0	153.0	156.0	177.0	155.0	167.0	131.0	172.0	203.0	207.0	186.0	188.0	152.0	157.0	172.0	168.0	99.0	74.0	89.0	94.0	102.0	125.0	96.0	112.0	102.0	96.0	92.0	131.0	85.0	98.0	94.0	110.0	94.0	92.0	99.0	103.0	86.0	113.0	118.0	82.0	106.0	110.0	142.0
16	20140911 06:58:28.853	614.0	910.0	110.0	97.0	86.0	102.0	137.0	98.0	69.0	82.0	103.0	139.0	76.0	101.0	79.0	83.0	65.0	71.0	84.0	120.0	150.0	157.0	120.0	106.0	111.0	126.0	162.0	137.0	125.0	133.0	143.0	148.0	138.0	146.0	178.0	172.0	137.0	180.0	209.0	198.0	173.0	205.0	154.0	139.0	187.0	155.0	85.0	89.0	75.0	85.0	89.0	87.0	93.0	119.0	104.0	107.0	121.0	128.0	85.0	81.0	73.0	88.0	108.0	94.0	108.0	96.0	82.0	115.0	111.0	114.0	108.0	121.0	103.0
17	20140912 23:58:34.896	496.0	884.0	146.0	92.0	90.0	87.0	104.0	95.0	83.0	105.0	87.0	78.0	96.0	84.0	96.0	84.0	71.0	84.0	75.0	97.0	103.0	76.0	97.0	78.0	74.0	77.0	100.0	76.0	113.0	126.0	113.0	156.0	104.0	127.0	121.0	113.0	142.0	118.0	169.0	166.0	147.0	198.0	158.0	191.0	200.0	173.0	192.0	190.0	184.0	185.0	194.0	188.0	209.0	226.0	199.0	217.0	228.0	239.0	217.0	267.0	251.0	254.0	258.0	298.0	327.0	304.0	339.0	423.0	371.0	131.0	107.0	150.0	118.0
18	20140913 00:58:31.648	493.0	884.0	146.0	119.0	85.0	89.0	106.0	95.0	99.0	117.0	87.0	78.0	88.0	83.0	102.0	84.0	102.0	71.0	88.0	88.0	103.0	82.0	108.0	87.0	88.0	77.0	89.0	76.0	95.0	99.0	102.0	108.0	102.0	96.0	89.0	113.0	103.0	118.0	119.0	115.0	127.0	158.0	124.0	191.0	177.0	173.0	179.0	190.0	164.0	168.0	194.0	176.0	183.0	177.0	199.0	217.0	204.0	229.0	181.0	245.0	251.0	240.0	254.0	298.0	327.0	308.0	339.0	423.0	371.0	109.0	122.0	135.0	122.0
19	20140912 18:58:35.853	130.0	823.0	107.0	81.0	107.0	78.0	109.0	128.0	76.0	92.0	97.0	114.0	80.0	74.0	121.0	88.0	87.0	91.0	82.0	58.0	80.0	77.0	71.0	68.0	83.0	80.0	99.0	61.0	83.0	87.0	93.0	105.0	97.0	90.0	76.0	102.0	92.0	85.0	99.0	91.0	79.0	100.0	107.0	120.0	91.0	104.0	98.0	126.0	141.0	92.0	79.0	103.0	111.0	112.0	155.0	123.0	149.0	140.0	127.0	141.0	118.0	104.0	159.0	156.0	152.0	174.0	190.0	228.0	169.0	83.0	89.0	97.0	102.0
20	20140911 22:58:29.292	168.0	820.0	101.0	106.0	72.0	86.0	79.0	83.0	102.0	75.0	122.0	96.0	90.0	94.0	90.0	91.0	86.0	114.0	117.0	79.0	64.0	63.0	126.0	112.0	74.0	108.0	98.0	110.0	105.0	117.0	130.0	118.0	110.0	129.0	125.0	118.0	169.0	125.0	149.0	138.0	148.0	131.0	139.0	153.0	171.0	147.0	183.0	165.0	196.0	165.0	140.0	139.0	152.0	198.0	194.0	206.0	186.0	175.0	274.0	230.0	209.0	179.0	231.0	253.0	169.0	240.0	180.0	190.0	207.0	76.0	89.0	99.0	112.0
21	20140912 17:58:36.587	130.0	821.0	107.0	79.0	107.0	102.0	67.0	109.0	92.0	91.0	86.0	82.0	80.0	94.0	109.0	100.0	83.0	92.0	76.0	57.0	103.0	79.0	86.0	63.0	94.0	80.0	91.0	77.0	83.0	82.0	93.0	105.0	97.0	84.0	81.0	102.0	92.0	128.0	117.0	85.0	82.0	100.0	107.0	133.0	95.0	117.0	98.0	126.0	142.0	92.0	110.0	132.0	131.0	175.0	159.0	126.0	162.0	153.0	159.0	155.0	112.0	144.0	202.0	180.0	152.0	238.0	199.0	228.0	170.0	112.0	100.0	109.0	68.0
22	20140912 08:58:30.386	173.0	818.0	119.0	98.0	93.0	111.0	106.0	86.0	91.0	79.0	119.0	78.0	73.0	89.0	104.0	78.0	104.0	96.0	97.0	70.0	66.0	110.0	90.0	95.0	92.0	62.0	110.0	84.0	90.0	98.0	105.0	107.0	85.0	111.0	160.0	117.0	108.0	146.0	148.0	109.0	126.0	134.0	123.0	116.0	121.0	119.0	192.0	153.0	161.0	146.0	144.0	190.0	146.0	173.0	168.0	164.0	183.0	225.0	263.0	208.0	226.0	202.0	259.0	230.0	207.0	285.0	165.0	164.0	133.0	116.0	86.0	96.0	112.0
23	20140912 11:58:27.995	128.0	814.0	115.0	129.0	93.0	107.0	107.0	111.0	99.0	84.0	78.0	89.0	94.0	79.0	118.0	75.0	97.0	90.0	83.0	104.0	107.0	93.0	77.0	74.0	99.0	124.0	79.0	82.0	92.0	91.0	86.0	95.0	97.0	113.0	133.0	147.0	149.0	147.0	156.0	169.0	157.0	155.0	195.0	210.0	197.0	228.0	212.0	170.0	241.0	212.0	220.0	210.0	192.0	195.0	224.0	254.0	244.0	230.0	280.0	273.0	304.0	282.0	382.0	396.0	337.0	377.0	360.0	355.0	302.0	93.0	99.0	126.0	94.0
24	20140912 21:58:32.27	124.0	814.0	111.0	90.0	106.0	103.0	87.0	101.0	115.0	90.0	95.0	114.0	87.0	102.0	78.0	73.0	97.0	94.0	70.0	75.0	76.0	101.0	77.0	78.0	89.0	111.0	91.0	75.0	104.0	79.0	81.0	75.0	101.0	84.0	100.0	104.0	92.0	99.0	107.0	112.0	106.0	108.0	95.0	146.0	144.0	121.0	167.0	139.0	153.0	168.0	180.0	169.0	166.0	207.0	192.0	215.0	202.0	220.0	245.0	237.0	252.0	244.0	332.0	366.0	283.0	364.0	332.0	321.0	287.0	75.0	96.0	120.0	100.0
25	20140911 06:58:28.853	484.0	806.0	82.0	100.0	83.0	107.0	63.0	121.0	96.0	88.0	113.0	65.0	109.0	95.0	110.0	105.0	100.0	79.0	94.0	111.0	150.0	127.0	89.0	92.0	102.0	119.0	121.0	128.0	94.0	105.0	166.0	135.0	151.0	161.0	158.0	133.0	151.0	162.0	163.0	133.0	148.0	169.0	121.0	164.0	156.0	173.0	187.0	160.0	216.0	154.0	182.0	191.0	165.0	193.0	160.0	187.0	188.0	156.0	186.0	171.0	174.0	203.0	174.0	183.0	129.0	186.0	147.0	157.0	122.0	105.0	129.0	132.0	90.0
26	20140911 16:58:32.297	487.0	804.0	144.0	100.0	105.0	105.0	123.0	94.0	114.0	106.0	84.0	96.0	127.0	105.0	134.0	126.0	141.0	130.0	114.0	116.0	106.0	101.0	102.0	136.0	139.0	123.0	147.0	140.0	121.0	125.0	166.0	135.0	161.0	158.0	143.0	146.0	151.0	164.0	168.0	133.0	142.0	173.0	147.0	164.0	157.0	173.0	195.0	167.0	201.0	185.0	189.0	215.0	164.0	182.0	157.0	176.0	190.0	161.0	190.0	152.0	187.0	170.0	233.0	176.0	138.0	171.0	146.0	166.0	134.0	124.0	95.0	140.0	129.0
27	20140912 07:58:27.400	1044.0	787.0	92.0	84.0	105.0	101.0	109.0	82.0	102.0	106.0	89.0	83.0	93.0	94.0	84.0	79.0	110.0	96.0	85.0	90.0	103.0	93.0	87.0	59.0	78.0	85.0	112.0	92.0	94.0	119.0	83.0	89.0	78.0	78.0	121.0	121.0	96.0	103.0	134.0	114.0	91.0	117.0	105.0	129.0	131.0	150.0	142.0	111.0	140.0	130.0	134.0	148.0	143.0	161.0	153.0	144.0	158.0	145.0	179.0	135.0	138.0	164.0	193.0	178.0	127.0	211.0	170.0	218.0	191.0	126.0	129.0	87.0	107.0
28	20140911 18:58:35.608	1048.0	786.0	133.0	88.0	102.0	94.0	89.0	85.0	95.0	118.0	88.0	126.0	102.0	75.0	92.0	66.0	122.0	87.0	99.0	86.0	71.0	99.0	78.0	89.0	97.0	71.0	115.0	87.0	104.0	118.0	131.0	77.0	150.0	96.0	121.0	126.0	141.0	121.0	128.0	136.0	124.0	132.0	122.0	133.0	134.0	140.0	155.0	137.0	152.0	119.0	174.0	152.0	139.0	152.0	152.0	181.0	148.0	167.0	205.0	169.0	139.0	180.0	196.0	188.0	175.0	209.0	187.0	204.0	203.0	109.0	124.0	91.0	130.0
29	20140912 21:58:32.27	241.0	778.0	83.0	81.0	85.0	83.0	101.0	81.0	73.0	86.0	59.0	83.0	70.0	114.0	70.0	73.0	65.0	58.0	78.0	66.0	88.0	78.0	43.0	93.0	93.0	79.0	68.0	96.0	79.0	64.0	80.0	71.0	92.0	102.0	81.0	92.0	75.0	66.0	90.0	91.0	74.0	75.0	87.0	94.0	71.0	66.0	89.0	99.0	103.0	87.0	79.0	106.0	104.0	80.0	93.0	64.0	143.0	181.0	141.0	134.0	176.0	167.0	148.0	206.0	160.0	177.0	162.0	285.0	216.0	102.0	73.0	122.0	111.0
30	20140912 20:58:31.286	241.0	776.0	65.0	86.0	81.0	77.0	92.0	73.0	93.0	101.0	101.0	76.0	111.0	87.0	80.0	47.0	65.0	75.0	78.0	81.0	67.0	92.0	57.0	109.0	114.0	79.0	103.0	96.0	72.0	85.0	80.0	97.0	92.0	89.0	95.0	98.0	75.0	77.0	90.0	91.0	73.0	100.0	88.0	94.0	84.0	78.0	93.0	88.0	110.0	79.0	119.0	90.0	96.0	88.0	78.0	95.0	197.0	192.0	184.0	179.0	177.0	200.0	224.0	278.0	190.0	239.0	185.0	299.0	216.0	122.0	86.0	122.0	111.0
31	20140912 20:58:31.286	236.0	774.0	86.0	101.0	70.0	107.0	115.0	86.0	83.0	84.0	88.0	94.0	91.0	79.0	72.0	79.0	66.0	88.0	76.0	76.0	86.0	106.0	96.0	89.0	61.0	91.0	103.0	92.0	98.0	80.0	103.0	84.0	64.0	87.0	93.0	80.0	78.0	87.0	103.0	105.0	99.0	93.0	89.0	82.0	99.0	102.0	111.0	91.0	97.0	102.0	79.0	107.0	94.0	88.0	94.0	84.0	180.0	170.0	165.0	133.0	143.0	148.0	206.0	185.0	146.0	184.0	137.0	218.0	247.0	89.0	81.0	145.0	141.0
32	20140913 03:58:28.328	234.0	774.0	97.0	101.0	98.0	107.0	104.0	86.0	84.0	101.0	88.0	98.0	91.0	107.0	71.0	83.0	64.0	88.0	82.0	75.0	86.0	106.0	80.0	89.0	108.0	103.0	81.0	95.0	98.0	80.0	103.0	84.0	64.0	77.0	84.0	75.0	78.0	75.0	115.0	97.0	99.0	93.0	105.0	109.0	91.0	127.0	111.0	86.0	116.0	107.0	89.0	103.0	94.0	95.0	94.0	84.0	138.0	132.0	121.0	133.0	143.0	120.0	157.0	129.0	129.0	100.0	108.0	184.0	242.0	89.0	81.0	138.0	97.0
33	20140912 17:58:36.587	247.0	772.0	86.0	104.0	101.0	70.0	88.0	104.0	103.0	97.0	83.0	85.0	87.0	121.0	85.0	87.0	84.0	84.0	56.0	90.0	80.0	76.0	95.0	90.0	82.0	96.0	113.0	83.0	109.0	79.0	85.0	94.0	83.0	93.0	76.0	83.0	93.0	113.0	104.0	107.0	104.0	98.0	87.0	82.0	107.0	105.0	114.0	118.0	118.0	96.0	130.0	121.0	166.0	215.0	179.0	262.0	294.0	221.0	260.0	242.0	237.0	244.0	294.0	306.0	238.0	295.0	289.0	200.0	180.0	127.0	86.0	111.0	107.0
34	20140912 20:58:31.286	242.0	772.0	98.0	90.0	80.0	48.0	93.0	96.0	102.0	104.0	85.0	85.0	71.0	89.0	89.0	77.0	78.0	86.0	77.0	83.0	73.0	93.0	98.0	86.0	103.0	75.0	95.0	91.0	112.0	68.0	102.0	80.0	85.0	72.0	105.0	108.0	113.0	88.0	93.0	134.0	89.0	98.0	121.0	83.0	94.0	110.0	103.0	95.0	129.0	111.0	109.0	118.0	104.0	131.0	102.0	131.0	250.0	247.0	283.0	243.0	235.0	235.0	330.0	305.0	235.0	294.0	241.0	269.0	212.0	93.0	84.0	122.0	82.0
35	20140913 00:58:31.648	644.0	765.0	90.0	103.0	80.0	64.0	118.0	81.0	106.0	99.0	116.0	91.0	93.0	86.0	95.0	66.0	79.0	93.0	90.0	77.0	71.0	99.0	84.0	88.0	86.0	78.0	75.0	81.0	105.0	92.0	88.0	103.0	75.0	81.0	101.0	99.0	101.0	105.0	103.0	103.0	96.0	122.0	110.0	119.0	112.0	140.0	129.0	100.0	133.0	115.0	133.0	137.0	100.0	139.0	121.0	135.0	145.0	125.0	149.0	156.0	169.0	175.0	249.0	221.0	167.0	175.0	181.0	186.0	173.0	135.0	133.0	109.0	107.0
36	20140912 22:58:32.88	648.0	763.0	157.0	94.0	107.0	90.0	98.0	103.0	115.0	110.0	117.0	90.0	105.0	86.0	99.0	102.0	91.0	80.0	94.0	78.0	94.0	106.0	127.0	106.0	80.0	74.0	85.0	72.0	112.0	113.0	87.0	105.0	98.0	121.0	127.0	115.0	108.0	122.0	128.0	121.0	130.0	115.0	102.0	112.0	146.0	136.0	139.0	139.0	151.0	137.0	140.0	134.0	133.0	158.0	132.0	151.0	146.0	154.0	177.0	199.0	207.0	189.0	255.0	235.0	167.0	218.0	197.0	201.0	177.0	131.0	162.0	131.0	109.0
37	20140912 03:58:27.144	247.0	763.0	114.0	90.0	82.0	65.0	101.0	106.0	99.0	76.0	101.0	98.0	83.0	110.0	98.0	97.0	88.0	81.0	91.0	101.0	88.0	136.0	110.0	106.0	135.0	140.0	123.0	127.0	155.0	162.0	193.0	147.0	161.0	149.0	149.0	173.0	145.0	192.0	204.0	197.0	173.0	214.0	161.0	207.0	231.0	295.0	276.0	272.0	352.0	261.0	266.0	275.0	156.0	137.0	164.0	133.0	100.0	162.0	148.0	104.0	107.0	120.0	127.0	108.0	108.0	108.0	108.0	114.0	95.0	96.0	88.0	125.0	125.0
38	20140912 00:58:29.161	251.0	759.0	138.0	85.0	85.0	91.0	139.0	108.0	97.0	92.0	83.0	87.0	97.0	129.0	89.0	82.0	95.0	102.0	98.0	92.0	76.0	120.0	130.0	137.0	142.0	144.0	138.0	144.0	164.0	154.0	208.0	195.0	179.0	175.0	205.0	206.0	195.0	197.0	226.0	191.0	163.0	198.0	193.0	253.0	208.0	264.0	279.0	276.0	363.0	267.0	267.0	262.0	97.0	123.0	97.0	115.0	132.0	124.0	101.0	115.0	93.0	123.0	108.0	143.0	94.0	111.0	145.0	82.0	101.0	114.0	88.0	128.0	84.0
39	20140911 08:58:25.594	1232.0	738.0	0.0	101.0	76.0	76.0	111.0	97.0	72.0	104.0	105.0	95.0	85.0	70.0	63.0	87.0	95.0	79.0	78.0	100.0	101.0	115.0	127.0	112.0	114.0	110.0	120.0	89.0	107.0	117.0	90.0	145.0	109.0	101.0	80.0	67.0	92.0	78.0	100.0	95.0	116.0	119.0	144.0	172.0	141.0	163.0	251.0	155.0	194.0	173.0	179.0	167.0	139.0	163.0	153.0	188.0	187.0	153.0	184.0	161.0	173.0	158.0	203.0	176.0	163.0	162.0	157.0	166.0	150.0	85.0	85.0	109.0	123.0
40	20140911 07:58:25.484	1229.0	738.0	0.0	109.0	65.0	76.0	79.0	97.0	82.0	83.0	94.0	73.0	76.0	86.0	81.0	87.0	95.0	69.0	61.0	100.0	101.0	126.0	118.0	107.0	114.0	101.0	118.0	112.0	113.0	122.0	109.0	145.0	117.0	103.0	105.0	99.0	82.0	84.0	85.0	95.0	107.0	143.0	138.0	165.0	163.0	162.0	251.0	172.0	205.0	168.0	184.0	167.0	145.0	163.0	171.0	188.0	170.0	185.0	196.0	155.0	173.0	132.0	186.0	203.0	173.0	153.0	156.0	169.0	150.0	98.0	85.0	115.0	123.0
41	20140912 02:58:30.252	1294.0	736.0	0.0	0.0	0.0	0.0	0.0	0.0	0.0	0.0	0.0	0.0	0.0	0.0	0.0	0.0	0.0	0.0	0.0	0.0	0.0	0.0	0.0	0.0	0.0	0.0	0.0	0.0	0.0	0.0	0.0	0.0	0.0	0.0	0.0	0.0	0.0	0.0	36.0	83.0	97.0	109.0	114.0	135.0	92.0	112.0	113.0	120.0	107.0	100.0	85.0	106.0	97.0	158.0	131.0	113.0	121.0	104.0	132.0	101.0	175.0	129.0	163.0	160.0	153.0	123.0	156.0	141.0	128.0	126.0	114.0	133.0	123.0
42	20140912 00:58:29.161	1292.0	736.0	0.0	0.0	0.0	0.0	0.0	0.0	0.0	0.0	0.0	0.0	0.0	0.0	0.0	0.0	0.0	0.0	0.0	0.0	0.0	0.0	0.0	0.0	0.0	0.0	0.0	0.0	0.0	0.0	0.0	0.0	0.0	0.0	0.0	0.0	3.0	18.0	124.0	83.0	97.0	92.0	107.0	95.0	92.0	112.0	110.0	123.0	111.0	100.0	85.0	110.0	130.0	158.0	121.0	112.0	127.0	104.0	144.0	132.0	175.0	115.0	163.0	160.0	153.0	144.0	156.0	141.0	125.0	126.0	114.0	134.0	112.0
43	20140911 11:58:29.20	1251.0	733.0	0.0	127.0	79.0	96.0	98.0	87.0	94.0	91.0	91.0	95.0	92.0	98.0	102.0	66.0	95.0	103.0	80.0	104.0	116.0	111.0	142.0	141.0	118.0	154.0	165.0	101.0	128.0	177.0	171.0	124.0	136.0	165.0	108.0	108.0	133.0	132.0	189.0	182.0	150.0	201.0	152.0	189.0	171.0	206.0	290.0	200.0	192.0	159.0	182.0	187.0	158.0	185.0	176.0	174.0	213.0	166.0	195.0	177.0	175.0	160.0	187.0	198.0	172.0	170.0	175.0	185.0	157.0	117.0	105.0	97.0	72.0
44	20140911 08:58:25.594	1249.0	732.0	0.0	127.0	86.0	88.0	86.0	87.0	100.0	85.0	91.0	120.0	104.0	113.0	102.0	70.0	80.0	103.0	84.0	100.0	130.0	124.0	148.0	141.0	130.0	154.0	165.0	124.0	132.0	193.0	177.0	150.0	150.0	182.0	137.0	132.0	114.0	158.0	189.0	182.0	164.0	201.0	152.0	196.0	180.0	206.0	290.0	200.0	192.0	157.0	171.0	187.0	160.0	197.0	160.0	189.0	213.0	166.0	199.0	188.0	175.0	160.0	216.0	198.0	172.0	170.0	159.0	200.0	178.0	117.0	104.0	115.0	82.0
45	20140910 10:46:24.333	398.0	719.0	112.0	165.0	206.0	207.0	190.0	239.0	196.0	249.0	218.0	220.0	214.0	179.0	177.0	184.0	123.0	115.0	135.0	112.0	108.0	123.0	107.0	107.0	126.0	93.0	79.0	83.0	68.0	94.0	93.0	70.0	85.0	94.0	85.0	78.0	78.0	52.0	82.0	86.0	78.0	71.0	114.0	72.0	82.0	80.0	110.0	70.0	86.0	72.0	78.0	73.0	85.0	93.0	84.0	97.0	77.0	99.0	110.0	81.0	77.0	81.0	93.0	72.0	84.0	73.0	82.0	79.0	82.0	61.0	119.0	111.0	128.0
46	20140910 09:46:23.762	396.0	718.0	91.0	229.0	208.0	196.0	195.0	227.0	196.0	260.0	224.0	220.0	201.0	173.0	176.0	168.0	139.0	111.0	144.0	116.0	106.0	91.0	80.0	107.0	78.0	90.0	90.0	79.0	77.0	94.0	75.0	47.0	82.0	109.0	96.0	68.0	76.0	61.0	86.0	80.0	81.0	87.0	100.0	62.0	89.0	74.0	72.0	79.0	83.0	73.0	67.0	78.0	97.0	80.0	93.0	105.0	78.0	78.0	110.0	114.0	76.0	103.0	95.0	73.0	78.0	48.0	87.0	106.0	71.0	99.0	107.0	150.0	137.0
47	20140911 21:58:32.853	962.0	708.0	121.0	118.0	82.0	66.0	98.0	88.0	85.0	115.0	100.0	74.0	82.0	80.0	95.0	98.0	87.0	94.0	69.0	87.0	92.0	100.0	114.0	100.0	101.0	93.0	138.0	102.0	91.0	131.0	157.0	141.0	99.0	135.0	127.0	161.0	183.0	140.0	156.0	153.0	156.0	165.0	130.0	169.0	145.0	159.0	142.0	142.0	178.0	150.0	148.0	201.0	150.0	173.0	191.0	175.0	228.0	164.0	247.0	212.0	226.0	204.0	200.0	255.0	190.0	219.0	193.0	240.0	218.0	129.0	131.0	164.0	112.0
48	20140912 02:58:30.252	967.0	708.0	131.0	106.0	108.0	100.0	95.0	97.0	81.0	90.0	90.0	81.0	100.0	113.0	93.0	73.0	103.0	93.0	89.0	74.0	112.0	90.0	107.0	88.0	96.0	107.0	115.0	111.0	131.0	156.0	108.0	134.0	156.0	139.0	116.0	147.0	146.0	138.0	145.0	149.0	185.0	146.0	126.0	170.0	158.0	161.0	157.0	146.0	172.0	162.0	142.0	173.0	133.0	208.0	215.0	202.0	235.0	188.0	190.0	239.0	203.0	209.0	230.0	250.0	204.0	211.0	193.0	183.0	186.0	98.0	131.0	116.0	124.0
49	20140912 01:58:33.208	1127.0	700.0	110.0	109.0	80.0	76.0	128.0	82.0	113.0	108.0	99.0	113.0	116.0	115.0	85.0	90.0	88.0	86.0	97.0	61.0	91.0	96.0	105.0	113.0	130.0	76.0	80.0	113.0	123.0	112.0	97.0	104.0	162.0	119.0	130.0	139.0	132.0	143.0	152.0	167.0	160.0	168.0	133.0	163.0	129.0	151.0	178.0	144.0	171.0	156.0	155.0	215.0	221.0	235.0	232.0	214.0	221.0	200.0	229.0	213.0	193.0	211.0	264.0	205.0	163.0	224.0	219.0	182.0	179.0	127.0	148.0	155.0	141.0
50	20140912 11:58:27.995	1122.0	701.0	118.0	97.0	79.0	81.0	99.0	118.0	87.0	119.0	88.0	93.0	101.0	108.0	90.0	86.0	80.0	95.0	91.0	86.0	109.0	84.0	104.0	97.0	97.0	100.0	98.0	106.0	99.0	108.0	125.0	90.0	121.0	102.0	137.0	150.0	133.0	124.0	139.0	149.0	155.0	163.0	137.0	143.0	157.0	158.0	162.0	139.0	182.0	166.0	138.0	191.0	194.0	270.0	202.0	197.0	244.0	172.0	211.0	197.0	209.0	194.0	258.0	212.0	167.0	227.0	165.0	197.0	185.0	97.0	103.0	104.0	123.0
51	20140912 03:58:27.144	241.0	698.0	85.0	134.0	80.0	86.0	81.0	106.0	123.0	102.0	106.0	131.0	89.0	88.0	85.0	80.0	81.0	104.0	69.0	111.0	82.0	106.0	79.0	103.0	93.0	89.0	103.0	116.0	99.0	88.0	96.0	109.0	83.0	113.0	80.0	91.0	92.0	89.0	140.0	117.0	107.0	147.0	150.0	187.0	154.0	156.0	181.0	174.0	205.0	172.0	162.0	197.0	149.0	169.0	165.0	154.0	180.0	158.0	191.0	181.0	129.0	170.0	218.0	182.0	168.0	182.0	180.0	158.0	205.0	108.0	120.0	151.0	130.0
52	20140912 16:58:28.957	282.0	694.0	87.0	96.0	86.0	84.0	75.0	64.0	83.0	98.0	59.0	60.0	66.0	114.0	76.0	84.0	97.0	83.0	87.0	78.0	76.0	77.0	63.0	56.0	112.0	59.0	82.0	94.0	69.0	87.0	67.0	61.0	83.0	82.0	86.0	76.0	66.0	84.0	94.0	99.0	63.0	76.0	106.0	78.0	101.0	99.0	55.0	83.0	78.0	79.0	57.0	70.0	198.0	260.0	208.0	233.0	67.0	116.0	84.0	109.0	76.0	86.0	98.0	68.0	70.0	87.0	92.0	78.0	65.0	116.0	144.0	120.0	128.0
53	20140912 16:58:28.957	277.0	694.0	86.0	110.0	72.0	69.0	123.0	93.0	100.0	66.0	62.0	73.0	79.0	72.0	76.0	81.0	89.0	74.0	87.0	83.0	66.0	64.0	63.0	65.0	55.0	71.0	80.0	66.0	67.0	72.0	58.0	68.0	79.0	99.0	116.0	82.0	70.0	112.0	101.0	99.0	62.0	66.0	59.0	85.0	73.0	61.0	70.0	79.0	75.0	78.0	80.0	72.0	199.0	282.0	246.0	241.0	69.0	99.0	117.0	105.0	78.0	69.0	94.0	73.0	78.0	58.0	89.0	99.0	58.0	102.0	127.0	128.0	129.0
54	20140912 16:58:28.957	272.0	693.0	125.0	88.0	68.0	80.0	100.0	105.0	89.0	75.0	70.0	93.0	60.0	103.0	64.0	78.0	81.0	54.0	91.0	81.0	85.0	66.0	76.0	74.0	73.0	58.0	83.0	98.0	85.0	65.0	66.0	78.0	95.0	68.0	86.0	60.0	55.0	81.0	110.0	78.0	100.0	86.0	93.0	69.0	70.0	52.0	61.0	106.0	58.0	64.0	62.0	89.0	249.0	333.0	245.0	281.0	82.0	104.0	119.0	94.0	63.0	74.0	85.0	99.0	81.0	84.0	63.0	87.0	61.0	71.0	91.0	138.0	83.0
55	20140912 16:58:28.957	268.0	693.0	93.0	112.0	84.0	82.0	96.0	84.0	112.0	97.0	79.0	121.0	66.0	86.0	73.0	95.0	76.0	76.0	78.0	57.0	53.0	69.0	98.0	59.0	102.0	78.0	95.0	79.0	90.0	75.0	61.0	73.0	61.0	88.0	76.0	58.0	61.0	69.0	95.0	94.0	76.0	88.0	86.0	74.0	68.0	56.0	73.0	71.0	63.0	60.0	55.0	79.0	233.0	324.0	293.0	277.0	126.0	116.0	127.0	95.0	67.0	80.0	57.0	76.0	58.0	94.0	71.0	86.0	78.0	75.0	84.0	70.0	95.0
56	20140911 19:58:34.935	241.0	695.0	118.0	79.0	96.0	90.0	105.0	131.0	123.0	102.0	92.0	128.0	89.0	96.0	104.0	98.0	94.0	73.0	84.0	111.0	99.0	96.0	92.0	117.0	109.0	95.0	103.0	101.0	114.0	102.0	104.0	113.0	106.0	143.0	133.0	120.0	124.0	159.0	140.0	155.0	147.0	181.0	158.0	185.0	167.0	199.0	181.0	174.0	199.0	183.0	178.0	172.0	149.0	169.0	149.0	139.0	191.0	153.0	191.0	182.0	136.0	170.0	198.0	182.0	145.0	182.0	168.0	158.0	193.0	95.0	103.0	150.0	126.0
57	20140912 00:58:29.161	1284.0	691.0	0.0	0.0	0.0	0.0	0.0	0.0	0.0	0.0	0.0	0.0	0.0	0.0	0.0	0.0	0.0	0.0	0.0	0.0	0.0	1.0	1.0	9.0	28.0	57.0	84.0	105.0	99.0	71.0	94.0	131.0	135.0	124.0	108.0	130.0	107.0	141.0	162.0	155.0	157.0	180.0	122.0	191.0	186.0	183.0	208.0	153.0	228.0	153.0	153.0	190.0	151.0	221.0	221.0	206.0	229.0	188.0	241.0	209.0	223.0	225.0	312.0	315.0	225.0	319.0	245.0	248.0	236.0	121.0	134.0	148.0	143.0
58	20140912 00:58:29.161	1280.0	690.0	0.0	0.0	0.0	0.0	0.0	0.0	0.0	0.0	0.0	0.0	0.0	0.0	0.0	0.0	0.0	0.0	0.0	2.0	30.0	88.0	83.0	66.0	60.0	94.0	136.0	85.0	84.0	70.0	79.0	116.0	80.0	144.0	134.0	107.0	114.0	136.0	156.0	162.0	135.0	185.0	147.0	177.0	161.0	165.0	180.0	150.0	212.0	160.0	146.0	193.0	138.0	197.0	172.0	185.0	168.0	175.0	213.0	185.0	177.0	189.0	297.0	282.0	200.0	236.0	206.0	220.0	184.0	94.0	77.0	161.0	95.0
59	20140912 11:58:27.995	325.0	691.0	107.0	103.0	91.0	65.0	115.0	89.0	108.0	106.0	114.0	115.0	118.0	104.0	108.0	105.0	97.0	91.0	107.0	120.0	70.0	84.0	80.0	104.0	135.0	101.0	145.0	111.0	117.0	136.0	157.0	114.0	141.0	149.0	139.0	146.0	120.0	164.0	148.0	148.0	184.0	170.0	155.0	168.0	156.0	140.0	123.0	151.0	203.0	152.0	205.0	178.0	195.0	244.0	215.0	249.0	283.0	238.0	268.0	312.0	249.0	264.0	306.0	299.0	226.0	248.0	224.0	209.0	171.0	126.0	109.0	152.0	127.0
60	20140912 11:58:27.995	323.0	691.0	100.0	117.0	91.0	76.0	99.0	73.0	108.0	106.0	105.0	115.0	118.0	106.0	112.0	88.0	97.0	89.0	103.0	84.0	72.0	106.0	83.0	104.0	135.0	101.0	136.0	107.0	103.0	123.0	143.0	114.0	126.0	121.0	123.0	130.0	116.0	152.0	134.0	141.0	184.0	167.0	155.0	168.0	156.0	138.0	123.0	151.0	203.0	157.0	205.0	178.0	195.0	244.0	215.0	249.0	283.0	238.0	268.0	312.0	249.0	264.0	306.0	299.0	226.0	248.0	224.0	209.0	171.0	129.0	97.0	168.0	127.0
61	20140911 10:58:31.487	437.0	690.0	144.0	113.0	86.0	112.0	77.0	92.0	73.0	115.0	106.0	112.0	109.0	111.0	85.0	90.0	98.0	108.0	115.0	117.0	143.0	115.0	121.0	108.0	148.0	126.0	121.0	144.0	138.0	162.0	172.0	125.0	137.0	128.0	137.0	160.0	130.0	167.0	168.0	134.0	162.0	178.0	152.0	167.0	155.0	207.0	159.0	132.0	211.0	161.0	185.0	184.0	156.0	214.0	204.0	169.0	171.0	174.0	195.0	161.0	135.0	152.0	175.0	217.0	181.0	167.0	190.0	205.0	165.0	130.0	118.0	114.0	121.0
62	20140911 13:58:26.887	441.0	688.0	98.0	109.0	74.0	114.0	109.0	98.0	106.0	91.0	102.0	99.0	85.0	111.0	92.0	96.0	101.0	99.0	94.0	137.0	141.0	149.0	126.0	147.0	138.0	112.0	134.0	161.0	143.0	173.0	172.0	169.0	187.0	169.0	148.0	176.0	176.0	172.0	167.0	182.0	171.0	172.0	173.0	144.0	159.0	211.0	184.0	168.0	233.0	204.0	200.0	222.0	194.0	231.0	213.0	207.0	209.0	207.0	196.0	200.0	166.0	200.0	194.0	208.0	156.0	179.0	178.0	176.0	160.0	145.0	125.0	148.0	156.0
63	20140912 20:58:31.286	266.0	681.0	112.0	89.0	66.0	92.0	72.0	81.0	99.0	47.0	89.0	116.0	68.0	77.0	82.0	64.0	91.0	81.0	74.0	72.0	76.0	72.0	107.0	81.0	95.0	73.0	79.0	62.0	80.0	58.0	88.0	85.0	73.0	97.0	71.0	74.0	52.0	104.0	67.0	61.0	69.0	93.0	84.0	74.0	72.0	86.0	73.0	69.0	73.0	72.0	98.0	67.0	82.0	84.0	90.0	125.0	231.0	238.0	261.0	226.0	95.0	82.0	96.0	80.0	72.0	61.0	67.0	60.0	78.0	77.0	80.0	97.0	104.0
64	20140912 20:58:31.286	280.0	682.0	103.0	96.0	88.0	70.0	95.0	107.0	94.0	103.0	80.0	50.0	53.0	72.0	107.0	75.0	73.0	82.0	92.0	94.0	68.0	78.0	79.0	80.0	83.0	83.0	101.0	79.0	89.0	97.0	94.0	86.0	65.0	85.0	97.0	98.0	74.0	81.0	75.0	81.0	79.0	67.0	62.0	68.0	73.0	58.0	78.0	55.0	68.0	78.0	120.0	70.0	79.0	97.0	90.0	122.0	261.0	195.0	270.0	217.0	93.0	85.0	91.0	80.0	93.0	70.0	57.0	89.0	62.0	99.0	97.0	76.0	99.0
65	20140912 20:58:31.286	279.0	679.0	103.0	69.0	98.0	120.0	95.0	67.0	88.0	82.0	80.0	96.0	59.0	91.0	95.0	95.0	76.0	82.0	90.0	117.0	68.0	75.0	76.0	54.0	66.0	83.0	101.0	71.0	88.0	76.0	60.0	59.0	65.0	85.0	72.0	89.0	90.0	76.0	47.0	48.0	71.0	72.0	81.0	79.0	83.0	93.0	65.0	65.0	74.0	60.0	72.0	68.0	90.0	72.0	90.0	123.0	261.0	214.0	255.0	205.0	63.0	76.0	86.0	80.0	63.0	76.0	66.0	81.0	68.0	73.0	85.0	105.0	102.0
66	20140912 20:58:31.286	272.0	678.0	77.0	108.0	64.0	104.0	96.0	77.0	85.0	84.0	80.0	92.0	67.0	71.0	92.0	88.0	60.0	86.0	75.0	105.0	68.0	76.0	89.0	65.0	81.0	66.0	118.0	83.0	71.0	56.0	70.0	73.0	48.0	101.0	76.0	67.0	76.0	67.0	76.0	70.0	73.0	64.0	77.0	98.0	85.0	61.0	70.0	100.0	89.0	67.0	77.0	84.0	81.0	100.0	91.0	92.0	224.0	211.0	244.0	214.0	79.0	70.0	100.0	87.0	61.0	85.0	78.0	88.0	77.0	55.0	84.0	86.0	105.0
67	20140910 21:58:25.315	805.0	677.0	107.0	156.0	92.0	91.0	100.0	102.0	120.0	113.0	93.0	104.0	120.0	128.0	125.0	168.0	122.0	145.0	145.0	128.0	171.0	171.0	126.0	138.0	154.0	145.0	172.0	141.0	149.0	177.0	184.0	128.0	182.0	172.0	188.0	158.0	165.0	206.0	168.0	142.0	149.0	185.0	163.0	191.0	165.0	214.0	171.0	145.0	187.0	175.0	182.0	167.0	176.0	182.0	163.0	174.0	177.0	161.0	181.0	205.0	160.0	143.0	207.0	180.0	155.0	176.0	159.0	193.0	180.0	119.0	113.0	128.0	121.0
68	20140910 20:58:27.873	808.0	672.0	139.0	104.0	105.0	99.0	112.0	112.0	118.0	119.0	121.0	74.0	119.0	114.0	148.0	160.0	156.0	184.0	140.0	141.0	161.0	165.0	165.0	169.0	220.0	146.0	142.0	150.0	157.0	196.0	187.0	143.0	177.0	187.0	189.0	190.0	170.0	186.0	159.0	180.0	202.0	163.0	147.0	164.0	154.0	201.0	191.0	179.0	193.0	112.0	147.0	179.0	147.0	161.0	133.0	165.0	114.0	154.0	199.0	131.0	129.0	158.0	158.0	177.0	164.0	137.0	135.0	146.0	131.0	134.0	106.0	118.0	162.0
69	20140912 12:58:28.853	873.0	664.0	113.0	70.0	113.0	109.0	109.0	127.0	88.0	78.0	70.0	60.0	83.0	122.0	74.0	96.0	78.0	81.0	89.0	69.0	79.0	64.0	63.0	64.0	91.0	85.0	68.0	88.0	95.0	83.0	87.0	93.0	81.0	79.0	81.0	87.0	89.0	71.0	70.0	92.0	115.0	73.0	72.0	78.0	79.0	111.0	76.0	89.0	82.0	150.0	201.0	175.0	85.0	105.0	77.0	62.0	79.0	78.0	96.0	92.0	92.0	82.0	82.0	81.0	83.0	70.0	63.0	114.0	73.0	100.0	70.0	88.0	98.0
70	20140912 12:58:28.853	870.0	664.0	113.0	87.0	95.0	108.0	107.0	111.0	72.0	72.0	79.0	106.0	90.0	85.0	98.0	84.0	63.0	85.0	86.0	92.0	83.0	70.0	76.0	54.0	74.0	67.0	66.0	103.0	68.0	91.0	98.0	93.0	89.0	83.0	71.0	104.0	86.0	83.0	88.0	74.0	94.0	73.0	77.0	74.0	79.0	86.0	90.0	79.0	56.0	148.0	179.0	189.0	80.0	89.0	77.0	90.0	79.0	97.0	96.0	81.0	63.0	89.0	89.0	81.0	89.0	70.0	56.0	68.0	83.0	96.0	97.0	123.0	100.0
71	20140913 04:58:33.514	146.0	656.0	96.0	79.0	86.0	83.0	138.0	98.0	87.0	58.0	87.0	91.0	122.0	94.0	86.0	83.0	73.0	74.0	87.0	72.0	93.0	83.0	111.0	78.0	77.0	85.0	97.0	81.0	78.0	80.0	104.0	66.0	68.0	91.0	87.0	75.0	92.0	75.0	106.0	92.0	91.0	75.0	80.0	112.0	93.0	86.0	66.0	91.0	99.0	104.0	71.0	92.0	59.0	91.0	102.0	98.0	97.0	74.0	99.0	94.0	124.0	97.0	112.0	314.0	244.0	309.0	111.0	90.0	90.0	107.0	98.0	93.0	95.0
72	20140913 04:58:33.514	141.0	656.0	92.0	101.0	99.0	84.0	87.0	124.0	89.0	99.0	91.0	87.0	104.0	122.0	134.0	63.0	91.0	93.0	73.0	91.0	96.0	91.0	97.0	81.0	76.0	85.0	76.0	57.0	91.0	82.0	57.0	89.0	92.0	56.0	84.0	86.0	99.0	64.0	80.0	87.0	85.0	91.0	102.0	88.0	97.0	86.0	74.0	94.0	72.0	99.0	85.0	87.0	72.0	90.0	70.0	85.0	87.0	108.0	105.0	70.0	94.0	86.0	87.0	279.0	233.0	275.0	90.0	81.0	66.0	90.0	90.0	124.0	105.0
73	20140912 11:58:27.995	197.0	656.0	128.0	90.0	79.0	111.0	79.0	114.0	77.0	104.0	77.0	70.0	123.0	128.0	114.0	82.0	87.0	103.0	87.0	83.0	76.0	106.0	103.0	87.0	92.0	109.0	108.0	87.0	95.0	126.0	77.0	93.0	143.0	117.0	119.0	115.0	129.0	117.0	111.0	135.0	133.0	127.0	116.0	150.0	125.0	135.0	147.0	141.0	181.0	120.0	134.0	140.0	132.0	168.0	168.0	196.0	157.0	194.0	234.0	245.0	242.0	177.0	202.0	164.0	175.0	209.0	152.0	162.0	142.0	127.0	118.0	104.0	124.0
74	20140912 21:58:32.27	193.0	656.0	132.0	93.0	68.0	115.0	123.0	97.0	88.0	73.0	69.0	89.0	113.0	91.0	117.0	107.0	97.0	106.0	104.0	97.0	135.0	76.0	102.0	90.0	88.0	100.0	92.0	119.0	112.0	102.0	94.0	106.0	110.0	90.0	104.0	111.0	88.0	136.0	117.0	138.0	122.0	138.0	108.0	117.0	130.0	140.0	138.0	113.0	149.0	140.0	118.0	112.0	138.0	130.0	113.0	142.0	139.0	195.0	217.0	236.0	206.0	153.0	213.0	149.0	139.0	170.0	143.0	161.0	159.0	103.0	94.0	100.0	124.0
75	20140913 04:58:33.514	1073.0	649.0	148.0	96.0	83.0	92.0	126.0	101.0	103.0	74.0	71.0	102.0	92.0	107.0	89.0	83.0	94.0	90.0	103.0	103.0	76.0	81.0	96.0	69.0	73.0	73.0	93.0	90.0	84.0	81.0	64.0	72.0	86.0	76.0	105.0	88.0	111.0	75.0	97.0	75.0	68.0	79.0	77.0	76.0	92.0	69.0	81.0	81.0	89.0	59.0	78.0	82.0	70.0	84.0	84.0	82.0	85.0	83.0	80.0	88.0	78.0	68.0	87.0	250.0	195.0	232.0	86.0	85.0	86.0	101.0	122.0	80.0	96.0
76	20140913 04:58:33.514	1077.0	648.0	133.0	89.0	98.0	92.0	104.0	124.0	120.0	86.0	112.0	108.0	91.0	91.0	99.0	114.0	91.0	92.0	62.0	91.0	70.0	93.0	70.0	65.0	88.0	71.0	78.0	83.0	103.0	59.0	86.0	78.0	67.0	75.0	98.0	89.0	98.0	71.0	113.0	88.0	63.0	96.0	88.0	91.0	77.0	79.0	68.0	79.0	104.0	88.0	101.0	76.0	54.0	104.0	106.0	97.0	86.0	105.0	75.0	80.0	80.0	90.0	103.0	266.0	180.0	241.0	91.0	115.0	79.0	100.0	87.0	134.0	78.0
77	20140913 00:58:31.648	253.0	614.0	123.0	93.0	74.0	82.0	76.0	74.0	81.0	87.0	87.0	65.0	97.0	91.0	120.0	90.0	76.0	78.0	111.0	86.0	118.0	77.0	84.0	72.0	79.0	85.0	79.0	84.0	90.0	113.0	66.0	81.0	68.0	96.0	84.0	88.0	83.0	69.0	109.0	85.0	83.0	65.0	78.0	90.0	80.0	93.0	93.0	69.0	58.0	67.0	69.0	102.0	89.0	84.0	67.0	86.0	105.0	99.0	102.0	97.0	222.0	223.0	290.0	68.0	71.0	114.0	68.0	83.0	76.0	79.0	92.0	117.0	110.0
78	20140913 00:58:31.648	243.0	613.0	131.0	79.0	79.0	73.0	103.0	84.0	120.0	76.0	114.0	91.0	76.0	83.0	91.0	79.0	67.0	86.0	95.0	70.0	68.0	89.0	82.0	74.0	54.0	68.0	95.0	75.0	72.0	84.0	92.0	93.0	86.0	110.0	73.0	112.0	104.0	71.0	79.0	88.0	75.0	80.0	95.0	96.0	80.0	73.0	80.0	96.0	70.0	86.0	80.0	74.0	69.0	115.0	68.0	81.0	77.0	85.0	99.0	81.0	252.0	252.0	321.0	85.0	109.0	79.0	68.0	83.0	70.0	89.0	72.0	115.0	101.0
79	20140912 11:58:27.995	517.0	610.0	77.0	112.0	101.0	92.0	141.0	80.0	112.0	79.0	121.0	102.0	69.0	71.0	82.0	109.0	89.0	81.0	87.0	86.0	111.0	111.0	79.0	118.0	106.0	111.0	121.0	118.0	104.0	129.0	129.0	120.0	115.0	127.0	116.0	136.0	125.0	125.0	141.0	133.0	144.0	155.0	158.0	140.0	143.0	125.0	149.0	169.0	184.0	147.0	174.0	168.0	195.0	281.0	252.0	274.0	272.0	210.0	208.0	278.0	234.0	244.0	237.0	232.0	224.0	205.0	199.0	217.0	220.0	123.0	119.0	132.0	194.0
80	20140913 00:58:31.648	260.0	612.0	73.0	91.0	85.0	77.0	83.0	93.0	86.0	76.0	96.0	81.0	92.0	90.0	90.0	61.0	66.0	130.0	82.0	102.0	71.0	87.0	93.0	75.0	104.0	111.0	95.0	67.0	118.0	57.0	86.0	93.0	69.0	78.0	98.0	88.0	89.0	84.0	77.0	111.0	93.0	67.0	103.0	77.0	89.0	88.0	95.0	74.0	83.0	76.0	99.0	106.0	79.0	70.0	82.0	87.0	77.0	95.0	87.0	113.0	197.0	188.0	244.0	104.0	77.0	62.0	96.0	77.0	84.0	99.0	117.0	107.0	106.0
81	20140912 05:58:32.870	518.0	602.0	118.0	100.0	108.0	112.0	111.0	113.0	117.0	91.0	74.0	83.0	101.0	116.0	124.0	83.0	98.0	94.0	64.0	102.0	147.0	102.0	102.0	136.0	127.0	109.0	130.0	140.0	117.0	119.0	162.0	116.0	125.0	133.0	124.0	152.0	170.0	168.0	158.0	168.0	166.0	165.0	136.0	195.0	153.0	167.0	148.0	159.0	183.0	159.0	194.0	182.0	162.0	225.0	189.0	242.0	235.0	203.0	263.0	245.0	209.0	222.0	284.0	275.0	188.0	225.0	233.0	264.0	229.0	117.0	119.0	144.0	116.0
82	20140912 08:58:30.386	982.0	591.0	111.0	95.0	99.0	75.0	95.0	84.0	93.0	120.0	106.0	91.0	91.0	87.0	113.0	71.0	86.0	93.0	87.0	86.0	78.0	86.0	96.0	73.0	84.0	90.0	77.0	101.0	65.0	72.0	99.0	64.0	90.0	75.0	80.0	98.0	95.0	97.0	85.0	116.0	141.0	138.0	111.0	106.0	114.0	120.0	165.0	97.0	132.0	128.0	156.0	146.0	127.0	172.0	139.0	165.0	153.0	132.0	189.0	133.0	157.0	146.0	222.0	231.0	198.0	235.0	254.0	234.0	188.0	79.0	110.0	123.0	94.0
83	20140912 11:58:27.995	975.0	590.0	100.0	93.0	89.0	100.0	90.0	101.0	80.0	128.0	110.0	87.0	94.0	78.0	89.0	78.0	88.0	83.0	68.0	90.0	102.0	83.0	78.0	60.0	78.0	87.0	75.0	84.0	84.0	83.0	86.0	85.0	93.0	89.0	80.0	93.0	94.0	89.0	117.0	98.0	144.0	136.0	126.0	119.0	125.0	140.0	129.0	106.0	159.0	139.0	165.0	130.0	124.0	148.0	153.0	146.0	164.0	174.0	161.0	159.0	154.0	140.0	213.0	206.0	205.0	238.0	246.0	239.0	252.0	88.0	121.0	138.0	79.0
84	20140912 17:58:36.587	996.0	589.0	119.0	127.0	85.0	110.0	83.0	119.0	105.0	92.0	79.0	75.0	75.0	61.0	110.0	73.0	84.0	67.0	80.0	91.0	98.0	57.0	66.0	98.0	96.0	94.0	92.0	87.0	94.0	62.0	92.0	98.0	105.0	110.0	108.0	94.0	86.0	75.0	113.0	111.0	105.0	124.0	123.0	124.0	121.0	144.0	130.0	142.0	137.0	132.0	129.0	137.0	175.0	189.0	145.0	154.0	165.0	174.0	174.0	181.0	149.0	163.0	253.0	213.0	197.0	254.0	280.0	295.0	240.0	119.0	105.0	143.0	146.0
85	20140912 06:58:28.537	1002.0	589.0	129.0	71.0	123.0	95.0	92.0	83.0	101.0	98.0	85.0	89.0	91.0	105.0	91.0	120.0	92.0	64.0	89.0	84.0	102.0	103.0	82.0	79.0	72.0	77.0	91.0	82.0	88.0	95.0	97.0	104.0	100.0	123.0	116.0	72.0	107.0	104.0	127.0	122.0	110.0	136.0	112.0	136.0	162.0	125.0	121.0	129.0	95.0	117.0	155.0	150.0	149.0	168.0	137.0	171.0	159.0	144.0	209.0	159.0	179.0	190.0	203.0	218.0	224.0	222.0	225.0	241.0	219.0	129.0	112.0	134.0	138.0
86	20140912 17:58:36.587	1120.0	585.0	98.0	106.0	106.0	91.0	66.0	81.0	91.0	107.0	70.0	167.0	91.0	113.0	107.0	60.0	126.0	92.0	87.0	102.0	91.0	87.0	78.0	100.0	75.0	103.0	114.0	98.0	107.0	134.0	117.0	94.0	120.0	126.0	125.0	119.0	148.0	139.0	111.0	119.0	114.0	129.0	112.0	127.0	126.0	147.0	138.0	132.0	132.0	120.0	141.0	131.0	115.0	181.0	179.0	161.0	184.0	186.0	198.0	193.0	187.0	206.0	225.0	215.0	250.0	277.0	251.0	270.0	211.0	117.0	124.0	129.0	105.0
87	20140912 07:58:27.400	1119.0	578.0	85.0	108.0	90.0	104.0	123.0	97.0	100.0	102.0	134.0	85.0	119.0	100.0	96.0	107.0	131.0	87.0	79.0	82.0	121.0	84.0	99.0	89.0	110.0	100.0	117.0	111.0	136.0	120.0	147.0	114.0	139.0	124.0	139.0	152.0	128.0	144.0	150.0	147.0	156.0	141.0	148.0	180.0	155.0	201.0	160.0	134.0	221.0	157.0	180.0	219.0	213.0	269.0	220.0	248.0	293.0	191.0	276.0	249.0	204.0	206.0	257.0	242.0	195.0	227.0	162.0	192.0	170.0	132.0	110.0	147.0	150.0
88	20140912 08:58:30.386	268.0	574.0	135.0	122.0	100.0	94.0	106.0	66.0	72.0	105.0	96.0	118.0	88.0	109.0	124.0	89.0	94.0	80.0	94.0	77.0	73.0	99.0	75.0	106.0	67.0	84.0	87.0	95.0	67.0	58.0	83.0	92.0	96.0	79.0	71.0	90.0	81.0	111.0	59.0	64.0	100.0	86.0	101.0	117.0	104.0	121.0	171.0	140.0	128.0	119.0	150.0	138.0	91.0	128.0	110.0	137.0	100.0	129.0	113.0	111.0	110.0	128.0	137.0	263.0	192.0	250.0	221.0	258.0	212.0	119.0	110.0	122.0	135.0
89	20140912 07:58:27.400	272.0	573.0	147.0	100.0	78.0	93.0	91.0	95.0	94.0	103.0	62.0	113.0	121.0	98.0	69.0	72.0	71.0	94.0	66.0	76.0	103.0	72.0	92.0	92.0	113.0	106.0	100.0	67.0	72.0	130.0	103.0	112.0	83.0	98.0	92.0	104.0	92.0	117.0	90.0	84.0	128.0	101.0	118.0	134.0	99.0	162.0	132.0	139.0	96.0	128.0	151.0	141.0	132.0	142.0	114.0	174.0	172.0	143.0	148.0	135.0	145.0	183.0	225.0	239.0	199.0	260.0	246.0	249.0	217.0	94.0	102.0	80.0	103.0
90	20140912 11:58:27.995	679.0	562.0	123.0	109.0	82.0	131.0	114.0	88.0	128.0	109.0	108.0	87.0	89.0	107.0	128.0	75.0	98.0	87.0	77.0	97.0	94.0	124.0	91.0	84.0	116.0	112.0	118.0	85.0	115.0	102.0	74.0	112.0	82.0	91.0	111.0	101.0	119.0	109.0	99.0	119.0	122.0	121.0	113.0	114.0	99.0	122.0	139.0	121.0	170.0	131.0	138.0	113.0	151.0	171.0	198.0	184.0	166.0	176.0	145.0	171.0	178.0	185.0	214.0	145.0	190.0	156.0	210.0	255.0	206.0	155.0	159.0	176.0	179.0
91	20140912 17:58:36.587	677.0	562.0	128.0	107.0	88.0	131.0	103.0	110.0	98.0	99.0	108.0	87.0	109.0	113.0	109.0	90.0	98.0	87.0	103.0	97.0	86.0	90.0	91.0	79.0	112.0	114.0	94.0	92.0	93.0	102.0	78.0	112.0	80.0	107.0	119.0	101.0	111.0	100.0	93.0	119.0	122.0	121.0	101.0	94.0	99.0	94.0	125.0	121.0	157.0	131.0	127.0	117.0	151.0	171.0	171.0	184.0	155.0	161.0	143.0	171.0	178.0	185.0	214.0	145.0	190.0	156.0	210.0	255.0	206.0	155.0	159.0	128.0	157.0
92	20140912 07:58:27.400	1238.0	497.0	0.0	115.0	102.0	110.0	116.0	93.0	119.0	98.0	72.0	120.0	74.0	104.0	97.0	94.0	82.0	94.0	72.0	79.0	109.0	103.0	93.0	101.0	90.0	79.0	118.0	128.0	103.0	114.0	89.0	106.0	98.0	111.0	140.0	124.0	143.0	123.0	124.0	177.0	144.0	163.0	149.0	138.0	169.0	207.0	188.0	190.0	212.0	215.0	216.0	228.0	235.0	259.0	286.0	301.0	259.0	300.0	268.0	321.0	294.0	256.0	295.0	317.0	293.0	308.0	347.0	408.0	375.0	151.0	156.0	171.0	162.0
93	20140912 14:58:30.926	1234.0	497.0	0.0	122.0	82.0	99.0	87.0	94.0	104.0	108.0	65.0	68.0	76.0	110.0	99.0	72.0	106.0	75.0	89.0	103.0	89.0	83.0	74.0	125.0	81.0	86.0	85.0	79.0	89.0	115.0	92.0	93.0	102.0	106.0	88.0	98.0	101.0	111.0	109.0	99.0	123.0	129.0	136.0	115.0	136.0	163.0	155.0	140.0	191.0	173.0	138.0	210.0	179.0	169.0	199.0	226.0	216.0	211.0	249.0	253.0	256.0	262.0	258.0	264.0	281.0	309.0	317.0	393.0	352.0	104.0	141.0	145.0	136.0
94	20140911 18:58:35.608	387.0	493.0	144.0	109.0	60.0	87.0	118.0	114.0	100.0	76.0	84.0	91.0	80.0	97.0	96.0	102.0	85.0	86.0	65.0	99.0	117.0	89.0	75.0	86.0	112.0	93.0	80.0	82.0	106.0	73.0	157.0	122.0	170.0	147.0	150.0	174.0	153.0	181.0	187.0	147.0	155.0	154.0	169.0	183.0	160.0	176.0	194.0	159.0	195.0	183.0	165.0	177.0	134.0	208.0	163.0	185.0	172.0	170.0	186.0	186.0	163.0	182.0	257.0	273.0	224.0	225.0	189.0	237.0	235.0	93.0	89.0	118.0	102.0
95	20140911 16:58:32.297	391.0	492.0	82.0	103.0	75.0	86.0	116.0	79.0	86.0	95.0	89.0	108.0	58.0	102.0	130.0	102.0	78.0	77.0	98.0	88.0	91.0	96.0	130.0	79.0	95.0	93.0	106.0	88.0	91.0	104.0	168.0	158.0	163.0	180.0	181.0	173.0	169.0	165.0	168.0	191.0	158.0	197.0	174.0	217.0	190.0	199.0	193.0	178.0	219.0	141.0	169.0	186.0	149.0	193.0	194.0	177.0	198.0	187.0	168.0	215.0	189.0	205.0	272.0	261.0	257.0	275.0	176.0	238.0	236.0	81.0	135.0	164.0	98.0
96	20140912 11:58:27.995	648.0	484.0	112.0	106.0	112.0	78.0	116.0	104.0	116.0	75.0	100.0	87.0	94.0	119.0	148.0	101.0	114.0	111.0	102.0	129.0	109.0	127.0	83.0	102.0	138.0	128.0	154.0	138.0	147.0	149.0	156.0	165.0	153.0	146.0	165.0	178.0	153.0	150.0	199.0	157.0	194.0	193.0	145.0	168.0	180.0	204.0	189.0	186.0	244.0	231.0	213.0	277.0	267.0	327.0	325.0	348.0	381.0	304.0	298.0	294.0	259.0	286.0	393.0	324.0	280.0	329.0	260.0	271.0	291.0	89.0	91.0	112.0	91.0
97	20140912 11:58:27.995	658.0	482.0	98.0	146.0	86.0	132.0	112.0	119.0	77.0	72.0	101.0	107.0	98.0	111.0	116.0	117.0	121.0	114.0	86.0	117.0	141.0	132.0	128.0	146.0	159.0	136.0	181.0	147.0	152.0	158.0	167.0	150.0	160.0	193.0	192.0	215.0	161.0	193.0	178.0	177.0	182.0	170.0	147.0	204.0	192.0	205.0	224.0	176.0	271.0	207.0	241.0	299.0	291.0	350.0	344.0	379.0	384.0	321.0	348.0	338.0	313.0	315.0	387.0	350.0	268.0	329.0	287.0	352.0	257.0	94.0	104.0	109.0	91.0
98	20140912 17:58:36.587	506.0	451.0	91.0	73.0	99.0	84.0	70.0	102.0	110.0	73.0	79.0	83.0	83.0	86.0	117.0	93.0	81.0	98.0	75.0	79.0	93.0	87.0	87.0	72.0	111.0	116.0	99.0	103.0	95.0	93.0	94.0	115.0	97.0	98.0	125.0	144.0	114.0	128.0	134.0	158.0	132.0	131.0	133.0	113.0	150.0	175.0	131.0	170.0	172.0	151.0	129.0	184.0	148.0	238.0	214.0	244.0	234.0	246.0	246.0	308.0	246.0	224.0	294.0	283.0	231.0	234.0	216.0	188.0	190.0	101.0	108.0	117.0	97.0
99	20140912 17:58:36.587	510.0	449.0	75.0	155.0	90.0	97.0	83.0	101.0	89.0	106.0	76.0	97.0	88.0	96.0	113.0	80.0	90.0	82.0	87.0	87.0	93.0	97.0	88.0	95.0	129.0	115.0	120.0	105.0	118.0	134.0	122.0	128.0	109.0	139.0	141.0	153.0	152.0	154.0	141.0	146.0	135.0	154.0	156.0	123.0	137.0	151.0	156.0	160.0	174.0	151.0	157.0	178.0	169.0	230.0	241.0	280.0	270.0	261.0	344.0	295.0	312.0	278.0	316.0	301.0	205.0	193.0	227.0	169.0	189.0	101.0	88.0	128.0	96.0
100	20140912 03:58:27.144	471.0	449.0	174.0	90.0	95.0	133.0	105.0	107.0	73.0	80.0	109.0	99.0	99.0	108.0	109.0	101.0	89.0	83.0	85.0	92.0	86.0	82.0	73.0	89.0	88.0	117.0	79.0	88.0	82.0	127.0	140.0	106.0	108.0	125.0	135.0	116.0	156.0	137.0	134.0	145.0	148.0	192.0	161.0	165.0	192.0	168.0	210.0	194.0	198.0	188.0	205.0	168.0	217.0	250.0	235.0	239.0	277.0	266.0	198.0	191.0	198.0	161.0	239.0	208.0	196.0	247.0	171.0	201.0	179.0	106.0	135.0	141.0	124.0
101	20140912 03:58:27.144	467.0	449.0	135.0	110.0	111.0	95.0	87.0	111.0	110.0	116.0	128.0	81.0	101.0	96.0	93.0	103.0	86.0	66.0	71.0	90.0	95.0	96.0	110.0	110.0	85.0	95.0	72.0	92.0	82.0	113.0	85.0	96.0	84.0	106.0	126.0	102.0	126.0	148.0	149.0	145.0	148.0	173.0	123.0	155.0	167.0	159.0	169.0	197.0	161.0	139.0	193.0	168.0	168.0	215.0	177.0	233.0	234.0	208.0	183.0	207.0	180.0	158.0	224.0	186.0	190.0	220.0	153.0	173.0	155.0	129.0	126.0	169.0	138.0
102	20140912 23:58:34.896	551.0	448.0	130.0	92.0	113.0	100.0	145.0	108.0	100.0	95.0	99.0	97.0	78.0	87.0	97.0	110.0	85.0	79.0	115.0	87.0	114.0	93.0	112.0	109.0	91.0	89.0	122.0	90.0	83.0	80.0	109.0	107.0	99.0	89.0	106.0	111.0	106.0	116.0	109.0	139.0	123.0	147.0	164.0	168.0	170.0	155.0	202.0	191.0	184.0	221.0	212.0	194.0	171.0	180.0	201.0	188.0	212.0	219.0	190.0	287.0	267.0	258.0	240.0	259.0	314.0	221.0	301.0	377.0	322.0	131.0	104.0	137.0	119.0
103	20140912 08:58:30.386	551.0	445.0	130.0	119.0	95.0	106.0	143.0	143.0	115.0	115.0	113.0	97.0	78.0	90.0	71.0	77.0	80.0	90.0	97.0	81.0	110.0	86.0	112.0	92.0	91.0	101.0	122.0	115.0	76.0	131.0	109.0	125.0	103.0	106.0	127.0	111.0	128.0	144.0	131.0	177.0	118.0	147.0	164.0	168.0	167.0	159.0	213.0	197.0	207.0	221.0	212.0	194.0	167.0	180.0	194.0	185.0	194.0	215.0	187.0	250.0	251.0	230.0	233.0	259.0	298.0	216.0	273.0	322.0	293.0	108.0	123.0	195.0	163.0
104	20140912 17:58:36.587	673.0	442.0	144.0	110.0	103.0	118.0	103.0	136.0	106.0	120.0	96.0	86.0	102.0	121.0	128.0	86.0	73.0	92.0	81.0	98.0	105.0	93.0	76.0	92.0	83.0	115.0	112.0	104.0	104.0	119.0	105.0	110.0	99.0	88.0	100.0	102.0	104.0	87.0	119.0	116.0	85.0	142.0	131.0	143.0	166.0	156.0	198.0	183.0	211.0	189.0	190.0	212.0	196.0	230.0	229.0	244.0	250.0	238.0	247.0	259.0	264.0	253.0	258.0	271.0	227.0	243.0	325.0	368.0	338.0	102.0	147.0	153.0	152.0
105	20140913 00:58:31.648	670.0	442.0	114.0	110.0	117.0	89.0	104.0	88.0	115.0	119.0	102.0	114.0	96.0	121.0	107.0	83.0	86.0	89.0	72.0	120.0	96.0	86.0	77.0	89.0	78.0	102.0	91.0	94.0	90.0	103.0	91.0	93.0	101.0	98.0	100.0	85.0	75.0	79.0	91.0	109.0	86.0	111.0	138.0	125.0	160.0	138.0	182.0	175.0	211.0	148.0	161.0	191.0	196.0	211.0	183.0	220.0	215.0	182.0	216.0	200.0	227.0	253.0	240.0	247.0	227.0	249.0	325.0	368.0	309.0	124.0	140.0	121.0	143.0
106	20140912 01:58:33.208	147.0	421.0	131.0	108.0	91.0	126.0	95.0	91.0	110.0	99.0	92.0	115.0	101.0	82.0	118.0	89.0	62.0	91.0	91.0	90.0	98.0	82.0	75.0	90.0	96.0	88.0	110.0	84.0	81.0	81.0	76.0	112.0	91.0	114.0	69.0	119.0	95.0	104.0	111.0	147.0	130.0	126.0	105.0	124.0	132.0	132.0	145.0	103.0	129.0	154.0	168.0	168.0	179.0	151.0	177.0	191.0	173.0	169.0	164.0	152.0	183.0	200.0	176.0	183.0	215.0	175.0	192.0	201.0	206.0	149.0	116.0	164.0	119.0
107	20140912 01:58:33.208	145.0	421.0	131.0	102.0	91.0	126.0	124.0	84.0	100.0	99.0	61.0	115.0	94.0	88.0	118.0	89.0	106.0	78.0	113.0	104.0	95.0	71.0	107.0	90.0	85.0	88.0	106.0	90.0	90.0	96.0	86.0	112.0	91.0	95.0	69.0	106.0	75.0	104.0	115.0	141.0	123.0	108.0	99.0	90.0	128.0	92.0	109.0	103.0	126.0	154.0	168.0	168.0	143.0	141.0	172.0	178.0	160.0	169.0	165.0	147.0	169.0	200.0	176.0	176.0	215.0	175.0	186.0	201.0	206.0	149.0	113.0	110.0	119.0
108	20140912 11:58:27.995	349.0	416.0	131.0	142.0	101.0	119.0	142.0	103.0	93.0	128.0	110.0	104.0	117.0	92.0	134.0	88.0	90.0	89.0	84.0	78.0	111.0	93.0	103.0	103.0	82.0	85.0	107.0	89.0	103.0	120.0	84.0	108.0	127.0	86.0	101.0	98.0	91.0	115.0	99.0	97.0	116.0	153.0	89.0	125.0	91.0	125.0	167.0	178.0	269.0	251.0	282.0	282.0	201.0	286.0	247.0	316.0	279.0	243.0	264.0	243.0	253.0	263.0	285.0	234.0	236.0	296.0	243.0	241.0	210.0	130.0	108.0	168.0	158.0
109	20140912 03:58:27.144	349.0	413.0	134.0	110.0	84.0	83.0	142.0	104.0	110.0	98.0	110.0	94.0	110.0	84.0	96.0	88.0	81.0	82.0	96.0	83.0	82.0	95.0	83.0	90.0	71.0	93.0	120.0	88.0	113.0	120.0	121.0	121.0	127.0	130.0	118.0	122.0	120.0	140.0	119.0	100.0	136.0	185.0	99.0	125.0	151.0	146.0	177.0	169.0	289.0	251.0	282.0	282.0	202.0	286.0	247.0	282.0	279.0	243.0	264.0	226.0	243.0	263.0	282.0	227.0	220.0	237.0	198.0	209.0	205.0	122.0	107.0	168.0	137.0
110	20140912 11:58:27.995	146.0	380.0	137.0	106.0	110.0	99.0	98.0	132.0	120.0	99.0	113.0	82.0	95.0	98.0	84.0	111.0	82.0	114.0	88.0	78.0	87.0	68.0	85.0	85.0	78.0	80.0	98.0	83.0	73.0	83.0	85.0	75.0	89.0	105.0	95.0	78.0	113.0	84.0	89.0	121.0	92.0	83.0	173.0	221.0	211.0	176.0	227.0	215.0	272.0	217.0	232.0	241.0	282.0	289.0	379.0	396.0	393.0	417.0	378.0	341.0	310.0	272.0	248.0	294.0	259.0	235.0	258.0	247.0	255.0	141.0	135.0	134.0	168.0
111	20140912 11:58:27.995	143.0	380.0	113.0	103.0	86.0	96.0	113.0	111.0	130.0	94.0	67.0	69.0	90.0	102.0	104.0	136.0	96.0	114.0	88.0	84.0	91.0	76.0	85.0	103.0	104.0	100.0	98.0	101.0	67.0	75.0	79.0	76.0	89.0	107.0	85.0	90.0	79.0	106.0	101.0	100.0	102.0	103.0	171.0	221.0	211.0	163.0	227.0	215.0	258.0	202.0	215.0	235.0	282.0	270.0	353.0	355.0	380.0	402.0	357.0	337.0	274.0	272.0	238.0	261.0	259.0	235.0	258.0	228.0	255.0	143.0	125.0	159.0	161.0
112	20140912 08:58:30.386	387.0	374.0	118.0	97.0	93.0	101.0	102.0	100.0	108.0	101.0	110.0	132.0	94.0	119.0	91.0	95.0	100.0	103.0	94.0	77.0	97.0	90.0	83.0	81.0	107.0	104.0	115.0	94.0	114.0	97.0	97.0	107.0	98.0	110.0	122.0	96.0	127.0	96.0	147.0	143.0	125.0	164.0	145.0	165.0	155.0	142.0	187.0	194.0	236.0	144.0	220.0	191.0	181.0	216.0	195.0	220.0	231.0	197.0	205.0	205.0	195.0	215.0	239.0	237.0	225.0	282.0	258.0	275.0	255.0	104.0	132.0	129.0	126.0
115	20140912 03:58:27.144	387.0	371.0	125.0	117.0	108.0	86.0	132.0	90.0	108.0	129.0	109.0	111.0	94.0	95.0	103.0	84.0	109.0	103.0	94.0	98.0	95.0	70.0	94.0	103.0	107.0	124.0	115.0	94.0	130.0	115.0	89.0	102.0	100.0	116.0	122.0	126.0	144.0	151.0	146.0	144.0	138.0	169.0	147.0	165.0	155.0	142.0	187.0	194.0	239.0	149.0	220.0	191.0	180.0	209.0	195.0	220.0	231.0	191.0	203.0	186.0	185.0	215.0	225.0	237.0	225.0	237.0	248.0	262.0	242.0	115.0	107.0	106.0	101.0
116	20140913 03:58:28.328	586.0	368.0	134.0	121.0	76.0	100.0	94.0	114.0	97.0	90.0	80.0	63.0	88.0	80.0	93.0	98.0	91.0	76.0	72.0	98.0	75.0	79.0	90.0	103.0	99.0	85.0	109.0	86.0	84.0	121.0	101.0	94.0	110.0	101.0	104.0	105.0	110.0	129.0	165.0	130.0	134.0	138.0	134.0	140.0	154.0	163.0	163.0	158.0	190.0	179.0	136.0	204.0	172.0	171.0	190.0	216.0	179.0	199.0	159.0	203.0	196.0	175.0	255.0	219.0	238.0	259.0	276.0	379.0	295.0	128.0	112.0	155.0	110.0
117	20140912 07:58:27.400	547.0	368.0	114.0	89.0	102.0	90.0	91.0	142.0	122.0	91.0	86.0	88.0	87.0	107.0	79.0	87.0	94.0	109.0	80.0	93.0	51.0	81.0	92.0	95.0	83.0	92.0	88.0	89.0	105.0	115.0	90.0	90.0	84.0	97.0	113.0	104.0	91.0	148.0	140.0	128.0	143.0	155.0	165.0	160.0	156.0	205.0	224.0	211.0	231.0	196.0	198.0	152.0	164.0	203.0	214.0	203.0	212.0	248.0	161.0	194.0	253.0	178.0	195.0	211.0	223.0	237.0	237.0	280.0	224.0	129.0	107.0	115.0	107.0
118	20140912 17:58:36.587	589.0	367.0	110.0	134.0	88.0	98.0	104.0	114.0	100.0	105.0	82.0	84.0	80.0	104.0	112.0	98.0	86.0	79.0	92.0	90.0	73.0	97.0	105.0	110.0	87.0	98.0	84.0	102.0	83.0	134.0	107.0	107.0	124.0	143.0	126.0	128.0	158.0	149.0	165.0	142.0	165.0	138.0	134.0	175.0	154.0	197.0	181.0	152.0	188.0	191.0	156.0	204.0	198.0	233.0	214.0	227.0	194.0	199.0	190.0	211.0	213.0	183.0	269.0	219.0	238.0	259.0	276.0	379.0	295.0	106.0	98.0	155.0	112.0
119	20140911 23:58:36.99	550.0	368.0	130.0	106.0	87.0	78.0	89.0	104.0	122.0	94.0	99.0	87.0	116.0	110.0	97.0	89.0	89.0	101.0	117.0	85.0	63.0	90.0	98.0	111.0	105.0	95.0	88.0	73.0	126.0	115.0	81.0	102.0	131.0	116.0	136.0	128.0	82.0	170.0	140.0	125.0	143.0	155.0	165.0	162.0	156.0	205.0	224.0	211.0	242.0	178.0	192.0	158.0	134.0	203.0	200.0	193.0	191.0	248.0	201.0	194.0	253.0	188.0	200.0	213.0	193.0	237.0	221.0	268.0	220.0	101.0	135.0	114.0	125.0
120	20140912 04:58:27.772	563.0	367.0	117.0	77.0	115.0	76.0	117.0	80.0	103.0	97.0	56.0	83.0	97.0	80.0	103.0	91.0	67.0	57.0	83.0	86.0	100.0	81.0	113.0	82.0	98.0	74.0	92.0	60.0	86.0	71.0	88.0	93.0	95.0	74.0	91.0	118.0	84.0	85.0	90.0	75.0	75.0	100.0	181.0	212.0	214.0	239.0	109.0	76.0	123.0	97.0	89.0	89.0	79.0	69.0	108.0	95.0	114.0	88.0	102.0	73.0	94.0	105.0	86.0	98.0	68.0	83.0	84.0	69.0	84.0	85.0	120.0	78.0	101.0
121	20140910 13:46:26.290	628.0	366.0	119.0	110.0	104.0	70.0	83.0	142.0	96.0	74.0	85.0	93.0	91.0	91.0	80.0	75.0	84.0	80.0	80.0	93.0	85.0	95.0	91.0	95.0	91.0	102.0	90.0	88.0	90.0	100.0	86.0	105.0	76.0	93.0	100.0	91.0	108.0	105.0	89.0	87.0	95.0	110.0	96.0	114.0	102.0	105.0	112.0	140.0	111.0	120.0	119.0	120.0	97.0	138.0	126.0	178.0	125.0	137.0	132.0	137.0	149.0	117.0	109.0	101.0	108.0	156.0	132.0	199.0	147.0	146.0	135.0	158.0	142.0
122	20140910 13:46:26.290	626.0	366.0	108.0	107.0	100.0	70.0	111.0	164.0	96.0	74.0	104.0	93.0	84.0	93.0	80.0	75.0	84.0	80.0	87.0	93.0	85.0	95.0	91.0	84.0	91.0	97.0	90.0	88.0	89.0	100.0	86.0	105.0	100.0	82.0	90.0	78.0	108.0	88.0	89.0	86.0	90.0	110.0	96.0	112.0	78.0	105.0	114.0	134.0	90.0	117.0	119.0	118.0	94.0	138.0	126.0	178.0	125.0	134.0	129.0	137.0	149.0	107.0	124.0	100.0	104.0	156.0	132.0	199.0	147.0	138.0	135.0	120.0	142.0
123	20140912 04:58:27.772	568.0	365.0	124.0	82.0	72.0	86.0	64.0	78.0	99.0	65.0	86.0	103.0	85.0	95.0	79.0	70.0	70.0	61.0	106.0	62.0	96.0	74.0	105.0	62.0	87.0	97.0	78.0	126.0	88.0	109.0	78.0	70.0	70.0	91.0	86.0	83.0	84.0	100.0	61.0	89.0	70.0	90.0	176.0	231.0	202.0	239.0	87.0	90.0	68.0	81.0	77.0	62.0	75.0	92.0	94.0	80.0	90.0	95.0	95.0	76.0	79.0	89.0	106.0	74.0	90.0	80.0	76.0	102.0	67.0	100.0	120.0	113.0	77.0
124	20140912 08:58:30.386	535.0	361.0	135.0	108.0	103.0	90.0	119.0	90.0	78.0	77.0	86.0	101.0	86.0	93.0	73.0	76.0	97.0	89.0	102.0	64.0	70.0	103.0	92.0	63.0	63.0	111.0	57.0	98.0	82.0	68.0	86.0	110.0	85.0	92.0	68.0	92.0	86.0	69.0	98.0	112.0	69.0	79.0	86.0	91.0	83.0	73.0	273.0	258.0	343.0	69.0	71.0	74.0	55.0	62.0	85.0	78.0	94.0	93.0	115.0	108.0	103.0	89.0	89.0	107.0	93.0	72.0	116.0	123.0	84.0	112.0	93.0	175.0	94.0
125	20140912 08:58:30.386	535.0	354.0	97.0	112.0	70.0	75.0	96.0	102.0	83.0	83.0	81.0	109.0	97.0	105.0	79.0	103.0	71.0	62.0	76.0	95.0	59.0	84.0	72.0	104.0	83.0	87.0	66.0	74.0	70.0	86.0	85.0	77.0	85.0	106.0	85.0	87.0	69.0	98.0	77.0	83.0	87.0	63.0	77.0	82.0	81.0	69.0	280.0	243.0	290.0	78.0	75.0	67.0	90.0	76.0	79.0	79.0	76.0	95.0	70.0	80.0	65.0	78.0	95.0	84.0	64.0	77.0	81.0	86.0	68.0	90.0	99.0	108.0	90.0
126	20140910 19:58:26.857	290.0	340.0	102.0	77.0	105.0	118.0	110.0	85.0	96.0	94.0	75.0	76.0	88.0	152.0	219.0	207.0	227.0	90.0	101.0	78.0	104.0	86.0	95.0	99.0	127.0	86.0	85.0	80.0	95.0	75.0	85.0	98.0	99.0	68.0	112.0	81.0	75.0	89.0	93.0	63.0	106.0	88.0	88.0	78.0	89.0	115.0	66.0	116.0	90.0	75.0	125.0	101.0	81.0	105.0	128.0	95.0	98.0	82.0	84.0	64.0	108.0	93.0	75.0	121.0	76.0	122.0	76.0	86.0	105.0	93.0	92.0	94.0	100.0
127	20140910 19:58:26.857	286.0	338.0	83.0	72.0	74.0	104.0	116.0	94.0	106.0	120.0	89.0	75.0	63.0	187.0	158.0	174.0	194.0	94.0	115.0	77.0	87.0	89.0	94.0	92.0	113.0	109.0	119.0	66.0	80.0	91.0	78.0	100.0	74.0	81.0	93.0	94.0	110.0	105.0	61.0	87.0	103.0	73.0	83.0	74.0	93.0	96.0	109.0	96.0	80.0	99.0	90.0	86.0	105.0	99.0	132.0	96.0	87.0	77.0	107.0	105.0	104.0	89.0	85.0	116.0	107.0	80.0	104.0	115.0	90.0	76.0	71.0	103.0	97.0
128	20140911 07:58:25.484	701.0	323.0	147.0	90.0	83.0	93.0	94.0	107.0	93.0	78.0	81.0	95.0	137.0	121.0	107.0	110.0	131.0	106.0	118.0	112.0	115.0	155.0	107.0	132.0	129.0	102.0	106.0	127.0	163.0	147.0	201.0	171.0	174.0	190.0	118.0	127.0	93.0	72.0	77.0	90.0	81.0	91.0	74.0	76.0	83.0	81.0	80.0	71.0	91.0	86.0	108.0	84.0	117.0	92.0	97.0	115.0	127.0	121.0	84.0	95.0	95.0	99.0	83.0	82.0	91.0	100.0	80.0	90.0	77.0	105.0	118.0	103.0	126.0
129	20140910 20:58:27.873	707.0	322.0	58.0	127.0	106.0	111.0	77.0	100.0	103.0	111.0	91.0	123.0	131.0	108.0	153.0	117.0	101.0	102.0	100.0	119.0	126.0	137.0	132.0	138.0	210.0	180.0	206.0	130.0	163.0	183.0	175.0	157.0	200.0	177.0	101.0	75.0	67.0	82.0	94.0	71.0	79.0	101.0	90.0	80.0	103.0	79.0	74.0	93.0	70.0	91.0	81.0	82.0	110.0	100.0	93.0	71.0	96.0	80.0	105.0	100.0	71.0	100.0	80.0	95.0	76.0	90.0	70.0	98.0	121.0	108.0	109.0	119.0	100.0
130	20140912 20:58:31.286	459.0	290.0	88.0	123.0	93.0	97.0	148.0	99.0	154.0	132.0	105.0	101.0	111.0	143.0	140.0	151.0	161.0	133.0	124.0	120.0	151.0	142.0	108.0	127.0	143.0	137.0	107.0	129.0	157.0	188.0	143.0	169.0	165.0	158.0	150.0	147.0	182.0	165.0	184.0	161.0	174.0	180.0	169.0	194.0	183.0	168.0	188.0	182.0	194.0	173.0	207.0	185.0	213.0	211.0	224.0	235.0	261.0	188.0	242.0	262.0	220.0	280.0	345.0	385.0	286.0	306.0	303.0	290.0	273.0	127.0	121.0	137.0	112.0
131	20140912 19:58:31.298	455.0	290.0	88.0	113.0	91.0	117.0	127.0	92.0	108.0	96.0	96.0	84.0	112.0	130.0	125.0	95.0	118.0	105.0	102.0	131.0	105.0	102.0	97.0	95.0	126.0	118.0	123.0	119.0	106.0	159.0	145.0	137.0	156.0	137.0	148.0	192.0	113.0	169.0	181.0	151.0	164.0	173.0	159.0	210.0	164.0	178.0	191.0	137.0	207.0	175.0	188.0	200.0	198.0	208.0	188.0	247.0	257.0	191.0	202.0	261.0	226.0	288.0	379.0	339.0	291.0	285.0	277.0	313.0	260.0	119.0	131.0	131.0	127.0
132	20140912 05:58:32.870	738.0	281.0	107.0	84.0	98.0	68.0	90.0	92.0	96.0	97.0	77.0	106.0	105.0	87.0	117.0	109.0	95.0	75.0	106.0	90.0	118.0	75.0	99.0	86.0	83.0	108.0	97.0	80.0	122.0	81.0	121.0	138.0	166.0	155.0	143.0	146.0	139.0	167.0	122.0	147.0	157.0	148.0	165.0	209.0	225.0	238.0	257.0	254.0	248.0	241.0	242.0	260.0	221.0	240.0	232.0	264.0	246.0	255.0	255.0	245.0	267.0	245.0	286.0	289.0	238.0	273.0	254.0	268.0	210.0	107.0	118.0	125.0	98.0
133	20140912 06:58:28.537	728.0	281.0	105.0	66.0	87.0	77.0	58.0	83.0	121.0	95.0	83.0	118.0	84.0	87.0	60.0	67.0	74.0	77.0	88.0	73.0	98.0	87.0	98.0	83.0	111.0	75.0	82.0	90.0	96.0	94.0	123.0	123.0	126.0	129.0	143.0	127.0	122.0	161.0	116.0	132.0	131.0	161.0	157.0	163.0	258.0	275.0	277.0	268.0	295.0	202.0	247.0	237.0	194.0	287.0	228.0	248.0	237.0	213.0	204.0	237.0	242.0	221.0	316.0	283.0	246.0	257.0	201.0	235.0	228.0	72.0	99.0	116.0	98.0
134	20140912 11:58:27.995	138.0	226.0	118.0	88.0	128.0	81.0	118.0	100.0	96.0	71.0	72.0	101.0	90.0	120.0	127.0	95.0	76.0	99.0	97.0	116.0	103.0	106.0	114.0	131.0	117.0	125.0	117.0	105.0	104.0	168.0	148.0	134.0	152.0	150.0	139.0	158.0	168.0	148.0	156.0	138.0	126.0	166.0	134.0	181.0	158.0	152.0	174.0	162.0	197.0	184.0	221.0	181.0	208.0	258.0	239.0	300.0	218.0	200.0	173.0	207.0	203.0	195.0	224.0	239.0	218.0	178.0	193.0	186.0	185.0	149.0	141.0	139.0	132.0
135	20140912 11:58:27.995	133.0	225.0	152.0	98.0	109.0	96.0	112.0	95.0	102.0	110.0	111.0	106.0	113.0	117.0	124.0	93.0	89.0	93.0	112.0	100.0	95.0	109.0	108.0	109.0	98.0	109.0	127.0	110.0	91.0	138.0	127.0	145.0	147.0	117.0	172.0	122.0	114.0	138.0	143.0	137.0	137.0	155.0	143.0	127.0	150.0	149.0	140.0	154.0	186.0	156.0	192.0	189.0	199.0	235.0	257.0	246.0	195.0	163.0	161.0	189.0	184.0	188.0	221.0	197.0	181.0	221.0	183.0	167.0	156.0	123.0	128.0	125.0	133.0
136	20140912 06:58:28.537	136.0	219.0	137.0	131.0	129.0	121.0	141.0	123.0	156.0	115.0	134.0	114.0	137.0	103.0	99.0	116.0	88.0	91.0	123.0	99.0	116.0	101.0	137.0	139.0	119.0	115.0	96.0	134.0	126.0	118.0	150.0	143.0	140.0	128.0	132.0	149.0	126.0	148.0	141.0	114.0	142.0	127.0	124.0	131.0	172.0	155.0	146.0	154.0	166.0	150.0	167.0	163.0	212.0	225.0	214.0	245.0	175.0	169.0	140.0	202.0	152.0	160.0	159.0	173.0	148.0	145.0	165.0	163.0	165.0	115.0	112.0	160.0	125.0
137	20140912 21:58:32.27	1299.0	215.0	0.0	0.0	0.0	0.0	0.0	0.0	0.0	0.0	0.0	0.0	0.0	0.0	0.0	0.0	0.0	0.0	0.0	0.0	0.0	0.0	0.0	0.0	0.0	0.0	0.0	0.0	0.0	0.0	0.0	0.0	0.0	0.0	0.0	0.0	0.0	0.0	0.0	1.0	15.0	95.0	64.0	88.0	91.0	64.0	88.0	84.0	134.0	114.0	130.0	112.0	98.0	121.0	100.0	153.0	181.0	187.0	218.0	240.0	232.0	229.0	370.0	251.0	260.0	315.0	253.0	272.0	214.0	117.0	105.0	106.0	99.0
138	20140912 11:58:27.995	136.0	217.0	137.0	131.0	129.0	120.0	141.0	116.0	156.0	109.0	134.0	113.0	116.0	106.0	104.0	116.0	86.0	113.0	123.0	88.0	97.0	120.0	113.0	112.0	114.0	98.0	110.0	125.0	129.0	105.0	123.0	126.0	110.0	127.0	123.0	142.0	126.0	143.0	141.0	114.0	140.0	114.0	110.0	128.0	144.0	155.0	123.0	142.0	166.0	149.0	166.0	163.0	185.0	215.0	197.0	224.0	157.0	163.0	129.0	170.0	115.0	142.0	133.0	115.0	130.0	138.0	139.0	115.0	158.0	115.0	115.0	160.0	125.0
139	20140912 22:58:32.88	1303.0	215.0	0.0	0.0	0.0	0.0	0.0	0.0	0.0	0.0	0.0	0.0	0.0	0.0	0.0	0.0	0.0	0.0	0.0	0.0	0.0	0.0	0.0	0.0	0.0	0.0	0.0	0.0	0.0	0.0	0.0	0.0	0.0	0.0	0.0	0.0	0.0	0.0	0.0	0.0	0.0	0.0	0.0	1.0	3.0	1.0	1.0	11.0	125.0	84.0	87.0	12.0	26.0	3.0	2.0	42.0	147.0	171.0	222.0	217.0	229.0	241.0	367.0	237.0	289.0	262.0	229.0	289.0	204.0	119.0	98.0	113.0	98.0
140	20140913 01:58:29.146	576.0	205.0	109.0	132.0	132.0	79.0	133.0	92.0	111.0	102.0	76.0	100.0	79.0	95.0	114.0	111.0	74.0	78.0	99.0	70.0	74.0	106.0	112.0	95.0	84.0	62.0	94.0	78.0	102.0	95.0	103.0	103.0	78.0	85.0	104.0	86.0	115.0	122.0	95.0	117.0	90.0	132.0	138.0	134.0	114.0	108.0	141.0	113.0	167.0	132.0	134.0	148.0	166.0	181.0	174.0	177.0	184.0	156.0	184.0	170.0	178.0	214.0	361.0	296.0	304.0	279.0	206.0	200.0	287.0	104.0	94.0	111.0	156.0
141	20140913 03:58:28.328	572.0	205.0	82.0	106.0	89.0	119.0	85.0	95.0	91.0	110.0	86.0	91.0	103.0	96.0	115.0	74.0	84.0	92.0	77.0	79.0	75.0	77.0	109.0	68.0	98.0	62.0	85.0	95.0	81.0	111.0	78.0	93.0	113.0	106.0	92.0	101.0	111.0	117.0	89.0	114.0	112.0	121.0	102.0	132.0	102.0	126.0	135.0	117.0	155.0	155.0	146.0	153.0	137.0	179.0	139.0	182.0	199.0	147.0	175.0	198.0	209.0	188.0	365.0	306.0	286.0	302.0	202.0	169.0	215.0	92.0	133.0	97.0	95.0
142	20140912 03:58:27.144	134.0	183.0	0.0	113.0	116.0	102.0	139.0	76.0	103.0	87.0	85.0	104.0	98.0	97.0	133.0	81.0	94.0	91.0	102.0	92.0	94.0	99.0	83.0	95.0	96.0	76.0	109.0	109.0	99.0	134.0	86.0	129.0	85.0	89.0	90.0	106.0	98.0	103.0	110.0	143.0	119.0	149.0	183.0	150.0	190.0	183.0	155.0	230.0	190.0	213.0	234.0	191.0	234.0	213.0	200.0	242.0	215.0	233.0	178.0	255.0	198.0	273.0	198.0	239.0	294.0	203.0	245.0	279.0	249.0	100.0	130.0	167.0	175.0
143	20140912 03:58:27.144	132.0	183.0	0.0	108.0	115.0	69.0	136.0	84.0	103.0	87.0	95.0	104.0	80.0	97.0	133.0	91.0	91.0	85.0	108.0	92.0	94.0	74.0	91.0	89.0	79.0	61.0	104.0	109.0	98.0	92.0	86.0	110.0	75.0	89.0	90.0	106.0	86.0	103.0	110.0	114.0	119.0	149.0	183.0	149.0	176.0	183.0	155.0	189.0	181.0	213.0	216.0	191.0	205.0	197.0	200.0	242.0	178.0	233.0	164.0	244.0	190.0	256.0	198.0	239.0	294.0	203.0	245.0	279.0	249.0	141.0	133.0	150.0	175.0
144	20140912 11:58:27.995	331.0	182.0	0.0	105.0	98.0	100.0	90.0	73.0	113.0	98.0	91.0	77.0	70.0	122.0	97.0	87.0	80.0	90.0	92.0	71.0	106.0	87.0	75.0	116.0	96.0	82.0	105.0	85.0	111.0	97.0	106.0	101.0	76.0	78.0	116.0	121.0	132.0	97.0	107.0	111.0	111.0	117.0	114.0	129.0	132.0	148.0	141.0	128.0	169.0	128.0	155.0	164.0	158.0	144.0	136.0	154.0	156.0	190.0	158.0	184.0	172.0	157.0	194.0	181.0	174.0	226.0	305.0	315.0	273.0	96.0	107.0	115.0	124.0
145	20140912 11:58:27.995	335.0	181.0	0.0	112.0	106.0	115.0	92.0	116.0	109.0	108.0	103.0	89.0	102.0	110.0	112.0	75.0	86.0	77.0	73.0	97.0	111.0	101.0	68.0	83.0	89.0	95.0	81.0	105.0	76.0	124.0	97.0	84.0	80.0	106.0	125.0	106.0	130.0	85.0	112.0	130.0	106.0	108.0	104.0	146.0	111.0	145.0	133.0	145.0	183.0	130.0	154.0	159.0	156.0	175.0	160.0	177.0	189.0	162.0	181.0	200.0	186.0	158.0	184.0	197.0	181.0	265.0	291.0	319.0	242.0	104.0	133.0	111.0	134.0
146	20140912 01:58:33.208	457.0	173.0	0.0	123.0	110.0	96.0	138.0	129.0	100.0	91.0	93.0	96.0	92.0	100.0	82.0	93.0	93.0	92.0	112.0	74.0	75.0	82.0	110.0	72.0	95.0	93.0	121.0	96.0	77.0	100.0	66.0	95.0	101.0	120.0	131.0	130.0	128.0	139.0	136.0	171.0	200.0	141.0	175.0	199.0	163.0	193.0	196.0	142.0	194.0	204.0	201.0	209.0	186.0	228.0	234.0	218.0	245.0	238.0	248.0	228.0	260.0	227.0	293.0	206.0	223.0	306.0	268.0	309.0	286.0	121.0	152.0	137.0	144.0
147	20140912 04:58:27.772	454.0	174.0	0.0	123.0	84.0	97.0	142.0	119.0	88.0	91.0	93.0	88.0	100.0	89.0	83.0	94.0	106.0	73.0	100.0	116.0	105.0	85.0	109.0	75.0	90.0	70.0	76.0	72.0	73.0	83.0	80.0	90.0	112.0	120.0	101.0	98.0	111.0	115.0	137.0	122.0	136.0	141.0	169.0	199.0	146.0	174.0	173.0	145.0	159.0	157.0	201.0	189.0	186.0	213.0	179.0	199.0	245.0	231.0	229.0	228.0	259.0	227.0	293.0	206.0	223.0	306.0	268.0	309.0	308.0	111.0	134.0	100.0	144.0
148	20140912 17:58:36.587	332.0	174.0	0.0	136.0	106.0	97.0	91.0	124.0	83.0	90.0	115.0	94.0	93.0	89.0	86.0	110.0	127.0	85.0	101.0	74.0	93.0	92.0	106.0	93.0	85.0	96.0	72.0	120.0	89.0	97.0	83.0	104.0	90.0	88.0	116.0	104.0	124.0	120.0	141.0	108.0	108.0	137.0	115.0	129.0	135.0	125.0	143.0	136.0	133.0	137.0	149.0	133.0	113.0	172.0	152.0	189.0	173.0	162.0	164.0	184.0	165.0	138.0	208.0	234.0	198.0	237.0	243.0	309.0	238.0	116.0	124.0	120.0	141.0
149	20140912 00:58:29.161	333.0	171.0	0.0	84.0	113.0	105.0	93.0	119.0	105.0	105.0	100.0	83.0	96.0	98.0	102.0	101.0	86.0	85.0	105.0	74.0	96.0	104.0	84.0	95.0	86.0	84.0	94.0	98.0	93.0	96.0	109.0	79.0	104.0	118.0	116.0	114.0	125.0	139.0	141.0	127.0	109.0	153.0	115.0	125.0	131.0	121.0	164.0	136.0	132.0	138.0	153.0	145.0	118.0	171.0	139.0	159.0	164.0	149.0	190.0	155.0	160.0	118.0	172.0	160.0	188.0	234.0	234.0	280.0	208.0	110.0	124.0	129.0	121.0
150	20140912 04:58:27.772	736.0	162.0	0.0	122.0	90.0	96.0	112.0	118.0	117.0	126.0	86.0	121.0	105.0	124.0	103.0	100.0	105.0	108.0	103.0	98.0	126.0	75.0	101.0	111.0	105.0	133.0	121.0	112.0	125.0	137.0	125.0	118.0	121.0	117.0	174.0	159.0	154.0	166.0	159.0	190.0	183.0	194.0	236.0	217.0	237.0	175.0	210.0	212.0	249.0	236.0	277.0	286.0	299.0	315.0	356.0	402.0	393.0	429.0	304.0	368.0	335.0	279.0	297.0	321.0	339.0	308.0	319.0	285.0	282.0	118.0	137.0	165.0	169.0
151	20140912 04:58:27.772	739.0	162.0	0.0	121.0	111.0	107.0	112.0	120.0	119.0	154.0	111.0	89.0	95.0	81.0	100.0	103.0	103.0	97.0	94.0	97.0	89.0	119.0	134.0	107.0	106.0	122.0	156.0	112.0	127.0	139.0	133.0	120.0	143.0	137.0	181.0	162.0	158.0	176.0	193.0	186.0	190.0	183.0	236.0	217.0	237.0	175.0	210.0	213.0	248.0	236.0	277.0	286.0	297.0	314.0	356.0	402.0	393.0	429.0	304.0	367.0	335.0	249.0	296.0	316.0	295.0	281.0	289.0	270.0	272.0	128.0	122.0	155.0	169.0
152	20140912 18:58:35.853	776.0	160.0	0.0	68.0	83.0	103.0	108.0	104.0	91.0	114.0	79.0	106.0	102.0	95.0	121.0	102.0	90.0	116.0	76.0	91.0	119.0	108.0	101.0	87.0	92.0	85.0	112.0	98.0	84.0	82.0	107.0	105.0	135.0	141.0	163.0	108.0	142.0	126.0	150.0	147.0	167.0	160.0	150.0	197.0	164.0	174.0	177.0	181.0	194.0	195.0	192.0	195.0	161.0	195.0	232.0	234.0	208.0	216.0	202.0	276.0	305.0	311.0	289.0	306.0	384.0	368.0	347.0	402.0	362.0	157.0	116.0	163.0	205.0
153	20140912 18:58:35.853	774.0	160.0	0.0	76.0	87.0	94.0	108.0	110.0	101.0	84.0	91.0	106.0	102.0	80.0	121.0	79.0	84.0	114.0	92.0	69.0	119.0	97.0	90.0	101.0	109.0	82.0	91.0	95.0	93.0	93.0	107.0	105.0	135.0	131.0	147.0	102.0	142.0	123.0	136.0	147.0	155.0	152.0	128.0	175.0	164.0	174.0	177.0	146.0	194.0	170.0	155.0	183.0	143.0	157.0	230.0	234.0	186.0	200.0	202.0	258.0	305.0	311.0	289.0	306.0	384.0	364.0	347.0	402.0	362.0	157.0	109.0	173.0	205.0
154	20140912 19:58:31.298	1017.0	154.0	0.0	76.0	120.0	113.0	91.0	96.0	107.0	96.0	132.0	103.0	101.0	117.0	93.0	139.0	87.0	103.0	93.0	73.0	98.0	87.0	86.0	88.0	118.0	85.0	115.0	104.0	91.0	90.0	84.0	100.0	120.0	106.0	137.0	105.0	128.0	117.0	117.0	127.0	129.0	145.0	126.0	122.0	159.0	147.0	148.0	152.0	137.0	158.0	164.0	160.0	157.0	166.0	167.0	196.0	193.0	170.0	213.0	188.0	174.0	173.0	236.0	232.0	318.0	363.0	351.0	369.0	300.0	81.0	122.0	126.0	104.0
155	20140912 22:58:32.88	1014.0	155.0	0.0	95.0	105.0	104.0	102.0	89.0	107.0	106.0	102.0	104.0	93.0	109.0	90.0	101.0	83.0	100.0	84.0	73.0	85.0	103.0	80.0	85.0	82.0	74.0	93.0	104.0	68.0	89.0	73.0	82.0	98.0	92.0	137.0	99.0	102.0	104.0	120.0	112.0	84.0	134.0	112.0	136.0	159.0	131.0	142.0	152.0	150.0	150.0	135.0	167.0	131.0	142.0	162.0	154.0	152.0	170.0	205.0	169.0	161.0	157.0	227.0	228.0	318.0	363.0	351.0	343.0	299.0	101.0	133.0	112.0	116.0
156	20140911 23:58:36.99	1011.0	147.0	0.0	112.0	85.0	110.0	122.0	97.0	107.0	97.0	94.0	101.0	122.0	92.0	84.0	64.0	100.0	65.0	86.0	71.0	78.0	106.0	102.0	95.0	108.0	103.0	95.0	97.0	90.0	121.0	140.0	133.0	121.0	140.0	124.0	166.0	157.0	180.0	138.0	135.0	181.0	171.0	157.0	143.0	168.0	180.0	194.0	166.0	196.0	165.0	180.0	206.0	190.0	218.0	195.0	240.0	255.0	232.0	282.0	312.0	311.0	320.0	346.0	355.0	309.0	302.0	281.0	322.0	289.0	98.0	117.0	102.0	119.0
157	20140912 05:58:32.870	1004.0	147.0	0.0	100.0	81.0	71.0	115.0	93.0	102.0	106.0	111.0	96.0	70.0	101.0	104.0	98.0	83.0	82.0	85.0	75.0	88.0	115.0	96.0	96.0	106.0	81.0	114.0	85.0	104.0	98.0	113.0	118.0	98.0	106.0	123.0	111.0	142.0	113.0	152.0	139.0	119.0	138.0	126.0	177.0	143.0	152.0	181.0	164.0	171.0	165.0	165.0	157.0	181.0	141.0	186.0	205.0	205.0	191.0	273.0	266.0	220.0	265.0	302.0	342.0	233.0	251.0	262.0	289.0	256.0	91.0	108.0	117.0	111.0
158	20140910 09:46:23.762	321.0	140.0	0.0	111.0	97.0	111.0	92.0	107.0	109.0	102.0	88.0	78.0	90.0	98.0	81.0	77.0	85.0	74.0	83.0	77.0	81.0	117.0	97.0	120.0	119.0	98.0	86.0	87.0	92.0	90.0	105.0	103.0	98.0	81.0	82.0	90.0	102.0	128.0	88.0	104.0	113.0	106.0	104.0	138.0	127.0	150.0	160.0	128.0	146.0	147.0	150.0	138.0	110.0	169.0	167.0	137.0	170.0	159.0	160.0	179.0	161.0	168.0	184.0	202.0	173.0	165.0	193.0	199.0	203.0	114.0	120.0	136.0	100.0
159	20140910 17:46:30.625	325.0	139.0	0.0	92.0	109.0	86.0	73.0	96.0	107.0	80.0	104.0	131.0	90.0	131.0	107.0	128.0	100.0	117.0	77.0	97.0	106.0	115.0	103.0	95.0	122.0	89.0	105.0	100.0	85.0	99.0	94.0	103.0	99.0	75.0	95.0	109.0	114.0	97.0	122.0	108.0	132.0	132.0	114.0	156.0	151.0	143.0	174.0	128.0	162.0	130.0	139.0	128.0	153.0	164.0	150.0	178.0	180.0	206.0	164.0	164.0	160.0	173.0	189.0	189.0	167.0	196.0	204.0	226.0	193.0	132.0	92.0	144.0	109.0
160	20140910 13:46:26.290	333.0	138.0	0.0	95.0	98.0	104.0	74.0	115.0	126.0	104.0	82.0	93.0	98.0	96.0	128.0	90.0	89.0	106.0	87.0	115.0	106.0	105.0	97.0	97.0	120.0	84.0	81.0	81.0	93.0	102.0	98.0	103.0	92.0	107.0	86.0	102.0	126.0	112.0	87.0	113.0	120.0	131.0	104.0	107.0	123.0	118.0	142.0	159.0	128.0	151.0	163.0	162.0	128.0	189.0	186.0	170.0	162.0	164.0	174.0	191.0	224.0	159.0	164.0	221.0	179.0	171.0	182.0	188.0	160.0	113.0	136.0	155.0	103.0
161	20140910 09:46:23.762	329.0	138.0	0.0	127.0	97.0	99.0	115.0	82.0	114.0	93.0	110.0	91.0	91.0	77.0	83.0	95.0	92.0	96.0	85.0	94.0	99.0	96.0	103.0	76.0	136.0	80.0	122.0	90.0	92.0	93.0	117.0	117.0	98.0	127.0	120.0	99.0	109.0	101.0	114.0	102.0	125.0	141.0	117.0	112.0	149.0	134.0	135.0	161.0	137.0	136.0	142.0	151.0	136.0	137.0	161.0	181.0	192.0	174.0	187.0	199.0	161.0	171.0	173.0	202.0	164.0	193.0	213.0	222.0	175.0	126.0	142.0	134.0	102.0
163	20140910 09:46:23.762	594.0	120.0	0.0	238.0	261.0	197.0	190.0	231.0	162.0	265.0	200.0	191.0	184.0	164.0	169.0	130.0	126.0	129.0	125.0	148.0	135.0	139.0	128.0	130.0	149.0	100.0	126.0	125.0	118.0	128.0	128.0	160.0	126.0	145.0	133.0	131.0	109.0	138.0	98.0	110.0	109.0	109.0	93.0	120.0	114.0	113.0	97.0	94.0	97.0	104.0	102.0	100.0	96.0	99.0	105.0	88.0	103.0	103.0	106.0	84.0	99.0	78.0	103.0	96.0	108.0	93.0	85.0	102.0	108.0	106.0	95.0	112.0	101.0
164	20140912 23:58:34.896	60.0	112.0	0.0	82.0	78.0	89.0	84.0	65.0	75.0	140.0	81.0	94.0	83.0	95.0	90.0	92.0	77.0	83.0	88.0	78.0	74.0	83.0	78.0	106.0	82.0	92.0	92.0	76.0	74.0	86.0	63.0	55.0	83.0	77.0	98.0	107.0	84.0	65.0	55.0	79.0	81.0	54.0	75.0	82.0	83.0	90.0	81.0	97.0	76.0	68.0	78.0	70.0	92.0	86.0	68.0	93.0	77.0	78.0	80.0	5568.0	74.0	80.0	70.0	76.0	79.0	77.0	67.0	79.0	113.0	87.0	95.0	120.0	131.0
165	20140912 23:58:34.896	57.0	112.0	0.0	95.0	82.0	72.0	88.0	111.0	81.0	84.0	62.0	122.0	93.0	89.0	96.0	70.0	84.0	104.0	73.0	80.0	93.0	87.0	96.0	100.0	65.0	98.0	97.0	64.0	58.0	64.0	93.0	82.0	74.0	85.0	98.0	82.0	70.0	71.0	75.0	96.0	63.0	84.0	69.0	87.0	78.0	91.0	86.0	76.0	81.0	93.0	67.0	92.0	92.0	83.0	83.0	102.0	86.0	99.0	83.0	5568.0	66.0	76.0	71.0	99.0	79.0	75.0	80.0	87.0	109.0	110.0	102.0	120.0	140.0
166	20140912 03:58:27.144	772.0	80.0	0.0	85.0	107.0	101.0	146.0	100.0	101.0	90.0	77.0	105.0	81.0	90.0	100.0	123.0	77.0	104.0	91.0	94.0	82.0	121.0	99.0	104.0	124.0	110.0	95.0	117.0	85.0	87.0	101.0	87.0	102.0	107.0	87.0	126.0	97.0	130.0	104.0	119.0	130.0	161.0	161.0	190.0	172.0	150.0	219.0	173.0	202.0	162.0	202.0	208.0	172.0	235.0	243.0	215.0	229.0	208.0	224.0	210.0	227.0	234.0	236.0	242.0	275.0	292.0	298.0	301.0	279.0	158.0	138.0	150.0	90.0
167	20140912 04:58:27.772	769.0	79.0	0.0	80.0	88.0	88.0	118.0	91.0	94.0	93.0	87.0	99.0	111.0	106.0	110.0	82.0	93.0	88.0	88.0	83.0	82.0	101.0	101.0	113.0	124.0	110.0	95.0	121.0	76.0	118.0	108.0	97.0	97.0	113.0	84.0	97.0	130.0	130.0	99.0	119.0	130.0	147.0	158.0	175.0	168.0	163.0	186.0	173.0	202.0	161.0	184.0	183.0	169.0	217.0	180.0	207.0	229.0	182.0	224.0	207.0	227.0	190.0	236.0	253.0	275.0	292.0	298.0	301.0	279.0	138.0	121.0	159.0	143.0
168	20140913 07:58:29.212	826.0	51.0	0.0	0.0	0.0	0.0	0.0	0.0	0.0	0.0	0.0	0.0	0.0	0.0	0.0	0.0	0.0	0.0	0.0	26.0	60.0	86.0	77.0	106.0	62.0	82.0	82.0	91.0	70.0	105.0	84.0	96.0	74.0	84.0	72.0	91.0	78.0	65.0	77.0	120.0	99.0	91.0	76.0	92.0	55.0	85.0	86.0	84.0	94.0	92.0	78.0	69.0	100.0	75.0	96.0	109.0	85.0	121.0	83.0	71.0	97.0	77.0	79.0	76.0	86.0	1294.0	101.0	106.0	90.0	89.0	108.0	119.0	105.0
169	20140913 07:58:29.212	826.0	49.0	0.0	0.0	0.0	0.0	0.0	0.0	0.0	0.0	0.0	0.0	0.0	0.0	0.0	0.0	0.0	0.0	0.0	2.0	50.0	64.0	75.0	106.0	62.0	89.0	74.0	74.0	85.0	105.0	76.0	77.0	85.0	84.0	96.0	92.0	77.0	67.0	73.0	120.0	97.0	97.0	76.0	85.0	63.0	85.0	79.0	69.0	94.0	75.0	76.0	80.0	100.0	77.0	87.0	119.0	99.0	121.0	83.0	81.0	95.0	89.0	78.0	74.0	124.0	1294.0	101.0	115.0	78.0	89.0	108.0	108.0	114.0
170	20140912 19:58:31.298	647.0	14.0	0.0	0.0	0.0	0.0	0.0	0.0	0.0	0.0	0.0	0.0	0.0	0.0	0.0	0.0	0.0	0.0	0.0	0.0	0.0	0.0	0.0	0.0	0.0	0.0	0.0	0.0	0.0	0.0	0.0	0.0	0.0	0.0	0.0	0.0	0.0	0.0	0.0	0.0	0.0	0.0	0.0	0.0	0.0	0.0	0.0	0.0	0.0	0.0	0.0	0.0	1.0	31.0	77.0	194.0	271.0	269.0	281.0	256.0	273.0	259.0	304.0	288.0	228.0	248.0	217.0	221.0	247.0	107.0	93.0	114.0	94.0
171	20140912 20:58:31.286	651.0	13.0	0.0	0.0	0.0	0.0	0.0	0.0	0.0	0.0	0.0	0.0	0.0	0.0	0.0	0.0	0.0	0.0	0.0	0.0	0.0	0.0	0.0	0.0	0.0	0.0	0.0	0.0	0.0	0.0	0.0	0.0	0.0	0.0	0.0	0.0	0.0	0.0	0.0	0.0	0.0	0.0	0.0	0.0	0.0	0.0	0.0	0.0	0.0	0.0	0.0	0.0	0.0	1.0	18.0	123.0	341.0	283.0	305.0	314.0	242.0	258.0	282.0	273.0	227.0	225.0	206.0	214.0	180.0	89.0	140.0	102.0	119.0
172	20140912 19:58:31.298	449.0	14.0	0.0	0.0	0.0	0.0	0.0	0.0	0.0	0.0	0.0	0.0	0.0	0.0	0.0	0.0	0.0	0.0	0.0	0.0	0.0	0.0	0.0	0.0	0.0	0.0	0.0	0.0	0.0	0.0	0.0	0.0	0.0	0.0	0.0	0.0	0.0	0.0	0.0	0.0	0.0	0.0	0.0	0.0	0.0	0.0	0.0	0.0	0.0	0.0	0.0	0.0	1.0	22.0	84.0	201.0	256.0	221.0	215.0	228.0	246.0	204.0	250.0	204.0	205.0	181.0	191.0	233.0	248.0	135.0	153.0	135.0	131.0
173	20140912 18:58:35.853	446.0	15.0	0.0	0.0	0.0	0.0	0.0	0.0	0.0	0.0	0.0	0.0	0.0	0.0	0.0	0.0	0.0	0.0	0.0	0.0	0.0	0.0	0.0	0.0	0.0	0.0	0.0	0.0	0.0	0.0	0.0	0.0	0.0	0.0	0.0	0.0	0.0	0.0	0.0	0.0	0.0	0.0	0.0	0.0	0.0	0.0	0.0	0.0	0.0	0.0	0.0	0.0	2.0	68.0	141.0	166.0	256.0	203.0	215.0	214.0	224.0	204.0	250.0	186.0	225.0	181.0	200.0	223.0	255.0	144.0	121.0	96.0	131.0
174	20140912 23:58:34.896	688.0	7.0	0.0	0.0	0.0	0.0	0.0	0.0	0.0	0.0	0.0	0.0	0.0	0.0	0.0	0.0	0.0	0.0	0.0	0.0	0.0	0.0	0.0	0.0	0.0	0.0	0.0	0.0	0.0	0.0	0.0	0.0	0.0	0.0	0.0	0.0	0.0	0.0	0.0	0.0	0.0	0.0	0.0	0.0	0.0	0.0	0.0	0.0	0.0	0.0	0.0	0.0	0.0	0.0	0.0	0.0	0.0	12.0	165.0	247.0	356.0	325.0	284.0	274.0	225.0	235.0	245.0	281.0	214.0	153.0	98.0	133.0	107.0
175	20140912 23:58:34.896	685.0	6.0	0.0	0.0	0.0	0.0	0.0	0.0	0.0	0.0	0.0	0.0	0.0	0.0	0.0	0.0	0.0	0.0	0.0	0.0	0.0	0.0	0.0	0.0	0.0	0.0	0.0	0.0	0.0	0.0	0.0	0.0	0.0	0.0	0.0	0.0	0.0	0.0	0.0	0.0	0.0	0.0	0.0	0.0	0.0	0.0	0.0	0.0	0.0	0.0	0.0	0.0	0.0	0.0	0.0	0.0	0.0	3.0	55.0	162.0	219.0	288.0	271.0	274.0	225.0	246.0	245.0	281.0	214.0	121.0	115.0	151.0	141.0
